#!ascii label  , from subject sub-01 vox2ras=TkReg
1982
74799  -51.809  -23.389  54.963 0.0000000000
63864  -39.166  -29.768  68.117 0.0000000000
73469  -48.372  -24.661  47.748 0.0000000000
58044  -44.913  -34.828  59.308 0.0000000000
64039  -53.855  -30.704  55.484 0.0000000000
68800  -46.896  -26.894  61.934 0.0000000000
62399  -35.531  -30.429  56.744 0.0000000000
64134  -41.127  -30.498  50.565 0.0000000000
59243  -31.059  -33.158  71.672 0.0000000000
73492  -60.952  -24.295  48.428 0.0000000000
57991  -30.010  -35.263  62.447 0.0000000000
60975  -48.405  -31.819  55.749 0.0000000000
58064  -50.171  -34.806  57.866 0.0000000000
62388  -53.470  -30.457  58.202 0.0000000000
76270  -47.754  -22.507  58.710 0.0000000000
70422  -44.299  -26.391  56.043 0.0000000000
68972  -47.244  -26.799  51.484 0.0000000000
61000  -42.738  -32.482  55.200 0.0000000000
75114  -63.150  -23.259  44.022 0.0000000000
68622  -32.789  -27.414  68.233 0.0000000000
56635  -32.248  -35.862  67.476 0.0000000000
59371  -34.121  -31.664  64.014 0.0000000000
68975  -51.437  -27.080  51.546 0.0000000000
63902  -43.569  -30.433  65.565 0.0000000000
60849  -38.314  -31.788  62.010 0.0000000000
67245  -41.384  -28.820  59.796 0.0000000000
65757  -38.205  -29.031  52.505 0.0000000000
65459  -25.787  -29.061  70.407 0.0000000000
79345  -56.053  -20.418  55.234 0.0000000000
80902  -54.147  -19.405  50.956 0.0000000000
79428  -60.547  -20.474  50.411 0.0000000000
76498  -54.040  -22.961  46.530 0.0000000000
75130  -55.695  -22.961  42.964 0.0000000000
59314  -29.148  -33.994  66.473 0.0000000000
62351  -30.736  -31.474  59.488 0.0000000000
67316  -50.990  -28.399  54.758 0.0000000000
62406  -51.107  -31.749  56.485 0.0000000000
68894  -52.684  -27.310  56.297 0.0000000000
76302  -49.116  -21.689  56.699 0.0000000000
74822  -47.611  -23.327  54.538 0.0000000000
71976  -50.098  -25.232  53.656 0.0000000000
67332  -48.918  -29.156  53.131 0.0000000000
70623  -45.727  -26.616  45.159 0.0000000000
73569  -47.972  -23.832  44.380 0.0000000000
67089  -36.441  -27.989  67.859 0.0000000000
65536  -34.156  -29.421  65.595 0.0000000000
63898  -36.544  -30.190  64.732 0.0000000000
59500  -46.492  -33.616  56.940 0.0000000000
58083  -51.928  -34.121  56.724 0.0000000000
56775  -50.992  -35.351  53.913 0.0000000000
61029  -51.528  -32.771  53.999 0.0000000000
65763  -49.886  -30.415  52.210 0.0000000000
67335  -52.364  -28.727  53.675 0.0000000000
65593  -45.273  -28.877  63.737 0.0000000000
65608  -42.706  -29.391  62.223 0.0000000000
67237  -43.703  -28.326  60.888 0.0000000000
68950  -43.214  -27.025  51.735 0.0000000000
68920  -41.669  -27.370  54.326 0.0000000000
67376  -39.917  -28.480  50.261 0.0000000000
59476  -43.345  -33.899  58.528 0.0000000000
80864  -54.703  -18.982  53.815 0.0000000000
77927  -57.387  -22.188  48.790 0.0000000000
74981  -56.755  -23.270  47.342 0.0000000000
75078  -53.805  -23.428  44.530 0.0000000000
75081  -57.457  -23.612  44.865 0.0000000000
76596  -60.504  -22.291  41.599 0.0000000000
62158  -29.050  -30.749  70.951 0.0000000000
63860  -28.848  -31.016  67.743 0.0000000000
59281  -30.391  -33.759  69.261 0.0000000000
56659  -31.136  -35.790  64.369 0.0000000000
53889  -30.581  -37.456  66.837 0.0000000000
53942  -30.261  -37.459  63.945 0.0000000000
62355  -36.421  -31.118  59.722 0.0000000000
60856  -34.721  -32.191  60.577 0.0000000000
62380  -32.925  -31.472  57.538 0.0000000000
60919  -46.834  -32.571  58.264 0.0000000000
59452  -47.419  -33.930  59.143 0.0000000000
60875  -49.095  -33.149  59.748 0.0000000000
58012  -51.516  -34.057  60.291 0.0000000000
60926  -54.026  -32.768  58.226 0.0000000000
71852  -47.114  -25.346  60.396 0.0000000000
70353  -45.988  -26.409  59.126 0.0000000000
73313  -46.359  -24.700  57.429 0.0000000000
71972  -45.552  -25.155  53.552 0.0000000000
65808  -44.526  -29.153  50.322 0.0000000000
62494  -42.661  -31.617  53.062 0.0000000000
64085  -45.682  -30.390  52.530 0.0000000000
62451  -45.701  -31.631  54.856 0.0000000000
73545  -61.602  -24.295  46.252 0.0000000000
77972  -65.351  -22.265  46.261 0.0000000000
63802  -31.595  -30.540  70.727 0.0000000000
56594  -31.904  -35.489  70.629 0.0000000000
60706  -32.441  -32.637  68.922 0.0000000000
60729  -31.564  -32.458  66.900 0.0000000000
60806  -30.417  -32.478  63.915 0.0000000000
58100  -49.015  -34.182  55.305 0.0000000000
67382  -48.710  -28.927  50.552 0.0000000000
70564  -49.788  -25.901  49.713 0.0000000000
62235  -41.492  -31.256  66.702 0.0000000000
60763  -38.669  -31.971  64.737 0.0000000000
62294  -41.027  -31.433  63.789 0.0000000000
63948  -39.546  -30.166  61.274 0.0000000000
64011  -38.474  -29.389  57.948 0.0000000000
67273  -42.432  -27.564  57.608 0.0000000000
67286  -40.115  -28.583  56.720 0.0000000000
65727  -36.978  -29.571  54.793 0.0000000000
77744  -53.958  -21.594  57.880 0.0000000000
65481  -40.811  -29.599  69.249 0.0000000000
65540  -45.104  -29.042  65.690 0.0000000000
67194  -46.658  -27.535  64.541 0.0000000000
73297  -54.733  -24.283  58.418 0.0000000000
68862  -55.352  -27.458  58.312 0.0000000000
68880  -55.715  -28.111  56.991 0.0000000000
77811  -58.489  -21.070  55.757 0.0000000000
70475  -55.300  -25.767  54.668 0.0000000000
73426  -54.050  -24.793  53.107 0.0000000000
76411  -51.962  -22.714  51.816 0.0000000000
77899  -51.080  -21.878  49.716 0.0000000000
80905  -56.906  -19.581  50.203 0.0000000000
79468  -54.364  -20.491  48.875 0.0000000000
76494  -50.188  -22.294  46.897 0.0000000000
75075  -51.162  -23.278  44.639 0.0000000000
76561  -58.449  -22.913  43.309 0.0000000000
63857  -25.763  -30.410  67.559 0.0000000000
56656  -27.882  -35.486  64.872 0.0000000000
55342  -30.177  -36.094  68.970 0.0000000000
55351  -28.638  -36.881  67.058 0.0000000000
60810  -36.228  -32.386  63.329 0.0000000000
62305  -32.465  -30.929  62.341 0.0000000000
60853  -29.520  -32.913  60.713 0.0000000000
59443  -28.635  -33.707  58.960 0.0000000000
71936  -51.646  -25.880  54.709 0.0000000000
68909  -51.693  -27.418  55.279 0.0000000000
71938  -52.839  -25.258  55.611 0.0000000000
77806  -51.299  -21.614  55.728 0.0000000000
76350  -49.577  -22.564  54.838 0.0000000000
73383  -50.836  -24.785  54.276 0.0000000000
70470  -50.221  -26.593  54.015 0.0000000000
70599  -47.484  -26.498  47.587 0.0000000000
72059  -47.026  -25.613  46.394 0.0000000000
73567  -46.682  -24.909  44.908 0.0000000000
73512  -47.663  -24.118  45.798 0.0000000000
65515  -37.885  -29.070  67.457 0.0000000000
67145  -36.640  -28.602  66.547 0.0000000000
65538  -38.010  -29.594  66.316 0.0000000000
56731  -44.815  -35.307  58.471 0.0000000000
58060  -45.528  -34.713  58.056 0.0000000000
60977  -52.842  -32.425  55.801 0.0000000000
61003  -51.870  -32.774  54.859 0.0000000000
62456  -52.740  -31.436  54.800 0.0000000000
65750  -52.154  -29.961  53.692 0.0000000000
67318  -52.755  -29.595  54.311 0.0000000000
67219  -46.223  -28.218  63.373 0.0000000000
67217  -44.489  -28.534  62.377 0.0000000000
68798  -45.352  -27.708  61.545 0.0000000000
67399  -42.062  -28.221  49.549 0.0000000000
67361  -41.281  -27.728  51.116 0.0000000000
65830  -40.561  -29.344  49.674 0.0000000000
62539  -38.804  -31.229  50.769 0.0000000000
59449  -43.631  -34.269  59.501 0.0000000000
58041  -42.976  -34.882  59.112 0.0000000000
56729  -43.468  -35.374  59.405 0.0000000000
74983  -58.758  -23.614  48.202 0.0000000000
75018  -58.523  -23.682  47.286 0.0000000000
75047  -56.972  -23.552  45.778 0.0000000000
73543  -59.788  -24.259  46.803 0.0000000000
60670  -30.144  -31.896  71.318 0.0000000000
62174  -29.747  -31.936  70.354 0.0000000000
59256  -30.198  -33.376  70.907 0.0000000000
56667  -30.633  -35.625  63.561 0.0000000000
53943  -31.036  -36.741  64.286 0.0000000000
55406  -30.483  -36.218  62.934 0.0000000000
52542  -29.272  -38.278  63.055 0.0000000000
55417  -29.734  -36.249  61.892 0.0000000000
62383  -35.372  -31.076  57.768 0.0000000000
60915  -34.944  -31.709  58.389 0.0000000000
62397  -33.969  -31.303  56.694 0.0000000000
60945  -47.078  -32.352  57.103 0.0000000000
60894  -47.551  -32.709  59.225 0.0000000000
60921  -48.905  -32.285  57.776 0.0000000000
62386  -52.465  -31.612  57.592 0.0000000000
60898  -51.638  -32.882  58.455 0.0000000000
60876  -52.777  -32.871  59.256 0.0000000000
58067  -53.189  -33.803  59.001 0.0000000000
60878  -54.066  -32.337  59.208 0.0000000000
73296  -47.068  -23.905  59.448 0.0000000000
71881  -46.629  -25.231  58.778 0.0000000000
74743  -46.999  -23.458  57.973 0.0000000000
73422  -47.885  -24.544  52.587 0.0000000000
73381  -46.426  -24.348  54.434 0.0000000000
72005  -46.677  -25.551  51.586 0.0000000000
70547  -45.416  -26.547  50.630 0.0000000000
68970  -46.145  -27.843  50.748 0.0000000000
65780  -45.522  -29.536  50.990 0.0000000000
67347  -46.817  -29.111  51.685 0.0000000000
64052  -48.788  -30.811  54.149 0.0000000000
62473  -47.182  -31.342  54.099 0.0000000000
62453  -47.478  -31.746  54.855 0.0000000000
60944  -46.168  -32.402  57.161 0.0000000000
67087  -31.578  -28.737  68.939 0.0000000000
62187  -32.055  -31.150  69.445 0.0000000000
63861  -32.222  -29.948  68.105 0.0000000000
60746  -34.378  -30.972  65.159 0.0000000000
60745  -33.585  -31.208  66.136 0.0000000000
60759  -33.132  -31.446  65.279 0.0000000000
60756  -30.629  -33.000  65.027 0.0000000000
62273  -31.825  -31.462  64.309 0.0000000000
58046  -49.061  -34.304  58.291 0.0000000000
59502  -48.603  -34.032  57.085 0.0000000000
58081  -49.536  -34.613  56.725 0.0000000000
58140  -51.107  -34.504  53.137 0.0000000000
56791  -50.404  -35.465  53.308 0.0000000000
56807  -50.445  -35.179  52.331 0.0000000000
67366  -50.604  -28.499  51.882 0.0000000000
65811  -49.326  -29.364  51.277 0.0000000000
68973  -49.966  -28.160  51.361 0.0000000000
69013  -49.143  -27.430  50.006 0.0000000000
70552  -51.060  -26.138  50.859 0.0000000000
63886  -42.571  -30.622  66.733 0.0000000000
62259  -41.113  -31.703  65.712 0.0000000000
63913  -41.720  -31.131  64.564 0.0000000000
65637  -42.164  -29.086  60.870 0.0000000000
63950  -41.217  -29.856  62.043 0.0000000000
65635  -40.526  -29.425  60.433 0.0000000000
63981  -39.160  -29.781  59.559 0.0000000000
65667  -39.903  -29.065  58.759 0.0000000000
70374  -45.121  -26.433  57.867 0.0000000000
68858  -44.431  -26.987  58.091 0.0000000000
68876  -43.877  -26.722  56.808 0.0000000000
67331  -40.277  -28.050  53.355 0.0000000000
68904  -40.685  -27.704  55.130 0.0000000000
67313  -39.540  -28.608  54.529 0.0000000000
65715  -38.714  -29.273  55.722 0.0000000000
62469  -42.922  -32.297  53.989 0.0000000000
67175  -45.970  -27.841  65.430 0.0000000000
73234  -47.407  -24.476  62.537 0.0000000000
74761  -54.535  -23.523  58.055 0.0000000000
74746  -55.792  -23.386  58.607 0.0000000000
73317  -56.655  -24.428  57.854 0.0000000000
67262  -55.736  -28.218  57.821 0.0000000000
71925  -57.157  -24.911  56.938 0.0000000000
77809  -57.374  -21.397  55.460 0.0000000000
73388  -56.231  -24.282  55.377 0.0000000000
76352  -55.998  -22.436  55.314 0.0000000000
71977  -54.663  -25.000  54.108 0.0000000000
76351  -55.082  -22.467  54.872 0.0000000000
80877  -54.011  -19.115  52.376 0.0000000000
77841  -52.913  -21.672  53.233 0.0000000000
79387  -52.711  -20.838  52.235 0.0000000000
77867  -51.662  -22.314  51.209 0.0000000000
79421  -52.635  -20.696  50.434 0.0000000000
80907  -59.273  -19.520  50.336 0.0000000000
76449  -55.811  -22.250  48.206 0.0000000000
77925  -55.505  -21.100  48.643 0.0000000000
77924  -54.176  -21.498  48.080 0.0000000000
77946  -52.393  -21.502  47.526 0.0000000000
76468  -52.680  -22.124  46.897 0.0000000000
75040  -50.727  -22.735  45.618 0.0000000000
76527  -52.515  -23.073  45.582 0.0000000000
75106  -54.238  -23.291  43.667 0.0000000000
75105  -53.257  -23.412  43.717 0.0000000000
75128  -53.537  -23.282  42.769 0.0000000000
75052  -62.536  -23.824  45.462 0.0000000000
75084  -60.913  -23.632  44.841 0.0000000000
75112  -61.191  -23.348  43.993 0.0000000000
60727  -29.402  -32.527  67.043 0.0000000000
62228  -27.846  -31.338  66.374 0.0000000000
60739  -29.140  -32.818  66.068 0.0000000000
59350  -28.429  -33.543  64.508 0.0000000000
57943  -28.854  -34.759  65.992 0.0000000000
55331  -32.065  -36.373  69.207 0.0000000000
55329  -30.648  -36.008  69.629 0.0000000000
55344  -31.526  -36.794  68.683 0.0000000000
53888  -29.617  -37.390  66.837 0.0000000000
51185  -27.802  -39.300  66.264 0.0000000000
60813  -39.020  -32.238  63.433 0.0000000000
59355  -37.729  -32.460  63.962 0.0000000000
60833  -37.317  -32.457  62.528 0.0000000000
62353  -33.103  -31.571  59.238 0.0000000000
62321  -33.834  -31.636  61.105 0.0000000000
62337  -31.727  -31.145  60.358 0.0000000000
62318  -30.464  -31.642  61.728 0.0000000000
62350  -29.852  -31.650  59.894 0.0000000000
56727  -28.631  -34.969  59.190 0.0000000000
64054  -50.240  -30.318  54.928 0.0000000000
62404  -49.588  -31.842  56.031 0.0000000000
65716  -50.826  -29.898  55.314 0.0000000000
65702  -51.953  -29.550  56.161 0.0000000000
67274  -53.140  -28.703  57.259 0.0000000000
76286  -48.553  -21.684  57.976 0.0000000000
76284  -47.431  -22.814  57.266 0.0000000000
76324  -48.920  -22.093  55.570 0.0000000000
74849  -48.553  -23.488  53.783 0.0000000000
70515  -48.641  -26.018  52.536 0.0000000000
67349  -48.712  -28.282  52.516 0.0000000000
68937  -49.531  -27.065  53.239 0.0000000000
65748  -49.435  -29.573  53.781 0.0000000000
73586  -48.173  -24.655  42.384 0.0000000000
68648  -35.225  -27.717  67.397 0.0000000000
67142  -33.481  -28.263  66.821 0.0000000000
67115  -35.294  -28.102  66.692 0.0000000000
65558  -35.925  -29.443  64.977 0.0000000000
62254  -35.461  -31.267  64.485 0.0000000000
56743  -51.357  -34.947  57.333 0.0000000000
56762  -50.565  -35.298  55.532 0.0000000000
58102  -51.430  -34.310  55.333 0.0000000000
59570  -51.210  -33.852  53.672 0.0000000000
59569  -50.829  -33.313  53.319 0.0000000000
61055  -49.694  -32.476  52.391 0.0000000000
62475  -50.829  -31.343  53.273 0.0000000000
65765  -51.169  -29.524  52.754 0.0000000000
68954  -51.746  -27.507  52.384 0.0000000000
63916  -44.425  -29.632  64.279 0.0000000000
63923  -42.792  -30.035  63.799 0.0000000000
65591  -44.177  -29.229  63.375 0.0000000000
65625  -42.986  -29.038  61.563 0.0000000000
67236  -42.873  -28.608  60.502 0.0000000000
70467  -43.390  -26.508  54.151 0.0000000000
68907  -42.687  -26.769  55.031 0.0000000000
70492  -42.100  -26.727  53.002 0.0000000000
67345  -40.509  -28.069  52.256 0.0000000000
67358  -38.812  -28.565  51.249 0.0000000000
65802  -37.433  -29.566  50.938 0.0000000000
65803  -38.348  -29.299  50.510 0.0000000000
60971  -43.390  -32.655  56.087 0.0000000000
59497  -42.076  -33.863  57.332 0.0000000000
83868  -56.884  -17.506  54.480 0.0000000000
80842  -55.465  -19.343  54.681 0.0000000000
83884  -56.569  -16.992  53.527 0.0000000000
83897  -55.285  -17.568  52.474 0.0000000000
82332  -55.422  -18.390  51.372 0.0000000000
76423  -60.246  -22.258  50.213 0.0000000000
77883  -59.351  -21.410  50.165 0.0000000000
76452  -58.914  -22.967  49.525 0.0000000000
76472  -56.719  -23.115  47.911 0.0000000000
74980  -55.711  -23.277  47.025 0.0000000000
75013  -53.673  -23.365  45.893 0.0000000000
75015  -55.458  -23.445  46.258 0.0000000000
75080  -56.050  -23.544  44.817 0.0000000000
75108  -56.629  -23.196  43.657 0.0000000000
76566  -63.599  -22.724  43.379 0.0000000000
76564  -61.577  -22.667  43.370 0.0000000000
76582  -62.057  -22.385  42.523 0.0000000000
65447  -27.766  -29.263  71.033 0.0000000000
65489  -27.292  -29.632  68.840 0.0000000000
63817  -28.868  -30.420  69.404 0.0000000000
62199  -29.830  -32.161  68.945 0.0000000000
60728  -29.658  -33.378  67.667 0.0000000000
55368  -31.714  -36.284  65.900 0.0000000000
53891  -31.837  -36.879  66.581 0.0000000000
53925  -31.481  -36.755  65.116 0.0000000000
53923  -30.039  -37.477  65.115 0.0000000000
52529  -29.234  -37.973  65.560 0.0000000000
52528  -28.499  -38.683  65.329 0.0000000000
52536  -29.121  -38.418  64.359 0.0000000000
60859  -37.205  -31.894  60.785 0.0000000000
60847  -36.442  -32.491  61.557 0.0000000000
60868  -35.367  -32.106  59.749 0.0000000000
59445  -33.992  -31.951  58.964 0.0000000000
62365  -32.100  -31.533  58.443 0.0000000000
60870  -44.994  -33.842  59.911 0.0000000000
59451  -46.429  -34.138  59.498 0.0000000000
60872  -46.378  -33.474  59.810 0.0000000000
59425  -48.252  -34.011  59.798 0.0000000000
58029  -49.563  -34.337  59.588 0.0000000000
60922  -50.053  -32.549  57.856 0.0000000000
59427  -50.349  -33.736  60.145 0.0000000000
56732  -50.836  -35.042  59.117 0.0000000000
58049  -52.046  -34.594  58.875 0.0000000000
59482  -53.351  -33.625  57.954 0.0000000000
62410  -54.186  -31.593  56.640 0.0000000000
70332  -47.200  -26.239  60.979 0.0000000000
68823  -46.075  -27.023  60.418 0.0000000000
70355  -46.998  -25.960  60.004 0.0000000000
70399  -45.967  -25.754  57.951 0.0000000000
71920  -45.695  -25.464  56.606 0.0000000000
73361  -46.904  -24.050  55.880 0.0000000000
71952  -46.020  -25.024  55.050 0.0000000000
70469  -44.848  -25.702  54.453 0.0000000000
70495  -44.342  -26.174  52.750 0.0000000000
69011  -43.632  -27.874  50.209 0.0000000000
65806  -42.946  -29.635  49.833 0.0000000000
64082  -42.390  -31.149  52.185 0.0000000000
64111  -44.090  -30.405  51.303 0.0000000000
64064  -44.428  -31.086  52.845 0.0000000000
62470  -44.121  -31.428  53.701 0.0000000000
64087  -47.368  -30.304  52.810 0.0000000000
62471  -45.299  -31.313  53.948 0.0000000000
62425  -44.284  -32.190  55.548 0.0000000000
60972  -44.487  -32.411  56.482 0.0000000000
60917  -44.752  -33.311  58.674 0.0000000000
73516  -61.625  -24.452  47.145 0.0000000000
74987  -63.574  -23.771  47.492 0.0000000000
75020  -64.223  -23.780  46.621 0.0000000000
75055  -65.110  -23.649  45.819 0.0000000000
75089  -65.486  -23.309  44.854 0.0000000000
75118  -66.329  -23.136  43.460 0.0000000000
60673  -32.237  -32.617  71.681 0.0000000000
57868  -31.611  -34.623  71.291 0.0000000000
59272  -32.773  -33.776  70.627 0.0000000000
57894  -33.030  -33.895  70.092 0.0000000000
57903  -32.090  -34.771  68.239 0.0000000000
62214  -33.109  -31.028  67.045 0.0000000000
60730  -31.899  -32.478  67.484 0.0000000000
57917  -31.693  -34.735  67.015 0.0000000000
57930  -30.745  -34.363  65.606 0.0000000000
57955  -30.591  -34.699  64.531 0.0000000000
59370  -29.942  -34.217  63.485 0.0000000000
59479  -46.586  -33.814  58.263 0.0000000000
59525  -47.319  -33.516  55.923 0.0000000000
56773  -49.949  -35.147  55.011 0.0000000000
70562  -48.382  -26.923  49.167 0.0000000000
72036  -49.130  -25.486  48.827 0.0000000000
62215  -40.192  -30.795  67.218 0.0000000000
62232  -38.863  -31.158  65.993 0.0000000000
62258  -40.039  -31.693  65.704 0.0000000000
60789  -39.682  -32.087  64.179 0.0000000000
60814  -39.909  -31.812  63.406 0.0000000000
62309  -41.163  -30.696  63.152 0.0000000000
62308  -40.225  -31.087  63.026 0.0000000000
60850  -39.099  -31.490  62.122 0.0000000000
62342  -38.220  -30.553  60.625 0.0000000000
63979  -37.690  -30.205  58.868 0.0000000000
64008  -36.738  -30.034  57.177 0.0000000000
68822  -45.017  -27.455  60.352 0.0000000000
68840  -43.416  -27.809  59.856 0.0000000000
67257  -41.905  -28.265  58.505 0.0000000000
68891  -42.267  -27.288  56.239 0.0000000000
68873  -41.477  -27.750  57.124 0.0000000000
67270  -40.136  -28.641  58.004 0.0000000000
65701  -39.496  -28.785  57.231 0.0000000000
65699  -38.106  -29.525  56.636 0.0000000000
62467  -40.983  -32.021  53.317 0.0000000000
77786  -51.839  -21.250  56.213 0.0000000000
76304  -52.970  -22.604  56.002 0.0000000000
65434  -27.505  -29.052  72.109 0.0000000000
62135  -31.404  -31.327  72.294 0.0000000000
65449  -31.359  -30.276  71.565 0.0000000000
68578  -31.843  -27.777  70.448 0.0000000000
68603  -35.577  -27.178  68.987 0.0000000000
67071  -36.850  -28.108  68.966 0.0000000000
65478  -38.393  -28.751  68.764 0.0000000000
63842  -40.077  -30.303  68.856 0.0000000000
63867  -41.425  -30.363  67.785 0.0000000000
63868  -42.238  -30.348  67.408 0.0000000000
63887  -43.391  -30.401  66.417 0.0000000000
65518  -44.213  -29.393  66.537 0.0000000000
63889  -44.656  -29.637  65.877 0.0000000000
65562  -45.429  -29.020  65.073 0.0000000000
67192  -46.028  -28.526  64.602 0.0000000000
68749  -46.742  -27.449  63.518 0.0000000000
70286  -47.314  -26.025  62.820 0.0000000000
71825  -47.471  -25.325  62.250 0.0000000000
73262  -47.502  -23.872  60.791 0.0000000000
77764  -50.052  -20.802  57.447 0.0000000000
73338  -53.563  -24.560  56.572 0.0000000000
70401  -53.761  -26.355  57.131 0.0000000000
68860  -54.170  -27.852  58.008 0.0000000000
74733  -55.276  -23.143  58.772 0.0000000000
71882  -54.987  -25.347  58.345 0.0000000000
65669  -54.321  -29.559  58.866 0.0000000000
63985  -55.247  -30.444  58.760 0.0000000000
64014  -54.922  -30.475  57.569 0.0000000000
67290  -54.841  -29.230  56.436 0.0000000000
71939  -56.536  -25.249  55.990 0.0000000000
68913  -55.717  -26.616  55.540 0.0000000000
67320  -53.949  -28.029  55.238 0.0000000000
70473  -53.868  -26.940  54.324 0.0000000000
68956  -53.299  -26.548  53.053 0.0000000000
70517  -52.725  -26.069  52.328 0.0000000000
77842  -53.775  -21.672  53.945 0.0000000000
74872  -53.008  -23.886  52.577 0.0000000000
72006  -52.022  -25.299  51.527 0.0000000000
73450  -50.980  -24.637  50.709 0.0000000000
74932  -50.075  -23.853  49.946 0.0000000000
76431  -49.619  -23.321  49.014 0.0000000000
82348  -57.565  -18.557  50.461 0.0000000000
80904  -55.825  -19.234  50.393 0.0000000000
79448  -57.206  -20.766  49.515 0.0000000000
79446  -55.582  -20.262  49.392 0.0000000000
79445  -54.534  -19.902  49.785 0.0000000000
79443  -52.599  -20.747  49.450 0.0000000000
77944  -50.809  -21.728  48.310 0.0000000000
74978  -49.070  -23.156  47.843 0.0000000000
75039  -49.337  -23.149  45.410 0.0000000000
75073  -49.183  -23.474  44.488 0.0000000000
75124  -50.218  -23.559  43.220 0.0000000000
75077  -52.924  -23.435  44.517 0.0000000000
75126  -51.724  -23.471  42.940 0.0000000000
73597  -50.169  -24.116  41.677 0.0000000000
75049  -59.697  -24.059  45.783 0.0000000000
75109  -57.960  -23.410  43.975 0.0000000000
76560  -57.521  -22.823  43.316 0.0000000000
76579  -58.910  -22.532  42.495 0.0000000000
76578  -57.883  -22.511  42.555 0.0000000000
76576  -56.021  -22.702  42.387 0.0000000000
63858  -26.940  -30.494  67.631 0.0000000000
57892  -30.640  -34.912  69.920 0.0000000000
57901  -30.250  -35.085  68.858 0.0000000000
56634  -29.566  -35.648  67.973 0.0000000000
53879  -30.280  -36.976  67.784 0.0000000000
55352  -29.699  -36.416  68.033 0.0000000000
56633  -29.166  -35.830  67.170 0.0000000000
55359  -28.542  -36.175  66.508 0.0000000000
62255  -37.982  -31.263  64.683 0.0000000000
62278  -37.254  -31.304  64.301 0.0000000000
59373  -34.835  -32.069  63.799 0.0000000000
60846  -35.510  -32.412  61.556 0.0000000000
60830  -34.667  -32.082  62.645 0.0000000000
62291  -33.451  -31.271  63.196 0.0000000000
62304  -31.206  -31.230  62.617 0.0000000000
60829  -29.673  -33.169  62.488 0.0000000000
59392  -29.510  -34.331  61.679 0.0000000000
62394  -31.372  -31.512  56.801 0.0000000000
60912  -30.385  -31.618  57.717 0.0000000000
60885  -29.362  -32.213  58.668 0.0000000000
59416  -28.961  -33.733  59.783 0.0000000000
58022  -29.116  -34.701  60.214 0.0000000000
56697  -29.584  -35.607  61.381 0.0000000000
73385  -51.990  -24.868  54.700 0.0000000000
71937  -52.283  -25.620  55.001 0.0000000000
73363  -52.429  -24.509  55.224 0.0000000000
76326  -51.527  -22.256  55.209 0.0000000000
74798  -51.077  -22.699  54.849 0.0000000000
74826  -51.403  -23.922  54.620 0.0000000000
71955  -51.155  -25.552  54.565 0.0000000000
72047  -47.919  -25.479  47.592 0.0000000000
70613  -47.055  -26.168  46.894 0.0000000000
72046  -47.415  -25.566  47.013 0.0000000000
73511  -47.223  -24.840  46.176 0.0000000000
73489  -47.694  -24.531  46.901 0.0000000000
65516  -38.568  -29.520  67.779 0.0000000000
65539  -38.396  -29.577  67.064 0.0000000000
62435  -53.591  -31.549  55.840 0.0000000000
62434  -52.960  -31.765  55.302 0.0000000000
64056  -53.301  -31.032  55.122 0.0000000000
64055  -52.885  -30.805  54.657 0.0000000000
65734  -53.354  -30.156  54.914 0.0000000000
68775  -46.473  -27.652  62.843 0.0000000000
68774  -45.939  -27.760  62.250 0.0000000000
68799  -46.323  -27.365  61.668 0.0000000000
64151  -42.159  -29.648  49.660 0.0000000000
65831  -41.616  -29.130  49.526 0.0000000000
58025  -44.112  -34.831  59.896 0.0000000000
56728  -43.069  -35.137  59.598 0.0000000000
56722  -43.854  -35.290  59.708 0.0000000000
56730  -44.212  -35.482  59.132 0.0000000000
73513  -59.301  -24.034  47.928 0.0000000000
73514  -59.991  -24.350  47.785 0.0000000000
73542  -59.207  -24.059  47.183 0.0000000000
73515  -60.793  -24.445  47.479 0.0000000000
59242  -30.370  -32.847  71.338 0.0000000000
60685  -30.052  -32.296  70.876 0.0000000000
59257  -30.662  -33.694  71.262 0.0000000000
56680  -30.283  -35.594  62.706 0.0000000000
55405  -30.102  -36.339  62.454 0.0000000000
55418  -30.170  -35.982  62.394 0.0000000000
62384  -36.285  -30.479  57.611 0.0000000000
62398  -34.705  -30.834  56.834 0.0000000000
60946  -47.935  -32.230  56.594 0.0000000000
60920  -47.789  -32.480  58.052 0.0000000000
60947  -48.914  -31.958  56.444 0.0000000000
62387  -53.078  -31.149  57.744 0.0000000000
60925  -52.728  -31.882  58.033 0.0000000000
62371  -53.254  -31.789  58.541 0.0000000000
62357  -53.225  -32.313  59.016 0.0000000000
62372  -53.619  -30.957  58.671 0.0000000000
74731  -47.371  -23.279  59.532 0.0000000000
74744  -47.143  -23.353  58.796 0.0000000000
71990  -47.357  -25.224  51.979 0.0000000000
70534  -47.232  -25.960  51.435 0.0000000000
70533  -46.437  -26.254  51.080 0.0000000000
68971  -46.542  -27.247  51.063 0.0000000000
67363  -46.675  -28.325  51.272 0.0000000000
67364  -47.232  -27.696  51.497 0.0000000000
62454  -48.484  -31.429  54.786 0.0000000000
62474  -47.811  -31.366  54.287 0.0000000000
61002  -48.181  -31.825  55.368 0.0000000000
62403  -47.590  -31.843  56.062 0.0000000000
67088  -31.983  -28.266  68.418 0.0000000000
65492  -31.683  -29.282  68.614 0.0000000000
65513  -32.147  -29.072  67.706 0.0000000000
59335  -34.464  -31.393  64.586 0.0000000000
59334  -33.814  -31.299  65.305 0.0000000000
60783  -33.385  -31.442  64.936 0.0000000000
62251  -32.773  -31.457  65.001 0.0000000000
60782  -33.592  -31.425  64.570 0.0000000000
58063  -49.602  -34.587  57.679 0.0000000000
58062  -49.098  -34.338  57.456 0.0000000000
58164  -50.796  -34.327  52.635 0.0000000000
67367  -51.218  -27.875  51.925 0.0000000000
68974  -50.644  -27.646  51.377 0.0000000000
68991  -49.856  -27.481  50.632 0.0000000000
68992  -50.771  -26.876  50.939 0.0000000000
63901  -42.782  -30.870  65.929 0.0000000000
63914  -42.625  -30.637  64.851 0.0000000000
67234  -41.535  -28.886  60.159 0.0000000000
65622  -40.974  -29.340  60.992 0.0000000000
65636  -41.353  -29.110  60.437 0.0000000000
65651  -39.817  -29.520  59.639 0.0000000000
65652  -40.656  -29.125  59.532 0.0000000000
70397  -44.718  -26.353  57.103 0.0000000000
68893  -43.715  -26.602  56.143 0.0000000000
67330  -39.560  -28.456  53.474 0.0000000000
65746  -38.937  -28.982  53.543 0.0000000000
65729  -38.801  -29.060  54.616 0.0000000000
65745  -38.069  -29.197  53.619 0.0000000000
71903  -56.871  -25.048  57.336 0.0000000000
80844  -57.750  -19.396  55.128 0.0000000000
79346  -57.245  -20.386  55.367 0.0000000000
76353  -56.808  -22.306  55.342 0.0000000000
77827  -56.541  -21.444  55.375 0.0000000000
74828  -55.456  -23.312  54.973 0.0000000000
77826  -55.520  -21.505  55.121 0.0000000000
80889  -53.693  -19.434  51.625 0.0000000000
80876  -53.451  -19.792  52.533 0.0000000000
79406  -53.131  -20.175  51.896 0.0000000000
79405  -52.644  -20.734  51.477 0.0000000000
79422  -53.492  -19.920  50.755 0.0000000000
80925  -60.933  -19.714  49.724 0.0000000000
80909  -60.830  -19.655  50.110 0.0000000000
80908  -60.224  -19.517  50.474 0.0000000000
79427  -59.725  -20.489  50.447 0.0000000000
76470  -54.802  -22.598  47.353 0.0000000000
76448  -55.091  -21.848  48.006 0.0000000000
77948  -53.968  -22.167  47.529 0.0000000000
77947  -53.323  -21.814  47.489 0.0000000000
76469  -53.626  -22.466  47.009 0.0000000000
76526  -51.957  -22.688  45.740 0.0000000000
76497  -52.935  -22.853  46.217 0.0000000000
75107  -55.349  -23.374  43.697 0.0000000000
75129  -54.648  -23.059  42.543 0.0000000000
75086  -62.780  -23.553  44.779 0.0000000000
75085  -61.830  -23.500  44.840 0.0000000000
75113  -62.182  -23.200  44.041 0.0000000000
65472  -25.967  -29.285  69.607 0.0000000000
60740  -29.372  -33.320  66.859 0.0000000000
59332  -28.910  -33.782  65.477 0.0000000000
56621  -32.324  -35.713  68.762 0.0000000000
55345  -32.211  -36.662  68.151 0.0000000000
52503  -28.133  -38.471  66.767 0.0000000000
60834  -38.196  -32.255  62.691 0.0000000000
59386  -37.910  -32.512  62.971 0.0000000000
62352  -31.960  -31.421  59.351 0.0000000000
62338  -32.864  -31.329  60.181 0.0000000000
62336  -30.530  -31.479  60.633 0.0000000000
65731  -50.585  -29.658  54.868 0.0000000000
65732  -51.292  -28.987  55.025 0.0000000000
67305  -52.242  -27.726  55.682 0.0000000000
67288  -51.921  -29.053  56.105 0.0000000000
67289  -52.496  -28.324  56.359 0.0000000000
65703  -52.551  -29.439  56.739 0.0000000000
68877  -53.259  -27.562  57.086 0.0000000000
76301  -48.154  -22.380  56.519 0.0000000000
74851  -50.194  -24.020  53.685 0.0000000000
74824  -49.251  -23.081  54.271 0.0000000000
73405  -49.782  -24.556  53.510 0.0000000000
73404  -48.771  -24.413  53.166 0.0000000000
71975  -49.486  -25.410  53.324 0.0000000000
68936  -49.196  -26.767  52.983 0.0000000000
70497  -49.634  -26.231  53.545 0.0000000000
68924  -50.869  -27.333  54.510 0.0000000000
68923  -50.251  -27.766  53.992 0.0000000000
67315  -50.173  -28.914  54.137 0.0000000000
65730  -49.953  -29.674  54.320 0.0000000000
69059  -46.253  -27.088  45.960 0.0000000000
73577  -48.342  -23.986  43.528 0.0000000000
68649  -35.950  -27.860  67.704 0.0000000000
68668  -34.892  -28.008  66.719 0.0000000000
67116  -36.026  -28.190  67.159 0.0000000000
65559  -36.934  -29.615  65.331 0.0000000000
67168  -36.370  -28.826  65.632 0.0000000000
63897  -35.292  -30.269  64.740 0.0000000000
63910  -36.114  -30.747  64.612 0.0000000000
59499  -45.684  -34.261  56.922 0.0000000000
56753  -51.193  -34.947  56.086 0.0000000000
61030  -51.969  -32.389  54.487 0.0000000000
59548  -51.509  -33.638  54.609 0.0000000000
61028  -50.765  -32.327  53.470 0.0000000000
62476  -51.487  -31.679  53.799 0.0000000000
65749  -51.505  -29.961  53.179 0.0000000000
67334  -51.670  -29.326  53.243 0.0000000000
67352  -51.441  -28.544  52.663 0.0000000000
67353  -52.113  -27.903  53.025 0.0000000000
65576  -45.005  -29.280  64.192 0.0000000000
65592  -44.699  -29.212  63.690 0.0000000000
67226  -44.352  -28.192  61.502 0.0000000000
67216  -43.998  -28.593  62.017 0.0000000000
67225  -43.585  -28.653  61.512 0.0000000000
65638  -42.660  -29.087  61.082 0.0000000000
70511  -43.082  -26.770  52.430 0.0000000000
70493  -42.808  -26.589  53.289 0.0000000000
70510  -42.475  -26.879  52.532 0.0000000000
67377  -40.810  -28.261  50.406 0.0000000000
67346  -41.112  -27.856  51.849 0.0000000000
67359  -39.686  -28.300  51.231 0.0000000000
67375  -39.193  -28.742  50.533 0.0000000000
59498  -42.733  -33.657  57.796 0.0000000000
60941  -42.668  -33.466  56.868 0.0000000000
83885  -57.472  -16.748  54.036 0.0000000000
85533  -57.750  -16.149  51.340 0.0000000000
85518  -56.617  -16.489  52.275 0.0000000000
85532  -56.963  -16.542  51.636 0.0000000000
83917  -56.171  -17.462  51.596 0.0000000000
74957  -60.957  -23.341  49.855 0.0000000000
76454  -60.956  -22.550  49.274 0.0000000000
76437  -61.079  -22.406  50.059 0.0000000000
74914  -60.409  -22.822  50.392 0.0000000000
76435  -59.296  -22.431  49.895 0.0000000000
74933  -59.433  -23.142  49.667 0.0000000000
74982  -57.779  -23.373  47.651 0.0000000000
74954  -57.934  -23.188  48.434 0.0000000000
74953  -57.199  -23.208  47.987 0.0000000000
76471  -56.065  -23.007  47.796 0.0000000000
75016  -56.381  -23.507  46.481 0.0000000000
75048  -58.484  -23.786  46.157 0.0000000000
76584  -64.082  -22.609  42.562 0.0000000000
76583  -63.075  -22.492  42.526 0.0000000000
65448  -28.275  -29.654  70.613 0.0000000000
63800  -28.267  -29.776  70.013 0.0000000000
63801  -28.642  -30.025  70.295 0.0000000000
60705  -29.988  -32.893  69.595 0.0000000000
60717  -29.944  -33.105  68.653 0.0000000000
55367  -31.580  -36.127  65.491 0.0000000000
53926  -31.573  -36.590  65.488 0.0000000000
55373  -31.436  -36.280  65.001 0.0000000000
53924  -31.005  -37.254  64.975 0.0000000000
62341  -37.283  -30.919  60.624 0.0000000000
62340  -36.615  -31.551  60.369 0.0000000000
60869  -35.925  -31.666  59.837 0.0000000000
60914  -34.297  -31.686  58.292 0.0000000000
59471  -34.226  -31.875  58.723 0.0000000000
60913  -33.848  -31.703  58.468 0.0000000000
62366  -32.945  -31.519  58.397 0.0000000000
60892  -45.734  -33.245  59.361 0.0000000000
60871  -45.614  -33.713  59.879 0.0000000000
60893  -46.582  -32.830  59.352 0.0000000000
60895  -48.518  -32.659  59.080 0.0000000000
60873  -47.338  -33.306  59.787 0.0000000000
60874  -48.363  -33.270  59.694 0.0000000000
59426  -49.483  -33.846  60.184 0.0000000000
62405  -50.317  -31.924  56.153 0.0000000000
60948  -49.704  -32.343  56.815 0.0000000000
60949  -50.599  -32.342  56.968 0.0000000000
59456  -51.366  -33.469  59.137 0.0000000000
59455  -50.412  -33.525  59.431 0.0000000000
59403  -51.055  -33.959  60.340 0.0000000000
59401  -50.097  -34.203  60.392 0.0000000000
56711  -50.995  -34.784  60.221 0.0000000000
56724  -51.406  -34.914  59.402 0.0000000000
58031  -51.845  -34.602  59.745 0.0000000000
60900  -54.243  -33.157  58.840 0.0000000000
59483  -53.614  -33.450  58.517 0.0000000000
59506  -53.590  -33.176  57.830 0.0000000000
60952  -53.899  -32.529  57.138 0.0000000000
60953  -54.407  -31.936  57.295 0.0000000000
70331  -46.761  -26.524  60.404 0.0000000000
73294  -46.432  -24.704  58.213 0.0000000000
71880  -46.176  -25.244  58.105 0.0000000000
71899  -45.743  -25.550  57.065 0.0000000000
71900  -45.993  -25.322  57.203 0.0000000000
76322  -47.447  -23.080  55.909 0.0000000000
74776  -47.168  -23.511  56.249 0.0000000000
74796  -47.362  -23.296  55.419 0.0000000000
73402  -46.283  -24.545  53.431 0.0000000000
71973  -45.904  -24.865  54.220 0.0000000000
71951  -45.389  -25.405  54.593 0.0000000000
71950  -44.991  -25.588  53.969 0.0000000000
71987  -44.843  -25.777  52.234 0.0000000000
68988  -44.901  -27.153  50.429 0.0000000000
68969  -44.342  -26.973  50.941 0.0000000000
67380  -44.541  -28.170  50.176 0.0000000000
67401  -43.714  -28.368  49.927 0.0000000000
65807  -43.738  -29.439  50.046 0.0000000000
64136  -43.330  -29.914  50.640 0.0000000000
64137  -44.111  -29.833  50.552 0.0000000000
65759  -45.493  -30.146  51.800 0.0000000000
64084  -44.785  -30.615  52.217 0.0000000000
64065  -45.092  -31.043  53.043 0.0000000000
65761  -47.168  -29.708  52.152 0.0000000000
65762  -48.158  -29.623  52.648 0.0000000000
62452  -46.630  -31.638  54.853 0.0000000000
62472  -46.262  -31.298  54.037 0.0000000000
62450  -44.696  -31.718  54.778 0.0000000000
62426  -45.143  -32.047  55.650 0.0000000000
60918  -45.821  -32.655  58.472 0.0000000000
60943  -45.060  -32.643  57.489 0.0000000000
60891  -45.144  -33.594  59.521 0.0000000000
74988  -64.534  -23.277  47.068 0.0000000000
76479  -65.331  -22.886  46.967 0.0000000000
75054  -64.098  -23.877  45.660 0.0000000000
75021  -65.413  -23.280  46.713 0.0000000000
75056  -65.983  -23.129  45.768 0.0000000000
75090  -66.125  -23.077  44.539 0.0000000000
75117  -65.757  -23.315  43.835 0.0000000000
76569  -66.434  -22.592  43.996 0.0000000000
62161  -31.818  -31.359  71.243 0.0000000000
60686  -32.422  -32.808  71.234 0.0000000000
62176  -32.368  -32.113  70.834 0.0000000000
62201  -32.374  -31.490  68.755 0.0000000000
59284  -32.820  -33.689  69.935 0.0000000000
59283  -32.594  -33.389  69.325 0.0000000000
57893  -32.568  -34.522  69.461 0.0000000000
59294  -32.160  -33.606  68.546 0.0000000000
65535  -33.417  -29.243  66.219 0.0000000000
63880  -32.795  -29.978  66.793 0.0000000000
63881  -33.604  -30.370  66.135 0.0000000000
60743  -31.971  -31.912  66.293 0.0000000000
60731  -32.539  -31.740  67.221 0.0000000000
59305  -31.656  -33.827  67.820 0.0000000000
59304  -31.329  -33.372  67.046 0.0000000000
57916  -31.171  -34.136  66.662 0.0000000000
59317  -30.816  -33.563  66.331 0.0000000000
60781  -30.767  -32.331  64.470 0.0000000000
59333  -30.466  -33.850  64.786 0.0000000000
60780  -30.328  -33.108  64.309 0.0000000000
60805  -29.950  -33.144  63.488 0.0000000000
59526  -48.356  -33.738  56.063 0.0000000000
56774  -50.449  -35.396  54.394 0.0000000000
56806  -49.738  -35.357  52.528 0.0000000000
62496  -49.782  -31.474  52.280 0.0000000000
64114  -49.381  -30.859  51.664 0.0000000000
65810  -48.823  -29.543  50.811 0.0000000000
67404  -48.605  -28.440  49.979 0.0000000000
70550  -49.544  -26.886  50.107 0.0000000000
69012  -48.569  -27.451  49.459 0.0000000000
70563  -49.038  -26.375  49.520 0.0000000000
70583  -48.745  -26.010  48.755 0.0000000000
72026  -49.630  -25.427  49.382 0.0000000000
62216  -41.034  -30.937  67.316 0.0000000000
62234  -40.582  -31.351  66.566 0.0000000000
62280  -41.287  -31.734  64.765 0.0000000000
60766  -40.883  -32.096  64.940 0.0000000000
60790  -40.526  -31.913  64.244 0.0000000000
62293  -40.408  -31.545  63.489 0.0000000000
63936  -41.890  -29.846  62.717 0.0000000000
63949  -40.516  -29.774  61.470 0.0000000000
63935  -40.851  -30.359  62.396 0.0000000000
62326  -40.015  -30.627  62.044 0.0000000000
60851  -39.616  -31.160  62.369 0.0000000000
62325  -39.263  -30.864  61.724 0.0000000000
62324  -38.372  -31.070  61.429 0.0000000000
63947  -38.830  -30.370  61.014 0.0000000000
63997  -38.804  -29.586  58.736 0.0000000000
63980  -38.430  -30.007  59.238 0.0000000000
63996  -38.137  -29.738  58.440 0.0000000000
63995  -37.522  -30.022  58.064 0.0000000000
64010  -37.925  -29.633  57.701 0.0000000000
68843  -45.981  -26.626  59.623 0.0000000000
68842  -45.339  -26.829  59.240 0.0000000000
68857  -43.407  -27.522  58.707 0.0000000000
67247  -42.673  -28.059  59.226 0.0000000000
67258  -42.582  -27.756  58.194 0.0000000000
68921  -42.325  -26.936  54.315 0.0000000000
68906  -42.278  -27.152  55.202 0.0000000000
68905  -41.489  -27.504  55.357 0.0000000000
67301  -40.254  -28.218  55.551 0.0000000000
67287  -40.895  -28.021  56.559 0.0000000000
67271  -41.045  -28.218  57.666 0.0000000000
65728  -37.925  -29.334  54.738 0.0000000000
65714  -37.730  -29.543  55.992 0.0000000000
64034  -36.966  -29.692  56.190 0.0000000000
65713  -36.724  -29.710  55.527 0.0000000000
62493  -41.733  -31.640  52.754 0.0000000000
67025  -30.795  -28.934  71.472 0.0000000000
68602  -35.162  -26.987  68.878 0.0000000000
63821  -40.290  -29.985  69.338 0.0000000000
63843  -41.069  -30.313  68.868 0.0000000000
63869  -43.031  -30.051  67.141 0.0000000000
67124  -44.602  -29.018  66.406 0.0000000000
67123  -44.178  -28.885  66.637 0.0000000000
63871  -44.364  -29.718  66.319 0.0000000000
65519  -44.710  -29.240  66.197 0.0000000000
63904  -44.917  -29.425  65.381 0.0000000000
68723  -46.292  -27.535  65.056 0.0000000000
67208  -46.776  -27.850  64.273 0.0000000000
67207  -46.750  -28.113  63.942 0.0000000000
68750  -46.800  -27.229  64.048 0.0000000000
70260  -47.140  -26.295  63.567 0.0000000000
70308  -47.228  -26.129  62.058 0.0000000000
73247  -47.511  -24.409  61.617 0.0000000000
73248  -47.613  -23.515  61.531 0.0000000000
79301  -50.876  -20.577  57.033 0.0000000000
77788  -53.500  -22.211  56.761 0.0000000000
74778  -53.600  -23.578  56.600 0.0000000000
76287  -53.868  -22.744  57.091 0.0000000000
73316  -54.345  -24.403  57.676 0.0000000000
71902  -54.489  -25.491  57.752 0.0000000000
68878  -54.089  -27.275  57.672 0.0000000000
70402  -54.318  -26.485  57.723 0.0000000000
71883  -55.620  -25.356  58.414 0.0000000000
70379  -55.186  -26.393  58.293 0.0000000000
68861  -54.615  -27.400  58.203 0.0000000000
67260  -54.820  -28.491  58.478 0.0000000000
65654  -54.675  -29.979  59.308 0.0000000000
67261  -55.373  -28.516  58.193 0.0000000000
67277  -55.840  -27.985  57.458 0.0000000000
67276  -55.442  -28.797  57.564 0.0000000000
65705  -55.216  -29.347  57.067 0.0000000000
65704  -54.836  -29.969  57.038 0.0000000000
67291  -55.338  -28.637  56.723 0.0000000000
79349  -58.851  -20.131  55.441 0.0000000000
74780  -57.933  -22.680  56.116 0.0000000000
74803  -57.481  -23.231  55.694 0.0000000000
70476  -55.759  -25.473  55.163 0.0000000000
71959  -56.124  -25.058  55.497 0.0000000000
70448  -55.315  -26.463  55.172 0.0000000000
68911  -54.641  -27.710  55.698 0.0000000000
68926  -54.231  -27.270  54.955 0.0000000000
68925  -53.552  -27.652  54.581 0.0000000000
70474  -54.621  -26.536  54.493 0.0000000000
71994  -54.303  -25.117  53.388 0.0000000000
70519  -54.141  -25.487  53.241 0.0000000000
70518  -53.746  -25.842  53.002 0.0000000000
71992  -53.302  -25.238  52.489 0.0000000000
80841  -54.459  -19.762  54.379 0.0000000000
79344  -54.914  -20.524  54.911 0.0000000000
79369  -54.157  -20.662  54.151 0.0000000000
77840  -52.715  -22.236  52.872 0.0000000000
76375  -52.920  -22.558  53.158 0.0000000000
76395  -52.683  -22.966  52.695 0.0000000000
73424  -52.863  -24.552  52.304 0.0000000000
73437  -52.243  -24.561  51.755 0.0000000000
73436  -51.552  -24.594  51.296 0.0000000000
74893  -51.747  -23.745  51.545 0.0000000000
77881  -51.453  -22.126  50.620 0.0000000000
74912  -50.635  -23.860  50.356 0.0000000000
76420  -50.380  -23.341  50.055 0.0000000000
74931  -49.663  -23.840  49.337 0.0000000000
76432  -50.126  -22.844  49.461 0.0000000000
80906  -58.142  -19.511  50.221 0.0000000000
82349  -58.760  -18.478  50.231 0.0000000000
82347  -56.490  -18.610  50.698 0.0000000000
77903  -57.630  -21.641  49.241 0.0000000000
79449  -57.935  -20.979  49.711 0.0000000000
77901  -56.047  -20.673  49.109 0.0000000000
79469  -54.998  -20.456  49.194 0.0000000000
79444  -53.478  -20.319  49.645 0.0000000000
79467  -53.358  -20.667  48.689 0.0000000000
76467  -51.696  -21.820  47.017 0.0000000000
77945  -51.467  -21.494  47.864 0.0000000000
76466  -50.662  -21.889  47.475 0.0000000000
76465  -49.757  -22.415  47.640 0.0000000000
75010  -49.405  -22.741  46.626 0.0000000000
75011  -50.314  -22.496  46.394 0.0000000000
75074  -50.127  -23.295  44.630 0.0000000000
75101  -49.678  -23.635  43.766 0.0000000000
75102  -50.613  -23.509  43.898 0.0000000000
75044  -54.225  -23.500  45.326 0.0000000000
75043  -53.379  -23.445  45.202 0.0000000000
75127  -52.635  -23.438  42.918 0.0000000000
75104  -52.357  -23.409  43.768 0.0000000000
73589  -51.145  -23.604  42.649 0.0000000000
73544  -60.698  -24.323  46.492 0.0000000000
75050  -60.733  -24.042  45.608 0.0000000000
75110  -59.091  -23.332  44.091 0.0000000000
75083  -59.870  -23.745  44.868 0.0000000000
76581  -61.012  -22.372  42.507 0.0000000000
76563  -60.540  -22.716  43.365 0.0000000000
76580  -59.955  -22.380  42.507 0.0000000000
76593  -57.357  -22.401  41.682 0.0000000000
76577  -56.833  -22.576  42.672 0.0000000000
63835  -27.787  -30.075  68.667 0.0000000000
63834  -26.569  -29.946  68.464 0.0000000000
63859  -28.040  -30.672  67.749 0.0000000000
62248  -28.311  -31.944  65.714 0.0000000000
60778  -27.372  -32.280  64.315 0.0000000000
57954  -28.446  -34.734  65.075 0.0000000000
59349  -28.219  -34.311  64.275 0.0000000000
57953  -28.180  -34.867  64.506 0.0000000000
56583  -31.419  -35.067  70.902 0.0000000000
56582  -30.999  -35.016  70.587 0.0000000000
56593  -31.226  -35.467  70.419 0.0000000000
55328  -30.353  -35.873  69.366 0.0000000000
56619  -29.963  -35.748  68.721 0.0000000000
57915  -29.850  -35.037  68.178 0.0000000000
53890  -31.407  -37.326  66.659 0.0000000000
53880  -31.178  -37.330  67.528 0.0000000000
53878  -29.033  -37.261  67.221 0.0000000000
52535  -28.418  -38.946  64.645 0.0000000000
51190  -28.143  -39.556  65.092 0.0000000000
62257  -39.183  -31.594  65.503 0.0000000000
63900  -38.578  -30.838  65.739 0.0000000000
62256  -38.513  -31.308  65.134 0.0000000000
60786  -37.255  -32.119  63.883 0.0000000000
60785  -35.997  -31.713  63.905 0.0000000000
60809  -35.221  -32.224  63.550 0.0000000000
60857  -35.526  -32.265  60.636 0.0000000000
62320  -32.694  -31.152  61.239 0.0000000000
62307  -34.260  -31.694  61.921 0.0000000000
62306  -33.552  -31.295  62.074 0.0000000000
62292  -34.195  -31.549  62.675 0.0000000000
62290  -32.113  -31.004  63.481 0.0000000000
60854  -29.956  -32.065  61.059 0.0000000000
60843  -29.841  -32.525  61.730 0.0000000000
60828  -29.557  -33.919  62.224 0.0000000000
60842  -29.541  -33.473  61.603 0.0000000000
60939  -30.647  -31.586  57.027 0.0000000000
62378  -31.294  -31.474  57.666 0.0000000000
60938  -29.682  -31.876  56.804 0.0000000000
59470  -28.562  -33.262  58.137 0.0000000000
60910  -28.835  -32.534  57.968 0.0000000000
60884  -28.709  -32.818  58.842 0.0000000000
60863  -29.322  -32.552  59.614 0.0000000000
59415  -28.781  -33.580  59.370 0.0000000000
56719  -28.775  -35.380  59.668 0.0000000000
56710  -29.242  -35.476  60.521 0.0000000000
58008  -29.328  -34.883  61.107 0.0000000000
55425  -29.251  -36.279  60.802 0.0000000000
70444  -51.285  -27.095  54.880 0.0000000000
68908  -51.296  -27.799  54.966 0.0000000000
70445  -51.719  -26.502  55.026 0.0000000000
70446  -52.401  -26.321  55.469 0.0000000000
70424  -52.822  -26.464  56.139 0.0000000000
76303  -49.969  -21.435  56.318 0.0000000000
76325  -50.292  -21.936  55.403 0.0000000000
74825  -50.593  -23.506  54.346 0.0000000000
73406  -50.424  -24.612  53.852 0.0000000000
71953  -49.927  -25.811  53.826 0.0000000000
71954  -50.480  -25.583  54.163 0.0000000000
70471  -50.980  -26.411  54.570 0.0000000000
70581  -47.588  -26.974  48.152 0.0000000000
70598  -46.801  -26.741  47.021 0.0000000000
70612  -46.597  -26.470  46.357 0.0000000000
70624  -46.137  -26.403  45.586 0.0000000000
70634  -45.896  -26.074  44.845 0.0000000000
72076  -46.822  -25.223  45.766 0.0000000000
73540  -47.089  -24.604  45.345 0.0000000000
73541  -47.611  -24.037  44.971 0.0000000000
67117  -37.051  -28.383  67.486 0.0000000000
65514  -37.391  -28.914  66.768 0.0000000000
65537  -37.210  -29.118  65.994 0.0000000000
65560  -37.548  -29.678  65.668 0.0000000000
59478  -46.020  -34.008  57.573 0.0000000000
59529  -52.720  -33.107  56.359 0.0000000000
59528  -52.124  -33.341  55.675 0.0000000000
60976  -52.283  -32.646  55.316 0.0000000000
61004  -52.401  -32.167  54.951 0.0000000000
62477  -52.159  -31.950  54.259 0.0000000000
64072  -52.226  -30.980  54.159 0.0000000000
65733  -52.674  -30.310  54.353 0.0000000000
65611  -45.033  -28.873  63.345 0.0000000000
67218  -45.502  -28.430  62.814 0.0000000000
67227  -44.925  -28.211  62.078 0.0000000000
68797  -44.678  -27.697  61.020 0.0000000000
68985  -42.494  -27.581  50.211 0.0000000000
68966  -42.033  -27.269  51.053 0.0000000000
67378  -41.559  -27.795  50.253 0.0000000000
67398  -41.146  -28.564  49.847 0.0000000000
65829  -39.953  -28.907  49.671 0.0000000000
65804  -39.482  -29.450  49.974 0.0000000000
65805  -40.087  -29.957  49.897 0.0000000000
62540  -39.418  -31.418  50.953 0.0000000000
59448  -43.156  -34.524  58.988 0.0000000000
56738  -43.097  -35.235  59.072 0.0000000000
74956  -59.953  -23.476  49.360 0.0000000000
74984  -59.457  -23.625  48.721 0.0000000000
75017  -57.480  -23.514  46.764 0.0000000000
60669  -29.532  -31.452  71.117 0.0000000000
62173  -29.448  -31.239  70.235 0.0000000000
60684  -29.656  -31.688  70.734 0.0000000000
60696  -29.940  -32.500  70.436 0.0000000000
59270  -30.349  -33.767  70.196 0.0000000000
56668  -31.019  -36.001  63.967 0.0000000000
55390  -31.205  -36.279  64.304 0.0000000000
55389  -30.841  -36.254  63.757 0.0000000000
53951  -30.602  -36.734  63.465 0.0000000000
53950  -29.883  -37.048  62.605 0.0000000000
53956  -29.231  -37.092  61.372 0.0000000000
62369  -36.108  -30.799  58.701 0.0000000000
60890  -35.801  -31.354  59.215 0.0000000000
62368  -35.489  -31.392  58.632 0.0000000000
62382  -34.506  -31.408  57.594 0.0000000000
62381  -33.712  -31.552  57.649 0.0000000000
62407  -51.993  -31.192  56.926 0.0000000000
60923  -51.043  -32.578  57.772 0.0000000000
60924  -52.004  -32.161  57.755 0.0000000000
59457  -52.146  -33.155  58.939 0.0000000000
59429  -52.126  -33.576  59.554 0.0000000000
58032  -52.148  -34.049  59.987 0.0000000000
59430  -53.066  -33.265  59.396 0.0000000000
59431  -53.755  -32.922  59.390 0.0000000000
59459  -54.182  -32.894  59.251 0.0000000000
73276  -47.024  -24.576  59.850 0.0000000000
71866  -46.849  -25.214  59.551 0.0000000000
73295  -46.743  -24.304  58.838 0.0000000000
73314  -46.604  -24.079  57.730 0.0000000000
73403  -47.431  -23.889  53.634 0.0000000000
73382  -46.924  -23.790  54.873 0.0000000000
73420  -46.186  -24.765  52.688 0.0000000000
71988  -45.573  -25.224  52.448 0.0000000000
72003  -45.208  -25.672  51.578 0.0000000000
70532  -45.609  -25.934  50.886 0.0000000000
68989  -45.865  -27.111  50.545 0.0000000000
67381  -45.493  -27.925  50.375 0.0000000000
67362  -45.948  -28.588  50.787 0.0000000000
65781  -46.293  -29.091  51.288 0.0000000000
65760  -46.237  -29.758  51.887 0.0000000000
65747  -48.753  -29.950  53.317 0.0000000000
64068  -48.107  -30.826  53.536 0.0000000000
62427  -46.222  -31.907  55.910 0.0000000000
62401  -46.646  -32.091  56.579 0.0000000000
65476  -31.603  -29.320  69.501 0.0000000000
63818  -31.701  -30.413  69.895 0.0000000000
63837  -31.875  -30.326  68.935 0.0000000000
62200  -32.167  -30.971  68.865 0.0000000000
63839  -32.606  -30.927  68.028 0.0000000000
62231  -34.142  -30.863  65.714 0.0000000000
62230  -33.553  -30.992  66.472 0.0000000000
60744  -32.989  -31.508  66.279 0.0000000000
60742  -31.247  -32.432  66.270 0.0000000000
60758  -32.103  -31.746  65.545 0.0000000000
62249  -31.626  -31.756  64.731 0.0000000000
62272  -31.286  -31.878  64.496 0.0000000000
59453  -48.379  -34.067  58.787 0.0000000000
59480  -47.873  -33.865  58.117 0.0000000000
59481  -48.610  -34.145  57.970 0.0000000000
59503  -49.084  -34.308  56.744 0.0000000000
59527  -49.095  -34.177  56.248 0.0000000000
56792  -50.961  -35.056  53.171 0.0000000000
65783  -50.238  -29.203  52.070 0.0000000000
65782  -49.756  -29.803  51.772 0.0000000000
67365  -49.778  -28.880  51.632 0.0000000000
67383  -49.272  -28.582  50.828 0.0000000000
67405  -49.256  -28.003  50.321 0.0000000000
70551  -50.191  -26.348  50.182 0.0000000000
62236  -42.063  -30.905  66.798 0.0000000000
62260  -42.117  -31.295  66.294 0.0000000000
62281  -41.975  -31.293  65.381 0.0000000000
65607  -42.178  -29.504  61.985 0.0000000000
65623  -41.608  -29.467  61.508 0.0000000000
63965  -39.807  -29.713  60.566 0.0000000000
63964  -39.232  -30.024  60.415 0.0000000000
63982  -39.504  -29.801  60.024 0.0000000000
65650  -39.452  -29.581  59.399 0.0000000000
65684  -39.091  -29.176  58.255 0.0000000000
68859  -45.141  -26.605  58.409 0.0000000000
68875  -43.038  -27.266  57.352 0.0000000000
68919  -40.888  -27.681  54.331 0.0000000000
67314  -40.123  -28.001  54.411 0.0000000000
67300  -39.495  -28.835  55.589 0.0000000000
65496  -41.539  -29.645  68.751 0.0000000000
67093  -41.810  -28.900  68.325 0.0000000000
67152  -45.115  -28.364  66.095 0.0000000000
67174  -45.743  -28.457  65.322 0.0000000000
67153  -45.705  -27.615  65.754 0.0000000000
77727  -54.037  -20.961  58.289 0.0000000000
76272  -54.155  -22.320  57.578 0.0000000000
77745  -54.469  -21.792  58.276 0.0000000000
76273  -54.581  -22.517  58.119 0.0000000000
74745  -54.833  -23.222  58.584 0.0000000000
74747  -56.509  -23.510  58.146 0.0000000000
71884  -56.370  -25.353  58.064 0.0000000000
68863  -55.980  -27.475  57.843 0.0000000000
70403  -56.434  -26.173  57.349 0.0000000000
71924  -56.892  -25.261  56.675 0.0000000000
82292  -58.118  -17.890  54.999 0.0000000000
80845  -58.411  -19.586  55.328 0.0000000000
77810  -57.945  -21.327  55.584 0.0000000000
76354  -57.446  -22.555  55.514 0.0000000000
74829  -56.485  -23.330  55.325 0.0000000000
73387  -55.640  -24.142  54.963 0.0000000000
70500  -54.905  -25.470  54.255 0.0000000000
71957  -55.160  -24.716  54.626 0.0000000000
73386  -54.801  -24.086  54.470 0.0000000000
74853  -54.089  -23.507  54.111 0.0000000000
82304  -54.320  -18.817  53.031 0.0000000000
80863  -53.979  -19.740  53.361 0.0000000000
80862  -53.423  -20.165  53.072 0.0000000000
77854  -52.734  -21.195  52.660 0.0000000000
77853  -52.523  -21.738  52.283 0.0000000000
77868  -52.004  -21.586  51.182 0.0000000000
77882  -51.918  -21.333  50.111 0.0000000000
82350  -59.841  -18.503  50.260 0.0000000000
77926  -56.668  -21.812  48.657 0.0000000000
77923  -53.004  -21.076  47.975 0.0000000000
76495  -50.998  -22.297  46.519 0.0000000000
76525  -51.427  -22.506  46.013 0.0000000000
75041  -51.869  -23.098  45.212 0.0000000000
75079  -54.806  -23.471  44.591 0.0000000000
75138  -52.769  -23.480  41.943 0.0000000000
73546  -62.455  -24.188  46.077 0.0000000000
75051  -61.665  -23.884  45.542 0.0000000000
75111  -60.160  -23.291  44.083 0.0000000000
76595  -59.437  -22.346  41.592 0.0000000000
63833  -25.429  -30.048  68.406 0.0000000000
62212  -29.192  -31.641  67.395 0.0000000000
62211  -28.388  -31.149  67.093 0.0000000000
62229  -28.768  -31.841  66.569 0.0000000000
60755  -28.544  -32.749  65.139 0.0000000000
60779  -28.116  -32.647  64.407 0.0000000000
56657  -28.223  -35.414  65.316 0.0000000000
56607  -32.391  -35.653  69.833 0.0000000000
55310  -31.317  -35.944  70.106 0.0000000000
55330  -31.359  -36.369  69.434 0.0000000000
55343  -30.578  -36.598  68.644 0.0000000000
53904  -29.932  -37.521  66.095 0.0000000000
53876  -27.615  -38.188  66.943 0.0000000000
52488  -27.756  -38.465  67.012 0.0000000000
51176  -27.703  -39.082  67.087 0.0000000000
60788  -38.874  -32.420  64.204 0.0000000000
60812  -38.280  -32.498  63.524 0.0000000000
59374  -37.621  -32.480  63.582 0.0000000000
60811  -37.094  -32.449  63.176 0.0000000000
62339  -33.584  -31.669  59.986 0.0000000000
60855  -34.160  -31.893  60.593 0.0000000000
62319  -31.473  -30.982  61.471 0.0000000000
62335  -29.721  -32.050  60.419 0.0000000000
56726  -28.218  -35.370  58.671 0.0000000000
58039  -28.562  -34.519  58.929 0.0000000000
62455  -49.284  -31.217  55.035 0.0000000000
62430  -49.094  -31.587  55.552 0.0000000000
62431  -49.992  -31.325  55.291 0.0000000000
64037  -50.659  -30.434  55.342 0.0000000000
64038  -51.362  -30.664  56.019 0.0000000000
67304  -51.611  -28.423  55.361 0.0000000000
65717  -51.317  -29.630  55.638 0.0000000000
64024  -51.999  -30.144  56.311 0.0000000000
64025  -52.498  -30.312  56.914 0.0000000000
62408  -52.698  -30.692  57.251 0.0000000000
64012  -53.171  -30.108  57.510 0.0000000000
76269  -47.433  -22.845  58.075 0.0000000000
76285  -48.019  -22.232  57.547 0.0000000000
76348  -48.204  -22.787  54.970 0.0000000000
76349  -48.709  -22.639  54.911 0.0000000000
74823  -48.312  -23.063  54.481 0.0000000000
71991  -48.254  -25.308  52.299 0.0000000000
70514  -48.006  -26.225  51.935 0.0000000000
68951  -47.970  -27.439  51.959 0.0000000000
68952  -48.860  -26.978  52.671 0.0000000000
67333  -49.598  -28.365  53.276 0.0000000000
64053  -49.624  -30.554  54.528 0.0000000000
70638  -45.821  -26.189  43.925 0.0000000000
68647  -34.072  -27.427  67.429 0.0000000000
67114  -33.397  -27.804  67.319 0.0000000000
68667  -34.441  -27.892  66.825 0.0000000000
67143  -34.567  -28.494  66.125 0.0000000000
67166  -34.726  -29.066  65.546 0.0000000000
67144  -35.727  -28.378  66.212 0.0000000000
67167  -35.362  -28.877  65.516 0.0000000000
63896  -34.366  -29.861  65.256 0.0000000000
63882  -34.348  -30.530  65.205 0.0000000000
62253  -34.827  -30.831  64.696 0.0000000000
59336  -34.903  -31.729  64.353 0.0000000000
56742  -50.761  -35.094  58.093 0.0000000000
56751  -50.057  -34.959  56.680 0.0000000000
56752  -50.535  -35.136  56.842 0.0000000000
56763  -51.127  -35.194  54.863 0.0000000000
58119  -51.341  -34.669  54.049 0.0000000000
59598  -51.025  -33.955  53.002 0.0000000000
59597  -50.530  -33.777  52.630 0.0000000000
59596  -49.772  -33.572  52.191 0.0000000000
61056  -50.231  -32.940  52.885 0.0000000000
62497  -50.274  -31.899  52.834 0.0000000000
64089  -50.379  -30.851  52.644 0.0000000000
64071  -51.455  -30.701  53.438 0.0000000000
64090  -50.992  -30.273  52.908 0.0000000000
65764  -50.454  -29.873  52.402 0.0000000000
67351  -50.799  -29.130  52.336 0.0000000000
63903  -44.413  -29.927  65.263 0.0000000000
63915  -43.663  -30.163  64.555 0.0000000000
63924  -43.707  -29.589  63.575 0.0000000000
63937  -43.056  -29.586  63.000 0.0000000000
65610  -44.591  -28.886  63.064 0.0000000000
65609  -43.651  -29.051  62.612 0.0000000000
65624  -42.418  -29.285  61.522 0.0000000000
67235  -41.873  -28.771  60.239 0.0000000000
70442  -43.989  -26.394  55.017 0.0000000000
70421  -43.665  -26.552  55.662 0.0000000000
68934  -41.755  -27.168  53.364 0.0000000000
68948  -41.846  -27.360  52.173 0.0000000000
68947  -41.261  -27.637  52.603 0.0000000000
68933  -41.069  -27.659  53.369 0.0000000000
67344  -39.490  -28.400  52.304 0.0000000000
67343  -38.700  -28.722  52.011 0.0000000000
65778  -38.093  -28.997  51.430 0.0000000000
64131  -37.646  -30.261  50.621 0.0000000000
64132  -38.640  -30.364  50.348 0.0000000000
60970  -42.262  -33.146  55.990 0.0000000000
59474  -42.009  -34.119  57.359 0.0000000000
59475  -42.622  -34.340  58.117 0.0000000000
58057  -42.216  -34.323  57.359 0.0000000000
83869  -57.778  -17.505  54.669 0.0000000000
80843  -56.712  -19.370  55.079 0.0000000000
82289  -56.267  -18.354  54.685 0.0000000000
83867  -56.030  -17.569  54.201 0.0000000000
82288  -55.334  -18.178  54.154 0.0000000000
85503  -56.560  -16.567  52.881 0.0000000000
83898  -56.124  -17.098  52.690 0.0000000000
82305  -54.837  -18.124  53.145 0.0000000000
82318  -54.847  -18.010  52.537 0.0000000000
82331  -54.842  -18.315  51.708 0.0000000000
80890  -54.558  -18.875  51.428 0.0000000000
77885  -60.711  -21.343  50.145 0.0000000000
77884  -60.084  -21.329  50.288 0.0000000000
76422  -59.748  -21.899  50.182 0.0000000000
76434  -58.391  -22.115  49.557 0.0000000000
76451  -58.120  -22.658  49.191 0.0000000000
74955  -58.893  -23.374  49.091 0.0000000000
76450  -56.991  -22.668  48.340 0.0000000000
76499  -54.578  -23.094  46.706 0.0000000000
75014  -54.571  -23.389  46.152 0.0000000000
75045  -55.174  -23.533  45.479 0.0000000000
75046  -55.995  -23.588  45.745 0.0000000000
75115  -64.101  -23.233  44.079 0.0000000000
76565  -62.600  -22.676  43.366 0.0000000000
65473  -26.889  -29.406  69.291 0.0000000000
65461  -27.866  -29.595  70.085 0.0000000000
63816  -28.214  -29.858  69.609 0.0000000000
63836  -28.844  -30.697  68.470 0.0000000000
62185  -29.427  -31.316  69.220 0.0000000000
62198  -29.411  -31.468  68.279 0.0000000000
62213  -29.633  -32.362  67.989 0.0000000000
59315  -29.393  -33.892  67.146 0.0000000000
55360  -31.922  -36.368  66.606 0.0000000000
55354  -32.099  -36.608  67.222 0.0000000000
53906  -31.477  -37.084  65.828 0.0000000000
53944  -31.343  -36.520  64.647 0.0000000000
53905  -30.828  -37.433  65.901 0.0000000000
62323  -37.682  -31.595  61.357 0.0000000000
60848  -37.398  -32.172  61.647 0.0000000000
60858  -36.384  -32.141  60.618 0.0000000000
60867  -34.723  -32.240  59.807 0.0000000000
60889  -35.348  -31.843  59.081 0.0000000000
59419  -34.747  -32.219  59.339 0.0000000000
59418  -34.272  -32.088  59.266 0.0000000000
60865  -33.456  -31.722  59.182 0.0000000000
62364  -31.110  -31.505  58.519 0.0000000000
58026  -44.955  -34.335  59.876 0.0000000000
58045  -45.591  -34.259  59.751 0.0000000000
58027  -45.467  -34.166  60.101 0.0000000000
59423  -45.998  -33.976  60.090 0.0000000000
59424  -46.974  -33.852  59.860 0.0000000000
58028  -48.963  -34.295  59.084 0.0000000000
58047  -49.608  -34.536  58.605 0.0000000000
60896  -49.545  -33.048  58.926 0.0000000000
60897  -50.633  -33.203  58.518 0.0000000000
58030  -50.357  -34.662  59.712 0.0000000000
58048  -50.245  -34.738  58.865 0.0000000000
56733  -51.433  -34.962  58.464 0.0000000000
58065  -52.079  -34.591  57.858 0.0000000000
58050  -52.555  -34.191  59.286 0.0000000000
58066  -52.873  -34.080  58.288 0.0000000000
59505  -53.023  -33.534  57.179 0.0000000000
60951  -53.247  -32.804  56.541 0.0000000000
60978  -53.502  -32.257  56.354 0.0000000000
62436  -54.001  -31.398  56.144 0.0000000000
68824  -46.911  -27.030  60.991 0.0000000000
70354  -46.445  -26.326  59.664 0.0000000000
70377  -46.737  -25.769  59.329 0.0000000000
70376  -46.341  -25.933  58.721 0.0000000000
70375  -45.670  -26.291  58.373 0.0000000000
70398  -45.517  -25.885  57.327 0.0000000000
70423  -45.100  -25.899  56.331 0.0000000000
73337  -46.709  -24.091  56.799 0.0000000000
73360  -46.436  -24.501  55.454 0.0000000000
73336  -46.345  -24.706  56.480 0.0000000000
71935  -45.934  -24.986  55.983 0.0000000000
71934  -45.510  -25.460  55.634 0.0000000000
70443  -44.767  -25.865  55.174 0.0000000000
70468  -44.384  -26.105  53.989 0.0000000000
70494  -43.648  -26.502  53.128 0.0000000000
70512  -43.776  -26.608  52.070 0.0000000000
72002  -44.745  -25.897  51.639 0.0000000000
70530  -44.216  -26.663  51.433 0.0000000000
68986  -43.301  -27.530  50.509 0.0000000000
69010  -43.128  -27.888  49.945 0.0000000000
65832  -42.507  -29.000  49.509 0.0000000000
64135  -42.262  -30.205  50.395 0.0000000000
64109  -41.823  -30.760  51.365 0.0000000000
64110  -42.913  -30.514  51.433 0.0000000000
64083  -43.604  -31.044  52.510 0.0000000000
64112  -45.000  -30.262  51.358 0.0000000000
62495  -43.339  -31.571  53.319 0.0000000000
62449  -43.714  -32.141  54.861 0.0000000000
67348  -47.530  -28.595  51.972 0.0000000000
64086  -46.534  -30.263  52.699 0.0000000000
64067  -46.881  -30.823  53.375 0.0000000000
64066  -45.933  -30.751  53.333 0.0000000000
60942  -43.777  -33.220  57.537 0.0000000000
60973  -45.434  -32.329  56.504 0.0000000000
60916  -43.924  -33.511  58.452 0.0000000000
59477  -43.977  -33.752  58.977 0.0000000000
59421  -44.470  -34.266  59.857 0.0000000000
73474  -62.554  -24.288  48.453 0.0000000000
73494  -62.460  -24.429  47.688 0.0000000000
73517  -62.444  -24.380  46.839 0.0000000000
75019  -63.559  -23.969  47.027 0.0000000000
73518  -63.283  -24.191  46.573 0.0000000000
73547  -63.167  -24.099  45.910 0.0000000000
75087  -63.695  -23.530  44.840 0.0000000000
76534  -65.897  -22.596  46.011 0.0000000000
75088  -64.607  -23.489  44.907 0.0000000000
75116  -64.996  -23.450  43.941 0.0000000000
76568  -64.970  -23.307  43.279 0.0000000000
75132  -65.364  -23.381  43.292 0.0000000000
75133  -65.863  -23.408  42.807 0.0000000000
76586  -65.570  -23.275  42.205 0.0000000000
57847  -32.229  -32.932  72.084 0.0000000000
59258  -31.216  -34.125  71.337 0.0000000000
59259  -31.916  -33.968  71.414 0.0000000000
57869  -32.242  -34.664  71.161 0.0000000000
57870  -32.674  -34.263  70.827 0.0000000000
60697  -32.621  -33.054  70.507 0.0000000000
59273  -32.863  -33.876  70.227 0.0000000000
57882  -32.496  -34.842  70.416 0.0000000000
65534  -32.645  -28.965  66.860 0.0000000000
63862  -32.584  -30.375  67.648 0.0000000000
62202  -32.682  -31.252  67.789 0.0000000000
60732  -33.010  -31.260  67.047 0.0000000000
60720  -32.741  -31.350  67.483 0.0000000000
60718  -32.299  -32.602  68.364 0.0000000000
56644  -31.832  -35.736  66.459 0.0000000000
56643  -31.573  -35.460  65.970 0.0000000000
57945  -30.903  -35.000  65.150 0.0000000000
59316  -30.613  -33.840  65.561 0.0000000000
57944  -30.699  -34.437  65.263 0.0000000000
57956  -30.957  -35.322  64.670 0.0000000000
57963  -30.387  -34.799  63.761 0.0000000000
57975  -30.124  -34.896  62.947 0.0000000000
62422  -34.187  -30.692  55.803 0.0000000000
58061  -45.766  -34.248  59.042 0.0000000000
59501  -47.566  -33.424  57.105 0.0000000000
56761  -50.027  -35.077  56.064 0.0000000000
58101  -49.550  -34.672  55.657 0.0000000000
58118  -49.460  -34.706  54.703 0.0000000000
58139  -49.256  -34.708  54.142 0.0000000000
58117  -49.039  -34.313  54.492 0.0000000000
64140  -49.283  -30.083  51.163 0.0000000000
69030  -48.066  -27.453  48.898 0.0000000000
69029  -47.716  -27.380  48.403 0.0000000000
70582  -48.159  -26.564  48.537 0.0000000000
72035  -48.536  -25.588  48.214 0.0000000000
73470  -48.953  -24.699  48.378 0.0000000000
63865  -39.700  -30.302  67.882 0.0000000000
63884  -38.844  -30.266  66.681 0.0000000000
63885  -39.619  -30.601  67.047 0.0000000000
62233  -39.614  -31.116  66.422 0.0000000000
60765  -40.290  -32.193  65.014 0.0000000000
60764  -39.450  -32.003  64.886 0.0000000000
60835  -39.021  -31.814  62.750 0.0000000000
63922  -41.837  -30.598  63.850 0.0000000000
60836  -39.588  -31.519  62.727 0.0000000000
63962  -37.894  -30.362  59.825 0.0000000000
63963  -38.708  -30.316  60.062 0.0000000000
62356  -37.035  -30.573  59.372 0.0000000000
62370  -36.980  -30.470  58.350 0.0000000000
62400  -36.218  -30.196  56.887 0.0000000000
68821  -44.112  -27.800  60.533 0.0000000000
68841  -44.306  -27.426  59.452 0.0000000000
68820  -43.509  -28.128  60.463 0.0000000000
67246  -41.952  -28.550  59.523 0.0000000000
68892  -43.093  -26.867  55.953 0.0000000000
68874  -42.092  -27.430  57.118 0.0000000000
68890  -41.525  -27.577  56.389 0.0000000000
67272  -41.919  -27.783  57.740 0.0000000000
67256  -40.976  -28.677  58.848 0.0000000000
67255  -40.322  -28.811  58.692 0.0000000000
65685  -39.385  -28.855  57.909 0.0000000000
67285  -39.308  -28.942  56.460 0.0000000000
65700  -38.628  -29.196  57.047 0.0000000000
64023  -38.244  -29.470  57.400 0.0000000000
64021  -37.142  -29.735  56.789 0.0000000000
64020  -36.536  -29.922  56.543 0.0000000000
64019  -36.004  -30.134  56.377 0.0000000000
77807  -52.164  -21.795  55.672 0.0000000000
76327  -52.378  -22.604  55.507 0.0000000000
77808  -52.633  -22.144  55.860 0.0000000000
77765  -53.267  -21.193  56.980 0.0000000000
79284  -53.503  -21.093  57.421 0.0000000000
65446  -26.645  -28.750  71.134 0.0000000000
63785  -28.134  -29.575  71.683 0.0000000000
63759  -28.270  -29.552  72.207 0.0000000000
62144  -28.917  -30.355  71.356 0.0000000000
60654  -29.599  -31.228  71.548 0.0000000000
60655  -30.017  -31.496  71.952 0.0000000000
60671  -30.541  -32.303  71.819 0.0000000000
60657  -31.084  -31.791  72.494 0.0000000000
59234  -31.401  -32.440  72.160 0.0000000000
62160  -31.571  -30.995  71.511 0.0000000000
67051  -31.460  -28.694  70.741 0.0000000000
65463  -31.513  -29.548  70.383 0.0000000000
67060  -31.728  -28.574  70.116 0.0000000000
68600  -32.318  -27.369  69.139 0.0000000000
68601  -33.091  -26.868  68.799 0.0000000000
70148  -33.872  -26.520  69.120 0.0000000000
68623  -33.780  -26.957  68.294 0.0000000000
68624  -34.917  -27.107  68.451 0.0000000000
68625  -36.060  -27.654  68.381 0.0000000000
67090  -36.972  -28.139  68.462 0.0000000000
67118  -37.588  -28.519  68.113 0.0000000000
65493  -38.152  -28.889  68.373 0.0000000000
65494  -38.946  -29.380  68.630 0.0000000000
65495  -39.268  -29.434  68.846 0.0000000000
63840  -39.239  -29.585  68.595 0.0000000000
63866  -40.585  -30.360  67.972 0.0000000000
63844  -41.865  -30.040  68.175 0.0000000000
62217  -41.779  -30.744  67.167 0.0000000000
63870  -43.814  -29.886  66.624 0.0000000000
63888  -44.178  -30.168  66.110 0.0000000000
65561  -44.969  -29.413  64.800 0.0000000000
65577  -45.443  -28.935  64.403 0.0000000000
67206  -45.912  -28.530  63.835 0.0000000000
68776  -47.016  -26.847  63.007 0.0000000000
71838  -47.390  -25.373  61.314 0.0000000000
73261  -47.323  -24.618  60.670 0.0000000000
73277  -47.309  -23.972  60.083 0.0000000000
74719  -47.478  -23.379  60.193 0.0000000000
77709  -47.784  -22.318  60.889 0.0000000000
76255  -47.723  -22.539  59.844 0.0000000000
76271  -48.366  -21.912  59.073 0.0000000000
77784  -49.872  -21.321  56.893 0.0000000000
77785  -50.703  -21.119  56.404 0.0000000000
74800  -52.967  -23.545  55.738 0.0000000000
73364  -53.217  -24.606  55.862 0.0000000000
71923  -53.290  -25.588  56.362 0.0000000000
74760  -54.145  -23.598  57.386 0.0000000000
71901  -53.909  -25.130  57.139 0.0000000000
70400  -53.166  -26.814  56.678 0.0000000000
67275  -53.756  -28.209  57.750 0.0000000000
65687  -53.650  -29.328  58.030 0.0000000000
74732  -55.048  -22.979  58.843 0.0000000000
73278  -54.967  -23.645  58.824 0.0000000000
76274  -55.591  -22.737  58.666 0.0000000000
73298  -55.283  -24.153  58.747 0.0000000000
70378  -54.693  -26.344  58.059 0.0000000000
67259  -54.240  -28.496  58.243 0.0000000000
63998  -53.682  -30.093  58.732 0.0000000000
63983  -54.175  -30.528  59.334 0.0000000000
62359  -54.468  -31.406  59.017 0.0000000000
62373  -54.811  -31.424  58.412 0.0000000000
65671  -55.305  -29.669  58.373 0.0000000000
64000  -55.320  -30.414  58.201 0.0000000000
62389  -54.656  -31.311  57.558 0.0000000000
64026  -54.532  -30.743  56.818 0.0000000000
65719  -54.366  -30.072  55.975 0.0000000000
74779  -57.670  -23.300  56.462 0.0000000000
73339  -57.007  -24.661  56.221 0.0000000000
70426  -56.476  -26.190  56.347 0.0000000000
73365  -56.805  -24.341  55.762 0.0000000000
68897  -56.052  -26.916  55.911 0.0000000000
68895  -54.849  -28.408  56.225 0.0000000000
67307  -54.256  -28.852  55.692 0.0000000000
67306  -53.832  -29.631  55.381 0.0000000000
67319  -53.356  -28.825  54.774 0.0000000000
67336  -52.935  -27.970  54.125 0.0000000000
70498  -53.951  -26.492  53.660 0.0000000000
68939  -53.245  -27.171  53.736 0.0000000000
68938  -52.626  -27.753  53.490 0.0000000000
68955  -52.547  -27.086  52.857 0.0000000000
70516  -51.987  -26.723  52.170 0.0000000000
77825  -54.615  -21.580  54.565 0.0000000000
74852  -53.706  -23.714  53.511 0.0000000000
76376  -53.481  -22.808  53.595 0.0000000000
73425  -53.633  -24.454  52.798 0.0000000000
70536  -52.326  -25.705  51.797 0.0000000000
70535  -51.810  -26.139  51.518 0.0000000000
72018  -50.711  -25.442  50.469 0.0000000000
72027  -50.187  -25.420  49.852 0.0000000000
74913  -51.205  -23.782  50.869 0.0000000000
73460  -49.925  -24.647  49.607 0.0000000000
73459  -49.477  -24.658  48.992 0.0000000000
74951  -48.613  -23.928  48.119 0.0000000000
83937  -56.413  -18.027  51.042 0.0000000000
82346  -55.816  -18.712  50.899 0.0000000000
80903  -54.851  -19.357  50.540 0.0000000000
79426  -58.676  -20.552  50.087 0.0000000000
79425  -57.638  -20.275  49.898 0.0000000000
77902  -56.597  -21.059  49.078 0.0000000000
79447  -56.450  -20.405  49.499 0.0000000000
80924  -56.607  -20.009  49.818 0.0000000000
80922  -55.380  -19.659  49.922 0.0000000000
79423  -54.244  -19.603  50.492 0.0000000000
77922  -52.087  -21.163  48.297 0.0000000000
77921  -51.283  -21.461  48.757 0.0000000000
77920  -50.591  -21.959  49.069 0.0000000000
76446  -49.561  -22.872  48.559 0.0000000000
74977  -48.466  -23.670  47.279 0.0000000000
75009  -48.350  -23.475  46.195 0.0000000000
75038  -48.368  -23.628  45.069 0.0000000000
75072  -48.552  -23.628  44.240 0.0000000000
75100  -48.970  -23.611  43.863 0.0000000000
73587  -49.400  -23.930  42.752 0.0000000000
75012  -53.030  -23.268  45.629 0.0000000000
75042  -52.642  -23.326  45.143 0.0000000000
75076  -52.085  -23.337  44.543 0.0000000000
75103  -51.486  -23.435  43.845 0.0000000000
75125  -50.944  -23.478  43.182 0.0000000000
73588  -50.529  -23.676  42.544 0.0000000000
75082  -58.743  -23.683  44.949 0.0000000000
76562  -59.493  -22.849  43.326 0.0000000000
75131  -56.266  -22.805  42.977 0.0000000000
76575  -55.381  -22.791  42.266 0.0000000000
62210  -27.481  -30.820  66.997 0.0000000000
59382  -27.468  -33.792  62.925 0.0000000000
59369  -28.225  -33.030  63.949 0.0000000000
59368  -27.720  -33.543  63.555 0.0000000000
57866  -30.442  -33.979  71.055 0.0000000000
57881  -30.674  -34.600  70.436 0.0000000000
59282  -30.505  -34.397  69.691 0.0000000000
56592  -30.819  -35.347  70.079 0.0000000000
57902  -30.485  -35.040  69.451 0.0000000000
59293  -30.465  -34.477  69.109 0.0000000000
59292  -30.169  -34.163  68.414 0.0000000000
59303  -29.624  -34.329  67.643 0.0000000000
59302  -29.333  -34.438  67.086 0.0000000000
53881  -31.866  -37.101  67.363 0.0000000000
53871  -30.980  -37.065  68.230 0.0000000000
55353  -30.145  -36.667  68.224 0.0000000000
57914  -29.494  -35.057  67.435 0.0000000000
57929  -29.159  -34.939  66.750 0.0000000000
56642  -28.823  -35.459  66.460 0.0000000000
56650  -28.469  -35.534  65.825 0.0000000000
56649  -28.063  -35.818  65.524 0.0000000000
55366  -28.164  -36.210  65.978 0.0000000000
55365  -27.706  -36.406  65.588 0.0000000000
63883  -38.330  -30.075  65.999 0.0000000000
63899  -37.876  -30.411  65.148 0.0000000000
62279  -37.948  -31.842  64.533 0.0000000000
63911  -36.933  -30.775  64.428 0.0000000000
62277  -36.143  -31.251  64.387 0.0000000000
60784  -35.224  -31.923  64.024 0.0000000000
59354  -34.929  -32.048  64.046 0.0000000000
60832  -36.353  -32.549  62.473 0.0000000000
60831  -35.417  -32.413  62.546 0.0000000000
60845  -34.584  -32.036  61.505 0.0000000000
60808  -34.491  -31.785  63.429 0.0000000000
60807  -33.924  -31.537  63.927 0.0000000000
62274  -32.914  -31.204  64.312 0.0000000000
62289  -30.901  -31.702  63.763 0.0000000000
62303  -30.247  -32.166  62.785 0.0000000000
62288  -30.354  -32.337  63.499 0.0000000000
59384  -29.735  -34.006  62.883 0.0000000000
59383  -29.752  -34.565  62.376 0.0000000000
57990  -29.743  -35.064  61.942 0.0000000000
62396  -33.116  -31.328  56.700 0.0000000000
62395  -32.248  -31.434  56.668 0.0000000000
62379  -32.149  -31.539  57.579 0.0000000000
60911  -29.554  -32.028  57.823 0.0000000000
60886  -30.124  -31.683  58.559 0.0000000000
60864  -29.790  -31.789  59.236 0.0000000000
58040  -28.787  -34.592  59.527 0.0000000000
59400  -29.368  -34.024  60.821 0.0000000000
56698  -29.908  -35.630  62.147 0.0000000000
53870  -30.617  -36.874  68.257 0.0000000000
53872  -31.658  -37.160  68.049 0.0000000000
53907  -31.700  -36.662  65.912 0.0000000000
55309  -30.972  -35.706  70.067 0.0000000000
55311  -31.955  -36.274  70.061 0.0000000000
55374  -31.577  -36.376  65.472 0.0000000000
56584  -31.829  -35.071  71.142 0.0000000000
56605  -30.219  -35.913  69.196 0.0000000000
56606  -30.500  -35.581  69.560 0.0000000000
56620  -30.304  -35.617  69.218 0.0000000000
56651  -31.353  -35.603  65.282 0.0000000000
56652  -31.664  -35.889  65.819 0.0000000000
56658  -30.696  -35.304  64.159 0.0000000000
56712  -51.319  -34.867  60.025 0.0000000000
56720  -43.084  -35.048  59.923 0.0000000000
56721  -43.422  -35.126  59.852 0.0000000000
56723  -50.885  -34.990  59.892 0.0000000000
56808  -50.788  -34.745  52.611 0.0000000000
57845  -31.111  -32.807  71.906 0.0000000000
57846  -31.581  -32.850  72.007 0.0000000000
57855  -31.240  -32.998  71.848 0.0000000000
57856  -31.603  -33.138  71.865 0.0000000000
57857  -31.833  -33.221  71.821 0.0000000000
57867  -30.885  -34.464  71.038 0.0000000000
57880  -30.431  -34.094  70.772 0.0000000000
57883  -32.804  -34.139  70.270 0.0000000000
57884  -33.062  -34.066  70.063 0.0000000000
57895  -33.201  -33.836  70.024 0.0000000000
57931  -31.073  -34.693  65.958 0.0000000000
57932  -31.615  -35.190  66.350 0.0000000000
57974  -29.929  -34.988  62.445 0.0000000000
58009  -49.992  -34.331  60.159 0.0000000000
58010  -50.546  -34.549  60.250 0.0000000000
58011  -51.239  -34.412  60.263 0.0000000000
58023  -43.021  -34.908  59.723 0.0000000000
58024  -43.378  -34.799  59.862 0.0000000000
58033  -52.551  -33.670  59.558 0.0000000000
58042  -43.157  -34.733  59.518 0.0000000000
58043  -44.272  -35.183  59.633 0.0000000000
58051  -52.876  -33.717  59.398 0.0000000000
58080  -49.110  -34.309  57.011 0.0000000000
58082  -50.002  -34.864  57.143 0.0000000000
58084  -52.493  -34.117  57.517 0.0000000000
59233  -30.757  -32.415  72.105 0.0000000000
59235  -31.760  -32.607  72.043 0.0000000000
59244  -31.675  -33.477  71.647 0.0000000000
59245  -32.095  -33.147  71.798 0.0000000000
59246  -32.330  -33.088  71.499 0.0000000000
59260  -32.466  -33.640  71.218 0.0000000000
59271  -30.556  -34.420  70.114 0.0000000000
59285  -33.034  -33.822  70.097 0.0000000000
59318  -33.843  -31.196  65.967 0.0000000000
59319  -34.169  -31.168  65.225 0.0000000000
59320  -34.809  -31.058  64.664 0.0000000000
59351  -30.072  -34.005  64.114 0.0000000000
59352  -34.013  -31.438  64.612 0.0000000000
59353  -34.606  -31.749  64.213 0.0000000000
59356  -37.933  -32.611  63.768 0.0000000000
59372  -34.573  -31.845  63.926 0.0000000000
59375  -37.895  -32.570  63.416 0.0000000000
59385  -37.606  -32.499  63.150 0.0000000000
59402  -50.431  -34.136  60.394 0.0000000000
59404  -51.620  -33.837  60.143 0.0000000000
59417  -34.003  -31.986  59.221 0.0000000000
59420  -43.853  -34.574  59.848 0.0000000000
59422  -45.241  -34.018  60.181 0.0000000000
59428  -51.164  -33.633  59.918 0.0000000000
59444  -28.712  -34.161  59.308 0.0000000000
59446  -34.453  -32.109  58.989 0.0000000000
59447  -34.984  -32.207  59.051 0.0000000000
59450  -44.477  -33.806  59.494 0.0000000000
59454  -49.713  -33.503  59.768 0.0000000000
59458  -53.638  -33.361  59.195 0.0000000000
59472  -34.633  -31.939  58.732 0.0000000000
59473  -34.976  -32.008  58.793 0.0000000000
59504  -52.436  -33.523  56.498 0.0000000000
60656  -30.576  -31.711  72.332 0.0000000000
60658  -31.467  -31.897  72.290 0.0000000000
60695  -29.759  -31.858  70.571 0.0000000000
60698  -32.749  -33.595  70.386 0.0000000000
60707  -32.567  -32.735  69.494 0.0000000000
60708  -32.779  -33.526  70.120 0.0000000000
60719  -32.460  -31.872  68.153 0.0000000000
60741  -30.635  -32.874  65.753 0.0000000000
60757  -31.281  -32.155  65.171 0.0000000000
60760  -33.151  -31.495  64.867 0.0000000000
60761  -35.139  -31.462  64.439 0.0000000000
60762  -35.655  -31.494  64.300 0.0000000000
60787  -38.079  -32.454  64.181 0.0000000000
60815  -40.464  -31.689  63.725 0.0000000000
60844  -34.242  -31.839  61.051 0.0000000000
60862  -28.810  -33.263  59.342 0.0000000000
60866  -33.865  -31.897  59.470 0.0000000000
60877  -53.483  -32.591  59.276 0.0000000000
60887  -33.356  -31.688  58.955 0.0000000000
60888  -33.560  -31.714  58.758 0.0000000000
60899  -52.565  -32.459  58.614 0.0000000000
60901  -54.409  -32.345  58.758 0.0000000000
60927  -54.568  -32.163  57.903 0.0000000000
60950  -51.392  -32.099  57.113 0.0000000000
60974  -47.885  -31.900  55.769 0.0000000000
61001  -47.892  -31.904  55.237 0.0000000000
62134  -31.088  -30.935  72.745 0.0000000000
62143  -29.133  -30.586  71.410 0.0000000000
62145  -31.524  -31.083  71.743 0.0000000000
62146  -31.722  -31.639  71.847 0.0000000000
62147  -32.053  -32.189  71.805 0.0000000000
62159  -28.970  -30.513  71.188 0.0000000000
62162  -32.194  -32.147  71.490 0.0000000000
62175  -31.952  -31.335  70.345 0.0000000000
62186  -29.721  -32.032  69.850 0.0000000000
62188  -32.541  -31.952  69.937 0.0000000000
62209  -25.642  -30.748  66.929 0.0000000000
62218  -42.185  -30.612  67.003 0.0000000000
62250  -32.091  -31.561  64.885 0.0000000000
62252  -32.944  -31.461  64.868 0.0000000000
62275  -33.212  -31.389  64.776 0.0000000000
62276  -35.583  -30.872  64.595 0.0000000000
62322  -34.278  -31.780  61.503 0.0000000000
62354  -33.535  -31.718  59.519 0.0000000000
62358  -53.810  -31.715  59.064 0.0000000000
62360  -55.032  -30.987  58.863 0.0000000000
62367  -33.388  -31.553  58.199 0.0000000000
62374  -55.151  -30.839  58.461 0.0000000000
62385  -37.016  -30.255  57.688 0.0000000000
62402  -47.114  -31.795  56.239 0.0000000000
62409  -53.817  -31.997  56.474 0.0000000000
62424  -35.325  -30.334  56.279 0.0000000000
62428  -46.978  -31.707  55.492 0.0000000000
62429  -47.469  -31.782  55.610 0.0000000000
62432  -50.854  -31.306  55.807 0.0000000000
62433  -51.321  -31.236  56.294 0.0000000000
62457  -53.150  -31.419  55.252 0.0000000000
62520  -38.951  -31.654  51.486 0.0000000000
63764  -31.144  -30.406  72.523 0.0000000000
63772  -28.104  -29.608  71.998 0.0000000000
63773  -28.637  -30.002  71.833 0.0000000000
63774  -28.785  -30.187  71.472 0.0000000000
63786  -28.580  -29.920  71.191 0.0000000000
63787  -28.810  -30.281  71.201 0.0000000000
63788  -31.464  -30.725  71.678 0.0000000000
63789  -31.515  -30.632  71.320 0.0000000000
63838  -32.331  -30.717  68.381 0.0000000000
63841  -39.478  -29.686  68.780 0.0000000000
63863  -32.897  -30.709  67.232 0.0000000000
63879  -32.474  -29.710  67.393 0.0000000000
63912  -37.448  -30.853  64.518 0.0000000000
63925  -44.273  -29.454  63.743 0.0000000000
63938  -43.481  -29.416  63.080 0.0000000000
63984  -54.869  -30.576  59.223 0.0000000000
63999  -55.064  -30.826  58.045 0.0000000000
64009  -37.359  -29.862  57.394 0.0000000000
64013  -53.539  -29.995  58.160 0.0000000000
64015  -55.217  -30.452  57.889 0.0000000000
64022  -37.856  -29.631  56.910 0.0000000000
64032  -35.472  -30.172  55.951 0.0000000000
64035  -37.443  -29.633  56.464 0.0000000000
64036  -50.137  -30.669  54.989 0.0000000000
64040  -54.181  -31.052  56.068 0.0000000000
64069  -48.977  -30.394  53.794 0.0000000000
64070  -50.926  -30.778  53.062 0.0000000000
64088  -49.828  -30.865  52.215 0.0000000000
64150  -41.388  -29.998  49.723 0.0000000000
65450  -31.308  -29.763  71.106 0.0000000000
65462  -28.283  -29.719  70.352 0.0000000000
65474  -27.620  -29.644  69.228 0.0000000000
65475  -31.577  -29.113  69.387 0.0000000000
65490  -27.565  -29.751  68.900 0.0000000000
65491  -31.563  -29.077  69.156 0.0000000000
65557  -34.944  -29.529  65.209 0.0000000000
65653  -54.372  -30.000  59.344 0.0000000000
65655  -55.207  -29.978  59.119 0.0000000000
65666  -39.388  -29.460  59.036 0.0000000000
65668  -40.435  -28.921  58.985 0.0000000000
65670  -54.942  -29.410  58.761 0.0000000000
65686  -53.157  -29.388  57.389 0.0000000000
65688  -55.029  -30.135  57.462 0.0000000000
65689  -55.243  -29.946  57.653 0.0000000000
65718  -53.881  -30.169  55.421 0.0000000000
65758  -38.971  -28.703  52.744 0.0000000000
65779  -44.720  -29.967  50.773 0.0000000000
65809  -45.232  -28.681  50.473 0.0000000000
65833  -43.360  -28.984  49.553 0.0000000000
65834  -43.984  -28.929  49.818 0.0000000000
67069  -31.594  -28.881  69.298 0.0000000000
67070  -31.730  -28.367  69.358 0.0000000000
67113  -32.815  -28.219  67.489 0.0000000000
67141  -32.951  -28.484  67.025 0.0000000000
67193  -46.485  -27.898  64.828 0.0000000000
67302  -40.951  -27.755  55.825 0.0000000000
67303  -51.324  -28.195  55.012 0.0000000000
67317  -51.328  -28.598  55.024 0.0000000000
67350  -49.319  -27.568  52.803 0.0000000000
67360  -40.519  -28.073  51.148 0.0000000000
67379  -43.985  -28.004  50.206 0.0000000000
67397  -40.441  -28.657  49.854 0.0000000000
67400  -42.911  -28.384  49.611 0.0000000000
67402  -44.200  -28.652  50.029 0.0000000000
68646  -33.337  -27.498  67.700 0.0000000000
68724  -46.529  -27.204  64.752 0.0000000000
68879  -54.454  -26.889  57.923 0.0000000000
68881  -56.180  -27.302  56.884 0.0000000000
68896  -55.463  -27.733  56.294 0.0000000000
68910  -52.277  -26.976  55.624 0.0000000000
68912  -55.328  -27.043  55.671 0.0000000000
68922  -42.835  -26.616  54.506 0.0000000000
68935  -42.321  -26.779  53.658 0.0000000000
68949  -42.599  -27.153  51.841 0.0000000000
68953  -49.253  -27.190  52.905 0.0000000000
68967  -42.871  -27.218  51.060 0.0000000000
68968  -43.688  -27.111  51.193 0.0000000000
68987  -44.058  -27.570  50.544 0.0000000000
68990  -46.243  -26.706  50.784 0.0000000000
68993  -51.288  -26.554  51.196 0.0000000000
69009  -42.645  -27.960  49.756 0.0000000000
70168  -34.783  -26.887  68.809 0.0000000000
70380  -55.840  -26.387  58.086 0.0000000000
70425  -53.284  -26.326  56.591 0.0000000000
70441  -43.227  -26.518  55.068 0.0000000000
70447  -54.739  -26.917  55.303 0.0000000000
70449  -56.091  -26.027  55.384 0.0000000000
70466  -42.743  -26.683  54.014 0.0000000000
70472  -51.355  -26.127  54.685 0.0000000000
70496  -49.181  -26.260  53.013 0.0000000000
70499  -54.566  -25.755  53.744 0.0000000000
70513  -44.395  -26.186  51.846 0.0000000000
70531  -44.740  -26.241  51.027 0.0000000000
70548  -45.987  -26.470  50.707 0.0000000000
70549  -46.227  -26.462  50.836 0.0000000000
70600  -48.053  -26.040  47.969 0.0000000000
71904  -57.176  -24.690  57.082 0.0000000000
71921  -46.003  -25.133  56.582 0.0000000000
71922  -52.734  -25.868  55.728 0.0000000000
71956  -51.691  -25.335  54.647 0.0000000000
71958  -55.599  -24.970  55.005 0.0000000000
71971  -44.987  -25.736  53.170 0.0000000000
71974  -48.838  -25.352  52.785 0.0000000000
71978  -55.119  -25.215  54.536 0.0000000000
71989  -46.439  -25.091  52.105 0.0000000000
71993  -53.921  -25.176  52.927 0.0000000000
72004  -45.979  -25.492  51.515 0.0000000000
72007  -52.627  -25.254  51.984 0.0000000000
72019  -51.357  -25.393  51.069 0.0000000000
72058  -46.651  -25.868  45.864 0.0000000000
72075  -46.456  -25.539  45.254 0.0000000000
73279  -55.109  -23.455  58.849 0.0000000000
73299  -56.081  -24.394  58.467 0.0000000000
73315  -53.899  -24.273  57.130 0.0000000000
73318  -57.108  -24.336  57.317 0.0000000000
73340  -57.298  -24.370  56.728 0.0000000000
73362  -51.815  -24.249  54.764 0.0000000000
73366  -57.406  -24.056  56.093 0.0000000000
73384  -51.365  -24.606  54.529 0.0000000000
73401  -45.832  -24.812  52.998 0.0000000000
73407  -53.759  -24.038  53.173 0.0000000000
73408  -54.093  -24.386  53.589 0.0000000000
73421  -46.905  -24.527  52.651 0.0000000000
73423  -48.484  -24.836  52.628 0.0000000000
73449  -50.429  -24.655  50.152 0.0000000000
73471  -60.566  -23.581  49.210 0.0000000000
73488  -47.317  -25.129  46.646 0.0000000000
73490  -59.420  -23.846  48.357 0.0000000000
73495  -63.142  -24.283  47.311 0.0000000000
73519  -63.728  -24.096  46.131 0.0000000000
73539  -46.735  -25.042  45.345 0.0000000000
73548  -63.604  -24.018  45.799 0.0000000000
73568  -47.299  -24.510  44.270 0.0000000000
73578  -49.106  -23.764  43.457 0.0000000000
74759  -46.982  -23.453  57.056 0.0000000000
74777  -53.269  -23.092  56.196 0.0000000000
74797  -47.847  -22.928  54.964 0.0000000000
74801  -53.423  -24.080  56.164 0.0000000000
74802  -56.771  -23.811  55.536 0.0000000000
74804  -58.017  -22.474  55.948 0.0000000000
74827  -54.761  -23.210  54.524 0.0000000000
74830  -57.152  -22.896  55.382 0.0000000000
74848  -47.956  -23.346  54.046 0.0000000000
74850  -49.582  -23.741  53.666 0.0000000000
74873  -53.408  -23.548  53.003 0.0000000000
74894  -52.390  -23.774  52.157 0.0000000000
74915  -60.607  -22.667  50.408 0.0000000000
74935  -60.797  -22.952  50.519 0.0000000000
74952  -49.210  -23.766  48.659 0.0000000000
74979  -54.997  -23.249  46.734 0.0000000000
74989  -65.125  -23.095  47.103 0.0000000000
75022  -65.953  -22.998  46.470 0.0000000000
75053  -63.322  -23.851  45.422 0.0000000000
76288  -54.389  -22.951  57.622 0.0000000000
76300  -47.433  -22.906  56.408 0.0000000000
76305  -53.390  -22.646  56.493 0.0000000000
76323  -47.969  -22.674  55.570 0.0000000000
76328  -57.554  -21.988  55.552 0.0000000000
76329  -57.902  -22.122  55.741 0.0000000000
76377  -54.302  -22.564  54.276 0.0000000000
76396  -53.072  -23.011  53.159 0.0000000000
76410  -51.445  -22.920  51.079 0.0000000000
76421  -50.794  -22.865  50.308 0.0000000000
76433  -50.620  -22.437  49.789 0.0000000000
76436  -60.028  -22.733  50.265 0.0000000000
76447  -50.178  -22.202  48.437 0.0000000000
76478  -64.798  -22.947  47.153 0.0000000000
76496  -51.978  -22.301  46.312 0.0000000000
76506  -65.621  -22.647  46.463 0.0000000000
76507  -66.028  -22.943  46.191 0.0000000000
76552  -66.234  -22.587  45.057 0.0000000000
76567  -64.490  -23.010  43.329 0.0000000000
76585  -65.034  -23.100  42.602 0.0000000000
76591  -55.630  -22.598  41.654 0.0000000000
77766  -53.633  -21.820  57.163 0.0000000000
77787  -52.898  -21.659  56.434 0.0000000000
77898  -50.602  -22.272  49.516 0.0000000000
77900  -51.941  -21.260  49.171 0.0000000000
77904  -58.537  -21.564  49.808 0.0000000000
77971  -65.090  -21.875  46.120 0.0000000000
77998  -65.453  -21.882  45.788 0.0000000000
79322  -57.803  -20.730  55.422 0.0000000000
79323  -58.189  -20.528  55.423 0.0000000000
79324  -58.769  -20.334  55.536 0.0000000000
79347  -57.966  -19.991  55.145 0.0000000000
79348  -58.585  -19.990  55.176 0.0000000000
79368  -53.487  -20.726  53.477 0.0000000000
79388  -53.017  -20.590  52.782 0.0000000000
79424  -56.944  -20.247  49.830 0.0000000000
79466  -52.580  -20.897  48.689 0.0000000000
80846  -58.696  -19.853  55.379 0.0000000000
80891  -55.273  -18.889  50.877 0.0000000000
80910  -61.349  -20.013  50.050 0.0000000000
80923  -56.134  -19.812  49.802 0.0000000000
80926  -61.514  -19.999  49.873 0.0000000000
82274  -58.369  -18.901  55.413 0.0000000000
82290  -57.280  -18.392  55.036 0.0000000000
82317  -54.555  -18.387  52.284 0.0000000000
82333  -56.080  -18.284  51.158 0.0000000000
83883  -55.638  -17.527  53.396 0.0000000000
83896  -54.854  -17.921  52.189 0.0000000000
83915  -54.782  -18.099  51.960 0.0000000000
83916  -55.159  -17.892  51.815 0.0000000000
83938  -56.934  -17.752  50.772 0.0000000000
