#!ascii label  , from subject sub-01 vox2ras=TkReg
1819
82508  -45.125  -19.447  42.887 0.0000000000
89974  -60.733  -14.113  40.649 0.0000000000
85698  -53.055  -17.147  41.972 0.0000000000
56616  -19.315  -35.698  67.960 0.0000000000
79504  -45.243  -20.720  46.313 0.0000000000
73199  -32.595  -25.941  66.265 0.0000000000
70307  -42.788  -26.534  61.919 0.0000000000
77803  -44.024  -22.646  55.758 0.0000000000
79367  -47.530  -20.951  53.738 0.0000000000
63934  -24.218  -30.922  61.625 0.0000000000
68620  -28.456  -27.537  68.595 0.0000000000
68790  -29.183  -29.321  60.918 0.0000000000
70393  -36.474  -27.715  57.181 0.0000000000
74774  -40.026  -23.994  56.402 0.0000000000
89907  -47.791  -14.371  47.116 0.0000000000
83996  -50.653  -17.757  47.973 0.0000000000
88603  -57.145  -14.694  42.523 0.0000000000
82532  -49.504  -19.518  41.619 0.0000000000
93079  -55.943  -11.712  32.354 0.0000000000
55301  -15.779  -37.484  70.351 0.0000000000
82367  -49.703  -18.074  49.892 0.0000000000
87143  -43.103  -16.118  45.116 0.0000000000
71862  -31.637  -27.224  58.667 0.0000000000
68716  -36.986  -27.860  64.164 0.0000000000
80963  -55.967  -19.406  47.185 0.0000000000
97184  -62.158  -8.423  29.611 0.0000000000
76391  -41.690  -23.434  53.094 0.0000000000
74892  -43.586  -23.560  51.749 0.0000000000
65620  -27.212  -29.951  61.549 0.0000000000
71970  -37.274  -26.122  53.251 0.0000000000
74847  -39.087  -24.016  53.055 0.0000000000
76318  -41.403  -22.509  55.642 0.0000000000
85652  -46.324  -17.176  45.209 0.0000000000
87137  -49.206  -15.712  47.210 0.0000000000
82441  -47.559  -18.731  46.132 0.0000000000
88605  -59.274  -14.340  42.695 0.0000000000
82519  -61.102  -18.096  42.376 0.0000000000
91473  -62.492  -12.409  39.366 0.0000000000
57924  -16.175  -35.455  66.263 0.0000000000
55321  -18.225  -37.197  69.075 0.0000000000
77897  -46.922  -21.829  49.424 0.0000000000
80887  -49.154  -20.248  51.981 0.0000000000
80938  -47.539  -19.491  47.968 0.0000000000
83993  -46.058  -17.376  47.018 0.0000000000
82440  -44.251  -18.778  45.294 0.0000000000
70195  -30.929  -26.840  67.004 0.0000000000
73124  -29.978  -25.505  70.578 0.0000000000
74598  -32.468  -24.288  69.258 0.0000000000
73178  -34.833  -25.247  67.721 0.0000000000
71914  -29.487  -27.508  56.287 0.0000000000
70414  -31.375  -27.017  56.078 0.0000000000
70326  -39.174  -27.485  59.733 0.0000000000
70324  -36.512  -28.130  60.471 0.0000000000
68771  -39.570  -28.362  62.583 0.0000000000
68692  -39.150  -27.932  65.800 0.0000000000
62266  -20.490  -31.955  64.666 0.0000000000
65509  -21.429  -29.914  67.406 0.0000000000
65441  -20.423  -29.448  71.366 0.0000000000
84130  -51.580  -18.387  41.622 0.0000000000
81038  -52.217  -19.084  44.671 0.0000000000
81040  -53.880  -19.148  44.760 0.0000000000
97202  -64.349  -8.123  28.428 0.0000000000
56570  -20.167  -35.957  72.457 0.0000000000
79254  -45.772  -21.406  58.307 0.0000000000
80775  -47.695  -19.840  57.342 0.0000000000
77824  -45.694  -22.103  54.417 0.0000000000
76419  -45.616  -22.960  50.958 0.0000000000
65554  -23.782  -29.816  65.511 0.0000000000
67084  -25.168  -28.273  68.770 0.0000000000
67184  -26.610  -29.057  64.725 0.0000000000
67187  -29.514  -28.806  64.943 0.0000000000
70276  -30.645  -27.832  63.288 0.0000000000
70438  -33.487  -26.975  55.261 0.0000000000
70463  -35.224  -27.256  54.132 0.0000000000
71896  -38.472  -26.740  56.360 0.0000000000
73293  -40.979  -25.369  57.814 0.0000000000
76268  -40.662  -22.985  58.582 0.0000000000
79275  -43.002  -22.554  58.447 0.0000000000
63943  -21.799  -30.887  61.166 0.0000000000
88457  -51.420  -14.534  50.802 0.0000000000
91225  -55.210  -12.772  53.522 0.0000000000
92799  -51.106  -12.961  49.961 0.0000000000
88512  -53.525  -14.677  49.142 0.0000000000
87199  -55.318  -16.092  42.754 0.0000000000
81095  -56.080  -19.283  42.935 0.0000000000
81098  -59.069  -19.389  42.462 0.0000000000
49717  -14.325  -39.783  71.810 0.0000000000
81089  -47.491  -20.569  42.651 0.0000000000
84193  -48.971  -17.939  38.791 0.0000000000
87268  -52.484  -16.080  38.268 0.0000000000
87303  -54.327  -15.397  38.023 0.0000000000
90053  -55.495  -13.891  37.135 0.0000000000
90055  -57.528  -13.144  37.208 0.0000000000
93003  -58.265  -11.902  36.273 0.0000000000
93046  -54.927  -11.470  33.719 0.0000000000
56557  -18.051  -36.921  73.046 0.0000000000
53804  -16.775  -37.951  73.841 0.0000000000
51091  -15.642  -39.151  73.281 0.0000000000
88404  -53.191  -14.977  56.758 0.0000000000
83848  -49.520  -18.941  55.807 0.0000000000
83881  -51.669  -18.080  53.857 0.0000000000
85531  -52.689  -16.605  51.981 0.0000000000
85563  -48.370  -16.046  48.985 0.0000000000
88534  -45.674  -15.431  46.376 0.0000000000
85670  -44.274  -17.026  43.820 0.0000000000
71689  -27.287  -26.363  70.750 0.0000000000
71860  -30.476  -27.590  59.974 0.0000000000
71820  -32.399  -27.217  62.655 0.0000000000
70366  -33.624  -27.290  58.084 0.0000000000
70279  -34.090  -27.690  61.995 0.0000000000
71765  -34.386  -26.365  65.644 0.0000000000
71751  -37.019  -26.468  66.816 0.0000000000
57926  -18.399  -34.977  65.999 0.0000000000
59328  -19.551  -33.767  64.847 0.0000000000
59289  -20.171  -33.930  67.556 0.0000000000
81036  -50.257  -20.153  45.120 0.0000000000
82389  -53.237  -18.614  48.617 0.0000000000
85590  -57.992  -17.160  48.294 0.0000000000
79506  -57.502  -20.498  46.295 0.0000000000
94428  -59.752  -11.605  36.155 0.0000000000
94463  -61.425  -10.659  34.443 0.0000000000
97128  -61.936  -8.450  34.487 0.0000000000
95853  -60.958  -9.358  30.212 0.0000000000
98420  -62.795  -6.931  32.996 0.0000000000
74868  -40.256  -23.497  51.920 0.0000000000
74889  -40.929  -23.641  51.244 0.0000000000
74906  -39.778  -23.673  50.279 0.0000000000
74865  -37.621  -24.770  51.626 0.0000000000
74867  -39.410  -23.596  52.092 0.0000000000
76369  -40.306  -23.297  53.293 0.0000000000
84077  -45.225  -18.367  43.788 0.0000000000
84061  -46.665  -18.104  45.212 0.0000000000
82484  -46.168  -19.357  44.048 0.0000000000
88623  -59.856  -14.519  41.129 0.0000000000
88567  -60.867  -14.526  43.952 0.0000000000
89921  -61.155  -13.874  44.314 0.0000000000
89939  -61.804  -13.442  43.570 0.0000000000
89996  -61.584  -13.743  39.950 0.0000000000
56629  -17.878  -35.908  67.353 0.0000000000
56614  -17.616  -36.299  68.045 0.0000000000
56601  -18.971  -36.417  68.565 0.0000000000
77943  -45.847  -21.506  47.304 0.0000000000
79464  -47.290  -20.622  48.149 0.0000000000
79487  -45.796  -20.534  46.971 0.0000000000
82404  -45.376  -18.971  46.206 0.0000000000
81002  -44.645  -19.622  45.513 0.0000000000
67059  -22.595  -28.092  69.962 0.0000000000
71745  -31.699  -26.218  66.469 0.0000000000
73157  -31.831  -25.272  68.689 0.0000000000
73175  -32.820  -25.234  67.757 0.0000000000
73160  -33.656  -24.459  68.215 0.0000000000
73190  -33.550  -25.475  67.156 0.0000000000
70328  -40.526  -27.142  60.605 0.0000000000
68818  -39.559  -27.789  60.829 0.0000000000
68796  -41.014  -27.778  62.155 0.0000000000
68746  -40.851  -28.374  63.629 0.0000000000
65529  -22.097  -29.880  66.441 0.0000000000
65488  -22.038  -29.222  68.117 0.0000000000
67064  -21.681  -28.898  69.295 0.0000000000
89737  -54.415  -13.669  56.904 0.0000000000
84131  -52.391  -17.752  41.348 0.0000000000
82486  -52.475  -18.153  43.690 0.0000000000
84063  -53.823  -17.469  44.330 0.0000000000
77762  -45.122  -22.124  56.643 0.0000000000
79298  -46.205  -21.329  55.953 0.0000000000
77823  -44.772  -22.169  54.755 0.0000000000
76418  -44.789  -23.395  51.266 0.0000000000
74930  -44.749  -23.988  50.113 0.0000000000
76443  -45.294  -23.233  49.405 0.0000000000
65586  -24.596  -30.352  63.571 0.0000000000
65556  -25.424  -29.441  65.436 0.0000000000
65587  -25.813  -30.106  63.827 0.0000000000
65621  -28.066  -29.787  61.585 0.0000000000
65590  -28.295  -29.516  62.937 0.0000000000
67215  -29.232  -29.116  62.823 0.0000000000
68740  -30.126  -28.424  64.114 0.0000000000
68767  -29.954  -28.595  62.947 0.0000000000
70488  -34.443  -27.369  53.136 0.0000000000
73379  -38.559  -25.101  54.611 0.0000000000
71933  -37.684  -26.511  54.788 0.0000000000
73335  -39.275  -25.231  55.980 0.0000000000
71898  -39.717  -26.497  57.422 0.0000000000
74741  -40.435  -24.647  57.339 0.0000000000
74729  -40.912  -23.896  58.522 0.0000000000
74758  -40.363  -23.624  57.237 0.0000000000
76319  -42.544  -22.663  55.461 0.0000000000
77779  -42.216  -22.148  56.953 0.0000000000
77760  -43.851  -22.357  57.256 0.0000000000
79253  -44.747  -21.698  58.755 0.0000000000
63932  -22.918  -30.873  61.807 0.0000000000
89862  -49.572  -13.872  49.197 0.0000000000
91283  -50.742  -13.427  49.759 0.0000000000
89882  -49.808  -13.793  48.606 0.0000000000
85610  -50.099  -16.868  47.976 0.0000000000
87127  -50.471  -15.555  48.100 0.0000000000
85584  -51.706  -16.203  48.578 0.0000000000
87087  -54.411  -15.268  49.420 0.0000000000
85586  -53.717  -16.751  49.289 0.0000000000
88602  -56.262  -15.322  42.514 0.0000000000
84084  -57.025  -17.332  42.704 0.0000000000
85702  -57.916  -16.833  42.709 0.0000000000
79569  -62.449  -20.105  43.281 0.0000000000
87269  -53.474  -16.006  38.583 0.0000000000
88728  -52.323  -14.599  36.584 0.0000000000
91524  -53.830  -13.099  35.945 0.0000000000
91525  -54.554  -12.919  35.833 0.0000000000
90054  -56.440  -13.411  37.041 0.0000000000
91542  -55.033  -11.924  35.500 0.0000000000
93001  -56.371  -11.791  36.044 0.0000000000
55335  -15.310  -36.879  68.609 0.0000000000
55300  -14.888  -37.496  70.652 0.0000000000
56546  -20.567  -36.528  73.386 0.0000000000
56558  -19.312  -36.832  72.915 0.0000000000
53819  -19.995  -37.918  73.733 0.0000000000
52433  -18.330  -38.244  73.746 0.0000000000
51094  -17.205  -38.860  73.485 0.0000000000
53815  -15.798  -37.877  73.844 0.0000000000
49705  -16.992  -39.126  73.275 0.0000000000
51118  -17.011  -39.646  72.358 0.0000000000
79321  -47.723  -20.487  55.531 0.0000000000
80796  -48.786  -19.361  56.336 0.0000000000
80839  -49.041  -19.670  54.459 0.0000000000
80901  -49.931  -19.146  51.196 0.0000000000
82313  -50.261  -19.223  52.658 0.0000000000
82329  -51.161  -18.270  51.348 0.0000000000
82316  -52.258  -17.841  52.864 0.0000000000
83912  -51.149  -17.702  50.845 0.0000000000
85544  -50.047  -16.469  50.100 0.0000000000
85565  -49.504  -17.075  49.771 0.0000000000
85628  -44.392  -17.081  45.852 0.0000000000
87135  -45.256  -16.021  46.386 0.0000000000
87145  -44.468  -16.483  45.417 0.0000000000
87178  -44.449  -16.750  44.496 0.0000000000
87176  -43.155  -16.102  43.827 0.0000000000
67086  -26.910  -28.044  68.376 0.0000000000
68598  -26.457  -27.405  69.587 0.0000000000
70144  -27.777  -27.094  69.721 0.0000000000
71876  -30.907  -27.338  58.244 0.0000000000
71875  -30.309  -27.572  58.762 0.0000000000
71861  -31.089  -27.354  59.373 0.0000000000
71833  -31.427  -27.401  62.048 0.0000000000
71834  -32.164  -27.196  61.301 0.0000000000
70418  -35.104  -27.101  56.199 0.0000000000
70391  -34.270  -27.428  57.143 0.0000000000
70368  -35.389  -28.124  58.067 0.0000000000
70282  -36.492  -28.351  62.420 0.0000000000
70302  -35.547  -28.348  61.308 0.0000000000
70256  -36.041  -27.869  63.130 0.0000000000
71805  -34.513  -27.395  63.630 0.0000000000
71788  -35.810  -27.121  65.026 0.0000000000
71766  -35.447  -26.507  65.506 0.0000000000
70214  -36.669  -27.184  65.320 0.0000000000
76227  -42.545  -22.741  62.272 0.0000000000
60751  -20.371  -32.703  64.728 0.0000000000
60735  -20.417  -33.137  65.992 0.0000000000
59299  -19.911  -33.867  66.525 0.0000000000
67030  -20.126  -29.192  72.724 0.0000000000
81108  -48.201  -20.331  41.874 0.0000000000
81062  -48.730  -20.319  43.835 0.0000000000
81063  -49.856  -20.465  43.931 0.0000000000
80984  -54.218  -19.507  46.412 0.0000000000
80982  -52.191  -19.130  46.898 0.0000000000
82411  -54.695  -18.894  48.011 0.0000000000
83981  -56.073  -18.057  48.906 0.0000000000
83999  -56.754  -18.288  48.158 0.0000000000
79551  -58.054  -20.834  44.236 0.0000000000
79549  -56.716  -20.393  44.435 0.0000000000
79529  -57.936  -21.080  45.157 0.0000000000
93035  -57.342  -11.496  34.494 0.0000000000
94427  -58.906  -12.222  36.156 0.0000000000
93036  -58.026  -11.652  34.305 0.0000000000
93052  -60.219  -11.646  33.021 0.0000000000
94477  -60.973  -10.613  32.773 0.0000000000
95803  -61.817  -9.649  34.910 0.0000000000
95819  -61.136  -9.914  32.792 0.0000000000
95878  -60.909  -9.506  28.344 0.0000000000
95877  -59.908  -9.606  28.084 0.0000000000
95867  -61.571  -8.831  29.778 0.0000000000
97159  -61.997  -8.029  31.942 0.0000000000
97167  -62.664  -7.663  30.579 0.0000000000
98442  -63.152  -7.523  30.313 0.0000000000
97178  -65.116  -8.186  29.682 0.0000000000
76372  -42.675  -23.258  53.965 0.0000000000
76373  -43.548  -22.950  53.918 0.0000000000
76406  -42.850  -23.389  52.638 0.0000000000
74909  -42.770  -23.803  50.726 0.0000000000
65618  -25.504  -30.783  61.473 0.0000000000
73418  -37.490  -25.238  52.264 0.0000000000
74846  -38.425  -24.664  53.240 0.0000000000
74820  -39.053  -24.456  54.302 0.0000000000
76297  -39.894  -23.387  55.636 0.0000000000
76342  -40.262  -23.084  54.168 0.0000000000
76343  -41.108  -22.902  54.532 0.0000000000
88548  -46.774  -15.482  46.331 0.0000000000
88538  -48.993  -14.986  46.950 0.0000000000
85642  -47.663  -16.921  45.749 0.0000000000
84041  -48.124  -17.859  46.062 0.0000000000
82443  -49.211  -18.693  46.911 0.0000000000
88604  -58.181  -14.458  42.591 0.0000000000
87201  -59.534  -15.953  42.762 0.0000000000
87165  -59.639  -15.082  44.035 0.0000000000
84085  -62.098  -17.154  42.959 0.0000000000
92958  -62.997  -11.489  39.660 0.0000000000
55336  -16.326  -36.877  68.579 0.0000000000
53864  -17.122  -37.599  70.013 0.0000000000
79402  -47.594  -21.544  50.924 0.0000000000
80886  -48.479  -20.611  52.547 0.0000000000
79419  -48.168  -20.869  50.354 0.0000000000
80920  -48.507  -20.037  49.448 0.0000000000
82386  -48.797  -18.899  48.866 0.0000000000
83975  -47.946  -17.235  48.429 0.0000000000
82406  -46.752  -18.170  47.296 0.0000000000
82425  -45.273  -18.241  46.142 0.0000000000
84037  -43.188  -17.141  45.051 0.0000000000
68644  -29.606  -27.586  67.865 0.0000000000
70146  -29.264  -26.637  69.269 0.0000000000
71710  -30.662  -25.945  69.163 0.0000000000
74578  -31.657  -24.723  69.953 0.0000000000
74620  -35.253  -24.591  69.425 0.0000000000
70413  -30.758  -27.335  55.943 0.0000000000
70388  -31.673  -27.102  57.001 0.0000000000
70370  -37.743  -27.850  58.373 0.0000000000
70346  -36.612  -28.011  59.370 0.0000000000
68816  -38.011  -28.024  60.331 0.0000000000
68792  -37.895  -28.493  61.074 0.0000000000
68743  -37.669  -28.190  63.378 0.0000000000
68690  -37.915  -27.850  65.200 0.0000000000
68719  -39.284  -28.402  64.979 0.0000000000
63920  -21.245  -31.333  62.916 0.0000000000
65570  -21.421  -31.265  65.246 0.0000000000
63854  -20.416  -31.049  67.937 0.0000000000
65469  -20.440  -30.121  69.762 0.0000000000
65470  -20.947  -29.375  69.436 0.0000000000
84129  -50.537  -18.840  41.189 0.0000000000
81093  -51.061  -19.575  43.195 0.0000000000
82485  -51.987  -18.669  43.721 0.0000000000
82447  -53.099  -18.906  45.202 0.0000000000
80985  -55.197  -19.809  46.365 0.0000000000
94516  -55.560  -11.127  30.577 0.0000000000
93065  -57.454  -11.684  32.690 0.0000000000
94517  -56.642  -11.091  30.496 0.0000000000
95900  -61.706  -9.412  27.558 0.0000000000
95880  -63.336  -8.569  28.558 0.0000000000
95901  -63.026  -9.295  27.796 0.0000000000
95924  -63.846  -9.252  26.786 0.0000000000
57876  -20.633  -34.730  70.316 0.0000000000
56589  -20.386  -35.826  70.043 0.0000000000
82227  -47.856  -19.293  58.855 0.0000000000
80774  -47.195  -20.371  57.399 0.0000000000
79299  -47.089  -20.708  56.168 0.0000000000
79342  -46.849  -21.178  54.251 0.0000000000
77850  -45.055  -22.712  53.173 0.0000000000
77851  -45.837  -22.334  52.721 0.0000000000
77852  -46.533  -22.068  52.414 0.0000000000
77896  -46.599  -22.350  49.957 0.0000000000
76464  -45.801  -22.389  47.708 0.0000000000
65511  -23.178  -29.121  67.080 0.0000000000
67083  -24.008  -28.457  68.553 0.0000000000
67135  -24.480  -29.001  66.856 0.0000000000
67136  -25.645  -28.884  66.459 0.0000000000
67137  -26.897  -28.754  66.643 0.0000000000
65588  -26.885  -29.765  63.342 0.0000000000
67185  -27.562  -29.160  64.728 0.0000000000
67139  -29.119  -28.424  66.768 0.0000000000
68688  -30.289  -28.051  66.059 0.0000000000
70232  -30.625  -27.614  65.491 0.0000000000
71783  -31.624  -26.654  64.935 0.0000000000
70439  -34.620  -27.030  55.217 0.0000000000
70419  -36.433  -27.484  56.089 0.0000000000
71948  -36.948  -26.728  54.097 0.0000000000
71917  -37.065  -27.223  55.167 0.0000000000
70394  -37.847  -27.394  57.052 0.0000000000
70396  -39.213  -27.177  57.898 0.0000000000
70373  -40.340  -26.779  58.535 0.0000000000
70352  -42.234  -26.527  60.123 0.0000000000
71851  -43.248  -25.669  61.110 0.0000000000
73259  -42.481  -24.174  59.845 0.0000000000
74705  -42.146  -23.258  60.808 0.0000000000
79224  -41.764  -22.451  60.189 0.0000000000
77777  -40.827  -22.505  57.322 0.0000000000
79274  -42.226  -22.423  58.673 0.0000000000
79226  -43.083  -22.104  60.026 0.0000000000
79228  -44.680  -21.547  59.774 0.0000000000
65583  -21.785  -30.839  63.108 0.0000000000
88448  -53.167  -14.511  51.861 0.0000000000
91241  -52.853  -13.799  51.679 0.0000000000
91285  -52.693  -13.315  50.638 0.0000000000
92787  -53.710  -13.109  50.212 0.0000000000
88525  -50.144  -14.826  48.129 0.0000000000
89885  -52.267  -13.894  48.907 0.0000000000
85700  -54.716  -16.665  42.473 0.0000000000
84064  -54.671  -17.454  44.044 0.0000000000
84065  -55.538  -17.195  43.833 0.0000000000
81097  -57.968  -19.801  42.646 0.0000000000
78029  -58.855  -21.166  43.977 0.0000000000
81099  -60.076  -19.171  42.363 0.0000000000
79581  -59.872  -20.078  42.637 0.0000000000
81104  -44.578  -19.869  41.324 0.0000000000
81087  -45.536  -20.417  42.334 0.0000000000
81105  -45.383  -20.236  41.381 0.0000000000
81119  -46.757  -20.114  40.865 0.0000000000
82548  -47.572  -19.600  40.397 0.0000000000
84141  -49.533  -19.049  40.446 0.0000000000
84166  -49.752  -18.019  39.465 0.0000000000
85728  -51.044  -17.440  39.871 0.0000000000
85729  -51.816  -17.285  39.975 0.0000000000
85754  -52.980  -16.941  39.400 0.0000000000
85755  -53.848  -16.886  39.801 0.0000000000
87247  -55.399  -16.616  39.811 0.0000000000
87248  -56.403  -16.126  39.791 0.0000000000
90072  -53.398  -13.636  36.174 0.0000000000
88708  -55.461  -14.733  37.656 0.0000000000
88658  -56.761  -15.765  39.386 0.0000000000
88682  -57.497  -14.958  38.369 0.0000000000
88683  -58.451  -14.504  38.197 0.0000000000
88684  -59.321  -13.977  37.917 0.0000000000
90016  -60.656  -13.562  38.371 0.0000000000
91512  -57.757  -12.417  36.951 0.0000000000
93014  -56.395  -11.485  35.301 0.0000000000
93062  -55.117  -11.603  33.221 0.0000000000
94504  -54.395  -11.183  31.631 0.0000000000
55293  -19.344  -36.866  70.854 0.0000000000
55281  -18.071  -37.197  71.750 0.0000000000
55280  -17.311  -37.166  71.801 0.0000000000
55244  -18.807  -37.943  73.802 0.0000000000
56544  -17.147  -37.163  73.086 0.0000000000
55278  -15.634  -37.107  72.336 0.0000000000
55277  -14.885  -37.283  72.466 0.0000000000
55263  -14.464  -37.770  72.667 0.0000000000
52452  -14.475  -38.562  72.673 0.0000000000
51116  -15.078  -39.415  72.488 0.0000000000
88416  -53.554  -14.524  55.955 0.0000000000
83833  -50.357  -18.099  56.973 0.0000000000
82300  -49.925  -19.369  53.730 0.0000000000
83863  -50.254  -18.838  54.818 0.0000000000
85485  -52.390  -17.057  55.563 0.0000000000
85487  -53.164  -16.038  54.446 0.0000000000
87027  -53.587  -15.358  53.438 0.0000000000
87047  -52.070  -15.501  51.125 0.0000000000
87065  -49.423  -15.258  49.578 0.0000000000
88506  -47.833  -14.538  48.108 0.0000000000
85581  -46.720  -16.284  47.868 0.0000000000
87107  -46.548  -15.310  47.543 0.0000000000
88535  -46.586  -14.996  46.821 0.0000000000
87146  -45.708  -15.991  45.427 0.0000000000
85671  -44.926  -17.323  44.302 0.0000000000
84105  -44.516  -18.442  42.915 0.0000000000
79547  -43.723  -20.616  44.692 0.0000000000
81032  -43.351  -19.615  44.528 0.0000000000
82462  -42.537  -18.324  43.869 0.0000000000
85649  -42.119  -16.686  43.794 0.0000000000
85667  -42.228  -16.870  43.641 0.0000000000
85694  -42.816  -17.416  42.493 0.0000000000
84103  -42.961  -17.721  41.924 0.0000000000
84127  -43.439  -18.758  41.498 0.0000000000
71673  -28.992  -25.866  71.078 0.0000000000
68836  -29.153  -29.192  59.287 0.0000000000
68856  -29.510  -28.216  58.687 0.0000000000
70318  -29.868  -28.045  60.563 0.0000000000
71832  -30.798  -27.580  61.911 0.0000000000
71819  -31.880  -27.230  63.303 0.0000000000
71802  -32.447  -26.784  63.794 0.0000000000
70437  -32.496  -26.905  55.270 0.0000000000
70389  -32.465  -27.012  57.097 0.0000000000
70342  -33.049  -27.361  58.895 0.0000000000
70344  -34.533  -27.872  59.074 0.0000000000
70321  -33.884  -27.628  59.983 0.0000000000
70299  -33.396  -27.476  60.852 0.0000000000
71821  -33.119  -27.205  61.982 0.0000000000
71803  -33.052  -27.008  63.468 0.0000000000
71764  -33.430  -26.315  65.460 0.0000000000
71748  -34.560  -26.153  66.377 0.0000000000
73193  -36.096  -25.873  67.160 0.0000000000
57925  -17.335  -35.312  66.009 0.0000000000
57912  -19.399  -34.979  66.948 0.0000000000
59362  -18.989  -33.580  63.491 0.0000000000
59361  -18.126  -33.768  63.352 0.0000000000
57940  -19.243  -34.218  65.284 0.0000000000
57927  -19.188  -34.370  65.960 0.0000000000
57898  -20.112  -34.929  68.148 0.0000000000
59265  -20.384  -33.669  69.900 0.0000000000
65440  -19.934  -29.877  71.913 0.0000000000
81060  -46.739  -20.264  43.510 0.0000000000
81004  -48.258  -19.591  45.951 0.0000000000
80980  -50.025  -19.226  46.697 0.0000000000
81037  -51.279  -19.673  44.966 0.0000000000
82445  -51.239  -18.994  46.681 0.0000000000
82388  -52.232  -18.340  48.385 0.0000000000
83979  -53.948  -17.852  49.424 0.0000000000
81041  -54.512  -19.567  44.127 0.0000000000
81011  -55.544  -20.250  45.282 0.0000000000
80986  -56.233  -19.983  46.498 0.0000000000
91497  -60.285  -12.173  38.239 0.0000000000
92975  -60.636  -11.661  37.951 0.0000000000
94419  -61.500  -10.540  37.416 0.0000000000
93051  -59.207  -11.817  33.353 0.0000000000
94442  -60.451  -11.574  35.167 0.0000000000
95773  -62.124  -9.808  37.584 0.0000000000
97111  -62.068  -9.126  36.900 0.0000000000
97121  -62.222  -8.252  35.738 0.0000000000
95844  -60.216  -9.656  30.597 0.0000000000
95836  -61.546  -8.631  32.520 0.0000000000
98419  -62.288  -7.582  33.246 0.0000000000
98443  -63.925  -7.549  29.851 0.0000000000
74888  -40.017  -23.568  51.170 0.0000000000
74886  -38.350  -24.115  50.890 0.0000000000
74887  -39.084  -23.825  51.130 0.0000000000
84078  -45.683  -18.831  44.063 0.0000000000
82483  -45.567  -19.266  43.655 0.0000000000
89955  -60.398  -13.974  42.296 0.0000000000
89938  -60.959  -13.521  43.374 0.0000000000
91393  -61.192  -13.447  44.020 0.0000000000
89956  -61.692  -13.610  42.557 0.0000000000
89975  -61.608  -13.765  41.260 0.0000000000
56615  -18.459  -36.101  67.947 0.0000000000
56602  -19.965  -35.922  68.906 0.0000000000
79505  -45.546  -21.100  46.877 0.0000000000
79463  -46.664  -20.916  47.490 0.0000000000
80956  -45.663  -19.756  46.544 0.0000000000
79525  -44.903  -20.180  45.798 0.0000000000
68584  -22.995  -27.590  70.244 0.0000000000
67066  -23.245  -28.101  69.382 0.0000000000
71762  -32.043  -26.229  65.797 0.0000000000
73188  -32.248  -25.869  66.909 0.0000000000
73189  -32.931  -25.700  66.968 0.0000000000
71747  -33.390  -25.282  67.348 0.0000000000
73200  -33.161  -25.940  66.274 0.0000000000
70329  -41.573  -26.904  60.691 0.0000000000
70305  -40.991  -27.094  61.211 0.0000000000
70306  -41.631  -27.253  61.702 0.0000000000
70284  -42.265  -27.269  62.678 0.0000000000
67081  -22.161  -28.957  68.538 0.0000000000
84079  -53.130  -17.454  43.879 0.0000000000
85672  -53.342  -17.213  42.955 0.0000000000
77782  -44.661  -22.404  56.267 0.0000000000
77804  -44.800  -22.311  55.526 0.0000000000
77822  -44.303  -22.426  55.196 0.0000000000
74929  -43.742  -24.232  49.931 0.0000000000
65603  -25.580  -30.496  62.578 0.0000000000
67233  -28.641  -29.787  60.757 0.0000000000
67223  -28.866  -29.498  61.740 0.0000000000
67224  -29.169  -29.278  62.214 0.0000000000
68791  -29.569  -28.865  61.679 0.0000000000
73358  -38.818  -24.981  55.200 0.0000000000
73311  -39.862  -25.083  56.689 0.0000000000
74757  -40.248  -24.383  57.105 0.0000000000
74742  -40.494  -24.089  57.789 0.0000000000
77802  -43.150  -22.336  55.971 0.0000000000
77780  -43.016  -22.436  56.724 0.0000000000
77781  -43.853  -22.423  56.487 0.0000000000
77761  -44.630  -22.142  56.926 0.0000000000
63933  -23.705  -30.880  61.763 0.0000000000
65601  -23.247  -30.807  62.570 0.0000000000
89880  -48.050  -14.291  47.926 0.0000000000
91325  -49.495  -13.701  48.972 0.0000000000
89895  -48.217  -14.331  47.746 0.0000000000
83995  -49.958  -17.276  47.686 0.0000000000
85611  -50.726  -16.406  48.253 0.0000000000
83976  -51.126  -16.868  48.481 0.0000000000
85585  -52.683  -16.522  48.999 0.0000000000
83977  -51.693  -17.562  48.603 0.0000000000
88583  -56.652  -14.886  43.356 0.0000000000
85658  -57.354  -16.124  44.105 0.0000000000
87163  -57.649  -15.437  44.225 0.0000000000
91526  -55.320  -12.470  35.921 0.0000000000
93012  -54.442  -11.748  34.898 0.0000000000
55319  -15.973  -37.323  69.371 0.0000000000
55318  -14.888  -37.285  69.535 0.0000000000
56537  -20.695  -36.824  73.674 0.0000000000
55245  -20.255  -37.685  73.803 0.0000000000
49698  -17.246  -39.081  73.360 0.0000000000
49706  -17.544  -39.491  72.939 0.0000000000
79343  -47.562  -20.719  54.641 0.0000000000
80838  -48.440  -20.102  54.920 0.0000000000
80859  -48.115  -20.615  54.169 0.0000000000
82344  -50.129  -18.514  50.494 0.0000000000
82328  -50.384  -18.913  51.640 0.0000000000
82345  -50.826  -18.033  50.693 0.0000000000
83934  -49.872  -17.553  50.122 0.0000000000
83959  -49.562  -17.696  49.605 0.0000000000
85627  -43.916  -16.973  45.470 0.0000000000
87133  -44.106  -16.795  45.517 0.0000000000
87144  -43.792  -16.487  45.165 0.0000000000
87156  -43.480  -16.042  44.632 0.0000000000
68642  -27.954  -27.874  68.146 0.0000000000
68619  -27.698  -27.650  68.971 0.0000000000
70163  -28.303  -27.243  69.192 0.0000000000
71849  -32.065  -27.373  59.872 0.0000000000
70392  -35.354  -27.456  57.181 0.0000000000
68742  -36.751  -28.050  63.306 0.0000000000
70281  -35.648  -28.308  62.369 0.0000000000
68741  -36.212  -27.737  63.638 0.0000000000
70235  -35.710  -27.512  64.062 0.0000000000
71789  -36.233  -27.132  65.262 0.0000000000
70237  -37.077  -27.619  64.710 0.0000000000
77682  -42.385  -22.228  62.021 0.0000000000
62195  -20.124  -31.816  68.565 0.0000000000
81109  -48.840  -19.975  42.100 0.0000000000
81091  -49.464  -20.197  42.728 0.0000000000
80962  -54.973  -19.451  47.304 0.0000000000
80961  -53.992  -19.342  47.369 0.0000000000
82412  -55.830  -18.619  47.960 0.0000000000
82413  -56.762  -19.016  47.863 0.0000000000
78014  -58.540  -21.227  44.576 0.0000000000
93048  -56.526  -11.681  33.766 0.0000000000
94459  -57.907  -11.457  34.707 0.0000000000
93049  -57.360  -11.721  33.627 0.0000000000
94496  -60.260  -10.353  31.868 0.0000000000
95879  -62.041  -8.919  28.779 0.0000000000
97175  -61.942  -8.333  30.179 0.0000000000
97176  -62.538  -7.922  30.044 0.0000000000
76392  -42.418  -23.472  53.249 0.0000000000
74871  -42.318  -23.558  52.637 0.0000000000
74907  -40.762  -23.740  50.355 0.0000000000
74908  -41.750  -23.860  50.508 0.0000000000
73435  -37.075  -25.059  51.296 0.0000000000
74866  -38.249  -24.284  52.035 0.0000000000
73419  -38.029  -24.912  52.704 0.0000000000
76316  -39.626  -23.486  54.742 0.0000000000
76341  -39.651  -23.611  53.747 0.0000000000
76390  -41.005  -23.372  52.814 0.0000000000
76370  -41.001  -23.147  53.614 0.0000000000
76344  -42.072  -23.003  54.730 0.0000000000
87147  -46.399  -16.133  45.610 0.0000000000
87148  -47.170  -16.115  46.044 0.0000000000
85641  -46.945  -16.696  45.542 0.0000000000
84040  -47.315  -17.964  45.700 0.0000000000
84042  -48.886  -17.848  46.588 0.0000000000
82442  -48.258  -18.883  46.792 0.0000000000
88622  -58.911  -14.766  41.589 0.0000000000
88565  -59.066  -14.695  44.047 0.0000000000
88586  -59.499  -14.291  43.506 0.0000000000
85681  -62.423  -16.203  43.294 0.0000000000
82490  -62.584  -18.108  42.986 0.0000000000
84086  -62.903  -17.232  43.395 0.0000000000
91428  -63.378  -12.293  41.915 0.0000000000
91447  -63.036  -12.415  40.577 0.0000000000
55338  -17.828  -36.693  68.525 0.0000000000
56613  -16.675  -36.340  67.968 0.0000000000
55337  -17.281  -36.792  68.564 0.0000000000
55320  -17.016  -37.353  69.304 0.0000000000
53865  -17.599  -37.514  69.797 0.0000000000
79403  -48.339  -20.889  51.552 0.0000000000
79418  -47.534  -21.326  49.895 0.0000000000
80937  -47.122  -20.176  47.578 0.0000000000
79465  -47.658  -20.214  48.726 0.0000000000
80939  -48.422  -19.590  48.874 0.0000000000
82384  -47.562  -18.433  47.621 0.0000000000
80958  -47.145  -18.928  47.433 0.0000000000
82424  -44.877  -18.722  45.737 0.0000000000
84039  -44.446  -18.198  45.466 0.0000000000
84018  -44.677  -17.663  45.828 0.0000000000
84038  -43.828  -17.702  45.184 0.0000000000
68645  -30.187  -27.409  67.521 0.0000000000
70166  -30.245  -26.768  68.354 0.0000000000
71722  -30.697  -26.298  68.543 0.0000000000
74615  -32.277  -24.905  68.760 0.0000000000
73143  -31.445  -25.158  69.391 0.0000000000
74597  -31.974  -24.656  69.033 0.0000000000
73161  -34.381  -24.693  68.372 0.0000000000
74619  -34.725  -24.286  69.130 0.0000000000
73162  -35.070  -25.019  68.615 0.0000000000
71916  -31.093  -27.205  56.716 0.0000000000
70348  -38.896  -27.575  59.279 0.0000000000
70347  -37.756  -27.897  59.615 0.0000000000
68839  -38.803  -27.613  59.822 0.0000000000
68794  -39.496  -28.100  61.653 0.0000000000
68793  -38.672  -28.318  61.411 0.0000000000
68770  -38.579  -28.543  62.460 0.0000000000
68769  -37.554  -28.500  62.327 0.0000000000
68744  -38.575  -28.422  63.539 0.0000000000
68745  -39.693  -28.484  63.795 0.0000000000
67205  -40.552  -28.469  64.183 0.0000000000
63921  -21.598  -31.215  63.757 0.0000000000
62287  -21.216  -31.467  63.777 0.0000000000
63909  -21.421  -31.363  64.465 0.0000000000
65486  -20.732  -30.116  68.446 0.0000000000
67058  -21.991  -28.410  70.287 0.0000000000
67057  -21.222  -28.825  70.314 0.0000000000
82534  -50.945  -18.928  41.955 0.0000000000
84106  -51.979  -18.398  42.501 0.0000000000
82468  -53.354  -18.557  44.670 0.0000000000
82467  -52.744  -18.292  44.527 0.0000000000
81009  -53.527  -19.230  45.512 0.0000000000
81010  -54.446  -19.634  45.401 0.0000000000
95922  -61.190  -9.244  26.247 0.0000000000
95923  -62.563  -9.596  26.647 0.0000000000
57877  -20.793  -34.662  71.169 0.0000000000
57833  -21.214  -35.398  73.469 0.0000000000
80743  -46.277  -20.779  58.700 0.0000000000
80759  -46.952  -20.262  58.186 0.0000000000
79255  -46.327  -21.038  57.808 0.0000000000
79319  -46.256  -21.506  54.837 0.0000000000
79320  -46.891  -20.929  55.213 0.0000000000
79341  -46.384  -21.794  53.951 0.0000000000
76394  -44.078  -23.135  53.169 0.0000000000
76374  -44.394  -22.732  53.901 0.0000000000
76409  -45.402  -23.188  51.762 0.0000000000
77864  -45.497  -22.924  52.430 0.0000000000
77865  -46.086  -22.685  51.793 0.0000000000
77866  -46.887  -22.176  51.387 0.0000000000
77879  -46.365  -22.511  50.721 0.0000000000
76444  -46.180  -22.555  48.714 0.0000000000
65531  -23.971  -29.460  66.497 0.0000000000
67183  -25.924  -29.341  64.796 0.0000000000
65533  -25.513  -29.251  65.892 0.0000000000
67161  -25.973  -29.149  65.477 0.0000000000
67162  -26.733  -28.908  65.603 0.0000000000
65604  -26.542  -30.005  62.534 0.0000000000
67202  -28.390  -29.419  63.622 0.0000000000
65589  -27.782  -29.661  63.120 0.0000000000
67186  -28.609  -29.239  64.811 0.0000000000
67163  -27.773  -28.973  65.715 0.0000000000
67164  -28.823  -28.917  65.833 0.0000000000
67140  -29.778  -28.270  66.411 0.0000000000
67165  -29.682  -28.554  65.878 0.0000000000
70252  -30.712  -27.762  64.539 0.0000000000
70233  -30.997  -27.039  65.122 0.0000000000
70253  -31.391  -27.352  64.084 0.0000000000
70462  -33.986  -27.255  54.243 0.0000000000
70440  -35.958  -26.965  55.096 0.0000000000
71969  -36.821  -26.076  52.607 0.0000000000
70490  -36.728  -26.512  53.356 0.0000000000
70491  -37.145  -26.458  53.574 0.0000000000
71919  -38.728  -26.193  56.048 0.0000000000
71918  -37.970  -26.922  55.750 0.0000000000
70420  -37.215  -27.488  56.493 0.0000000000
70395  -38.752  -27.215  57.593 0.0000000000
71878  -40.427  -26.256  57.840 0.0000000000
71879  -41.077  -26.099  58.309 0.0000000000
70351  -41.557  -26.702  59.777 0.0000000000
71863  -41.665  -25.977  58.936 0.0000000000
73275  -42.642  -25.154  59.722 0.0000000000
73274  -42.101  -24.988  59.229 0.0000000000
76254  -40.890  -23.216  59.131 0.0000000000
74730  -41.350  -23.644  59.233 0.0000000000
76241  -41.230  -23.160  60.039 0.0000000000
76235  -41.894  -22.999  60.784 0.0000000000
77723  -41.310  -22.780  59.753 0.0000000000
76298  -40.477  -22.709  56.422 0.0000000000
76299  -41.098  -22.164  56.332 0.0000000000
77759  -42.974  -22.524  57.545 0.0000000000
77758  -42.151  -22.135  57.813 0.0000000000
79250  -42.307  -22.398  59.449 0.0000000000
79251  -43.034  -22.390  59.335 0.0000000000
79227  -43.793  -21.952  60.051 0.0000000000
79252  -43.862  -22.126  59.111 0.0000000000
79229  -45.668  -20.955  59.372 0.0000000000
65599  -21.769  -31.050  62.160 0.0000000000
65573  -23.658  -30.122  64.515 0.0000000000
88447  -52.454  -14.342  51.454 0.0000000000
89808  -52.781  -14.009  51.766 0.0000000000
89823  -52.047  -14.118  51.071 0.0000000000
92783  -51.009  -12.879  49.892 0.0000000000
92768  -51.190  -12.509  49.983 0.0000000000
92784  -51.551  -12.725  49.945 0.0000000000
92770  -52.853  -13.156  50.304 0.0000000000
92800  -51.815  -13.202  49.917 0.0000000000
87136  -48.600  -15.823  46.782 0.0000000000
88524  -49.341  -14.615  47.670 0.0000000000
88539  -49.529  -15.095  47.441 0.0000000000
87109  -52.042  -15.266  48.361 0.0000000000
88510  -51.687  -14.598  48.299 0.0000000000
89886  -53.243  -14.025  49.141 0.0000000000
91331  -53.910  -13.507  49.503 0.0000000000
89887  -54.093  -14.082  49.146 0.0000000000
89888  -54.792  -14.111  49.302 0.0000000000
87088  -55.115  -15.276  49.474 0.0000000000
87215  -55.007  -16.465  42.416 0.0000000000
87180  -54.702  -16.367  43.620 0.0000000000
87160  -55.240  -16.081  43.824 0.0000000000
84110  -57.579  -17.720  42.365 0.0000000000
82515  -57.286  -18.771  42.327 0.0000000000
79580  -58.970  -20.263  42.827 0.0000000000
85704  -59.996  -16.372  42.388 0.0000000000
84112  -59.594  -17.306  42.045 0.0000000000
82518  -60.257  -18.202  42.127 0.0000000000
79568  -60.962  -20.243  43.091 0.0000000000
49716  -13.148  -39.823  71.710 0.0000000000
49727  -13.656  -40.258  71.349 0.0000000000
82567  -46.485  -19.232  39.716 0.0000000000
82568  -47.048  -19.292  39.991 0.0000000000
84140  -48.364  -19.308  39.900 0.0000000000
84165  -48.704  -18.534  39.438 0.0000000000
85750  -50.126  -17.516  39.199 0.0000000000
85751  -50.443  -17.101  39.310 0.0000000000
85752  -51.206  -16.829  39.388 0.0000000000
85787  -52.305  -16.579  38.723 0.0000000000
87245  -53.526  -16.593  39.129 0.0000000000
87302  -53.758  -15.408  37.994 0.0000000000
87246  -54.256  -16.514  39.280 0.0000000000
87270  -54.634  -15.963  38.486 0.0000000000
87232  -56.222  -16.293  40.760 0.0000000000
87271  -55.771  -15.934  38.946 0.0000000000
90073  -54.508  -13.596  36.490 0.0000000000
90052  -54.767  -14.236  37.139 0.0000000000
88681  -56.401  -15.361  38.563 0.0000000000
88659  -57.450  -15.515  39.525 0.0000000000
88709  -56.499  -14.499  37.593 0.0000000000
88710  -57.496  -14.095  37.559 0.0000000000
88711  -58.362  -13.660  37.592 0.0000000000
88661  -59.346  -14.711  38.951 0.0000000000
88712  -58.884  -13.233  37.605 0.0000000000
93033  -55.574  -11.511  34.502 0.0000000000
93047  -55.711  -11.606  33.827 0.0000000000
53853  -14.083  -37.477  70.796 0.0000000000
56579  -20.588  -35.376  71.710 0.0000000000
55305  -19.743  -36.607  70.221 0.0000000000
56578  -19.981  -36.333  71.261 0.0000000000
56569  -19.028  -37.131  72.161 0.0000000000
55291  -17.642  -37.451  71.066 0.0000000000
56568  -17.769  -36.980  72.336 0.0000000000
53807  -20.301  -37.633  74.075 0.0000000000
53816  -17.281  -37.812  73.740 0.0000000000
53817  -17.636  -37.753  73.711 0.0000000000
55254  -16.813  -37.516  73.488 0.0000000000
55266  -16.467  -36.965  72.905 0.0000000000
55265  -15.675  -37.136  73.139 0.0000000000
52441  -15.717  -38.563  73.639 0.0000000000
55252  -15.314  -37.888  73.403 0.0000000000
53824  -14.966  -37.968  73.130 0.0000000000
53823  -14.390  -38.112  72.679 0.0000000000
51104  -15.065  -38.848  72.851 0.0000000000
51103  -14.536  -38.815  72.662 0.0000000000
49719  -16.670  -39.951  71.903 0.0000000000
91160  -53.461  -14.460  57.270 0.0000000000
91177  -53.592  -14.068  57.130 0.0000000000
88415  -53.343  -14.816  56.275 0.0000000000
80760  -47.638  -19.648  58.084 0.0000000000
82228  -48.391  -18.850  58.312 0.0000000000
82256  -48.317  -19.263  57.276 0.0000000000
82272  -49.066  -19.286  55.876 0.0000000000
83815  -49.292  -18.365  57.415 0.0000000000
83832  -49.527  -18.739  56.417 0.0000000000
80861  -49.313  -19.873  53.752 0.0000000000
80875  -49.561  -19.754  52.839 0.0000000000
83880  -51.137  -18.376  53.774 0.0000000000
82301  -50.662  -18.723  53.504 0.0000000000
83864  -50.915  -18.377  54.580 0.0000000000
83850  -51.247  -17.805  55.968 0.0000000000
83851  -51.980  -17.422  55.707 0.0000000000
83865  -52.027  -17.512  54.826 0.0000000000
83895  -52.427  -17.384  52.439 0.0000000000
85501  -52.807  -16.525  53.992 0.0000000000
85516  -53.076  -16.517  52.968 0.0000000000
85502  -53.263  -15.932  53.765 0.0000000000
87036  -53.039  -16.079  52.269 0.0000000000
87049  -53.148  -15.715  52.113 0.0000000000
87048  -52.702  -15.795  51.706 0.0000000000
85543  -49.618  -15.879  49.840 0.0000000000
87066  -50.157  -15.492  49.947 0.0000000000
87086  -48.674  -15.466  49.249 0.0000000000
88491  -48.850  -14.648  48.976 0.0000000000
87085  -48.075  -15.239  48.698 0.0000000000
83974  -47.400  -17.374  47.891 0.0000000000
85609  -46.131  -16.628  47.408 0.0000000000
88533  -45.076  -15.847  45.997 0.0000000000
87106  -45.980  -15.337  47.383 0.0000000000
88520  -46.024  -14.890  46.904 0.0000000000
88521  -46.826  -14.685  47.197 0.0000000000
88547  -46.041  -15.471  45.944 0.0000000000
88546  -45.333  -15.891  45.695 0.0000000000
85697  -44.625  -17.699  43.550 0.0000000000
85696  -44.034  -17.578  43.061 0.0000000000
81031  -42.751  -19.454  43.795 0.0000000000
82461  -41.835  -18.114  43.517 0.0000000000
84056  -42.294  -17.510  43.893 0.0000000000
84075  -41.588  -17.540  43.039 0.0000000000
84076  -41.955  -17.294  42.823 0.0000000000
85668  -42.877  -17.070  43.136 0.0000000000
84102  -42.151  -17.613  42.150 0.0000000000
84104  -43.694  -18.341  42.116 0.0000000000
67108  -24.818  -28.669  67.636 0.0000000000
67068  -24.755  -27.923  69.533 0.0000000000
70143  -26.935  -26.910  69.883 0.0000000000
71692  -29.830  -25.908  70.192 0.0000000000
71691  -29.080  -26.152  70.471 0.0000000000
73123  -29.338  -25.582  70.935 0.0000000000
70363  -29.517  -27.834  58.138 0.0000000000
70340  -29.882  -27.950  59.247 0.0000000000
71847  -30.642  -27.549  61.196 0.0000000000
70390  -33.353  -27.118  57.158 0.0000000000
70365  -32.800  -27.147  58.011 0.0000000000
70343  -33.779  -27.440  59.025 0.0000000000
70345  -35.523  -28.235  59.175 0.0000000000
70323  -35.554  -28.254  60.241 0.0000000000
70301  -34.682  -28.110  61.122 0.0000000000
70300  -34.062  -27.616  60.949 0.0000000000
70320  -33.154  -27.433  59.854 0.0000000000
71835  -32.738  -27.373  60.652 0.0000000000
71822  -33.653  -27.405  62.195 0.0000000000
71787  -34.817  -27.082  64.308 0.0000000000
71804  -33.895  -27.469  63.192 0.0000000000
71786  -33.707  -26.724  64.428 0.0000000000
73202  -34.278  -26.173  66.398 0.0000000000
71750  -35.935  -26.205  66.392 0.0000000000
73194  -36.418  -26.099  67.398 0.0000000000
68691  -38.573  -27.882  65.420 0.0000000000
70216  -37.947  -27.318  65.918 0.0000000000
70217  -38.637  -27.566  65.861 0.0000000000
73245  -43.305  -24.365  61.456 0.0000000000
57911  -18.196  -35.493  66.707 0.0000000000
60799  -20.142  -32.541  63.355 0.0000000000
59329  -20.149  -33.246  64.733 0.0000000000
59363  -19.385  -33.295  63.642 0.0000000000
59343  -18.806  -33.928  64.087 0.0000000000
57950  -18.366  -34.320  64.438 0.0000000000
59327  -18.968  -34.278  64.718 0.0000000000
59278  -20.094  -33.813  68.713 0.0000000000
65454  -20.236  -30.096  70.859 0.0000000000
91211  -55.296  -12.933  54.624 0.0000000000
81088  -46.486  -20.674  42.514 0.0000000000
81061  -47.706  -20.225  43.681 0.0000000000
81035  -49.061  -20.058  45.000 0.0000000000
81005  -49.410  -19.439  46.170 0.0000000000
81065  -51.502  -19.328  43.872 0.0000000000
81064  -50.798  -19.955  43.992 0.0000000000
80960  -53.002  -19.351  47.749 0.0000000000
80959  -52.285  -19.006  47.779 0.0000000000
82409  -51.979  -18.730  48.048 0.0000000000
85589  -56.822  -17.153  48.754 0.0000000000
82488  -55.113  -18.495  43.256 0.0000000000
82487  -54.507  -18.420  43.691 0.0000000000
81067  -55.450  -19.352  43.337 0.0000000000
79528  -57.231  -20.593  45.504 0.0000000000
79527  -56.368  -20.487  45.051 0.0000000000
81012  -56.630  -20.321  45.894 0.0000000000
80987  -57.342  -20.065  46.910 0.0000000000
91514  -59.101  -12.413  37.568 0.0000000000
90038  -60.802  -12.837  38.169 0.0000000000
91496  -59.485  -12.194  37.978 0.0000000000
94416  -59.418  -11.644  36.729 0.0000000000
92990  -59.581  -11.507  37.308 0.0000000000
92991  -60.266  -11.349  37.493 0.0000000000
92976  -61.583  -11.408  38.031 0.0000000000
94418  -60.780  -11.011  37.028 0.0000000000
93050  -58.239  -11.767  33.499 0.0000000000
93066  -58.427  -11.613  32.438 0.0000000000
94462  -60.910  -11.374  33.839 0.0000000000
94443  -61.357  -10.558  35.620 0.0000000000
94430  -61.264  -10.360  36.578 0.0000000000
95782  -61.749  -9.618  36.954 0.0000000000
95793  -61.805  -9.594  36.041 0.0000000000
97120  -62.009  -8.831  35.415 0.0000000000
97129  -62.159  -8.262  35.143 0.0000000000
98391  -62.455  -7.590  36.087 0.0000000000
98399  -62.421  -7.642  34.916 0.0000000000
95865  -60.185  -9.743  28.950 0.0000000000
95852  -60.220  -9.645  29.780 0.0000000000
94530  -59.618  -9.872  29.394 0.0000000000
95845  -60.876  -9.245  31.052 0.0000000000
98428  -62.422  -7.498  32.419 0.0000000000
99675  -63.022  -6.730  34.634 0.0000000000
99688  -63.336  -6.725  33.691 0.0000000000
97186  -63.845  -8.064  29.045 0.0000000000
98449  -64.412  -7.836  29.213 0.0000000000
74869  -41.010  -23.552  52.059 0.0000000000
74870  -41.766  -23.616  52.329 0.0000000000
74885  -37.615  -24.512  50.883 0.0000000000
76368  -39.738  -23.479  52.865 0.0000000000
76389  -40.352  -23.394  52.554 0.0000000000
84059  -45.423  -17.769  44.367 0.0000000000
85653  -47.035  -17.347  45.384 0.0000000000
84060  -45.941  -18.216  44.545 0.0000000000
82464  -46.543  -18.899  44.738 0.0000000000
82465  -47.079  -19.031  45.375 0.0000000000
88606  -59.591  -14.351  41.957 0.0000000000
89937  -60.278  -13.826  43.559 0.0000000000
89920  -60.632  -13.858  44.004 0.0000000000
89922  -61.817  -13.558  44.391 0.0000000000
88569  -62.611  -14.233  44.628 0.0000000000
89923  -62.584  -13.151  44.817 0.0000000000
89940  -62.511  -13.022  43.867 0.0000000000
89976  -62.599  -13.243  41.610 0.0000000000
89997  -62.393  -13.291  40.319 0.0000000000
57910  -17.211  -35.640  66.789 0.0000000000
57909  -16.646  -35.747  66.911 0.0000000000
56600  -18.212  -36.516  68.442 0.0000000000
77919  -46.842  -21.623  48.486 0.0000000000
79440  -47.405  -21.050  48.994 0.0000000000
80957  -46.605  -19.566  47.156 0.0000000000
80976  -45.146  -19.659  45.999 0.0000000000
68583  -22.393  -27.851  70.533 0.0000000000
71744  -31.298  -26.504  66.682 0.0000000000
73173  -31.374  -25.802  68.117 0.0000000000
73187  -31.633  -26.044  67.245 0.0000000000
73158  -32.408  -25.186  68.411 0.0000000000
74616  -32.698  -24.640  68.540 0.0000000000
74617  -33.120  -24.207  68.618 0.0000000000
73159  -33.256  -24.257  68.092 0.0000000000
73177  -34.060  -24.912  67.602 0.0000000000
70327  -39.721  -27.333  60.011 0.0000000000
68819  -40.035  -27.718  61.155 0.0000000000
68795  -40.490  -27.736  61.671 0.0000000000
68772  -40.512  -28.159  62.707 0.0000000000
68720  -41.449  -28.357  63.937 0.0000000000
65487  -21.572  -29.351  68.428 0.0000000000
67080  -21.776  -29.084  68.763 0.0000000000
84107  -52.531  -17.858  42.628 0.0000000000
84062  -53.236  -17.874  44.438 0.0000000000
79278  -45.640  -21.638  57.087 0.0000000000
77805  -45.564  -21.952  55.249 0.0000000000
74910  -43.922  -23.874  51.055 0.0000000000
76417  -44.130  -23.670  51.802 0.0000000000
74911  -44.659  -23.643  50.693 0.0000000000
76428  -45.213  -23.375  50.387 0.0000000000
65555  -24.692  -29.655  65.504 0.0000000000
65574  -24.639  -29.927  64.607 0.0000000000
65575  -25.403  -29.691  64.763 0.0000000000
67199  -25.893  -29.636  64.387 0.0000000000
65605  -27.448  -29.714  62.406 0.0000000000
65606  -28.219  -29.593  62.396 0.0000000000
67214  -28.719  -29.401  62.617 0.0000000000
67203  -29.313  -28.928  63.867 0.0000000000
73378  -38.096  -25.732  54.278 0.0000000000
73357  -38.391  -25.873  55.012 0.0000000000
73334  -38.738  -25.872  55.542 0.0000000000
71897  -39.127  -26.282  56.714 0.0000000000
73312  -39.881  -25.603  57.059 0.0000000000
73292  -40.471  -25.248  57.427 0.0000000000
73272  -40.873  -24.588  57.952 0.0000000000
73273  -41.519  -24.727  58.456 0.0000000000
76253  -40.670  -23.445  58.423 0.0000000000
76267  -40.572  -23.177  57.924 0.0000000000
77800  -41.636  -22.186  56.426 0.0000000000
77801  -42.291  -22.316  56.190 0.0000000000
79276  -43.906  -22.385  58.170 0.0000000000
79277  -44.852  -22.153  57.786 0.0000000000
65600  -22.401  -30.813  62.483 0.0000000000
65585  -23.555  -30.658  63.538 0.0000000000
89844  -50.173  -14.145  49.693 0.0000000000
89845  -51.072  -14.096  50.517 0.0000000000
91282  -50.000  -13.838  49.547 0.0000000000
91326  -49.820  -13.456  48.984 0.0000000000
91327  -50.965  -13.226  49.082 0.0000000000
85631  -49.537  -16.616  47.482 0.0000000000
87138  -49.773  -15.627  47.732 0.0000000000
85632  -50.035  -16.185  48.000 0.0000000000
87128  -51.256  -15.555  48.238 0.0000000000
87110  -52.698  -15.456  48.816 0.0000000000
87111  -53.642  -15.621  49.249 0.0000000000
87112  -54.504  -15.986  49.424 0.0000000000
87200  -55.779  -15.928  42.506 0.0000000000
87161  -56.003  -15.881  43.938 0.0000000000
88562  -56.278  -15.282  43.848 0.0000000000
85701  -57.385  -17.113  42.710 0.0000000000
84111  -58.555  -17.485  42.111 0.0000000000
81072  -61.781  -19.043  42.596 0.0000000000
97081  -63.489  -9.185  39.206 0.0000000000
88704  -51.524  -15.204  37.007 0.0000000000
87301  -52.759  -15.593  37.749 0.0000000000
88706  -53.094  -15.013  37.267 0.0000000000
90074  -55.361  -13.130  36.539 0.0000000000
90075  -55.941  -12.686  36.558 0.0000000000
91527  -55.992  -12.250  36.226 0.0000000000
93013  -55.419  -11.600  35.221 0.0000000000
93032  -54.533  -11.490  34.212 0.0000000000
53863  -14.217  -37.495  70.036 0.0000000000
57852  -20.386  -35.455  73.025 0.0000000000
56559  -20.148  -36.396  73.091 0.0000000000
55268  -19.777  -37.135  73.330 0.0000000000
55267  -19.013  -37.170  73.254 0.0000000000
52445  -19.037  -38.705  73.557 0.0000000000
51088  -17.563  -38.453  73.667 0.0000000000
55242  -16.225  -37.818  73.868 0.0000000000
52431  -16.293  -38.334  73.878 0.0000000000
52443  -16.120  -38.605  73.877 0.0000000000
51092  -15.694  -38.878  73.543 0.0000000000
51105  -15.831  -39.073  72.911 0.0000000000
51106  -16.762  -39.270  72.927 0.0000000000
51119  -17.376  -39.768  72.376 0.0000000000
79300  -47.808  -20.208  56.395 0.0000000000
80795  -48.372  -19.585  56.578 0.0000000000
80817  -48.416  -19.912  55.795 0.0000000000
82284  -48.682  -19.560  55.432 0.0000000000
82285  -48.925  -19.310  55.087 0.0000000000
80900  -49.433  -19.635  50.863 0.0000000000
80888  -49.807  -19.513  51.846 0.0000000000
82314  -51.012  -18.717  52.427 0.0000000000
82302  -51.416  -18.428  53.179 0.0000000000
82303  -52.040  -18.130  53.173 0.0000000000
82315  -51.844  -18.164  52.332 0.0000000000
83894  -52.028  -17.665  51.840 0.0000000000
83914  -52.246  -17.150  51.668 0.0000000000
85530  -52.006  -16.464  51.224 0.0000000000
83936  -51.286  -17.182  50.744 0.0000000000
85564  -49.080  -16.310  49.557 0.0000000000
85629  -44.887  -16.812  46.321 0.0000000000
85608  -45.548  -16.496  46.927 0.0000000000
87134  -44.672  -16.378  45.897 0.0000000000
88545  -44.910  -16.180  45.629 0.0000000000
88560  -45.111  -16.152  45.352 0.0000000000
87157  -44.324  -16.541  44.992 0.0000000000
87177  -43.921  -16.347  44.142 0.0000000000
85669  -43.586  -16.884  43.470 0.0000000000
67085  -26.316  -28.039  68.394 0.0000000000
68617  -25.931  -27.767  69.167 0.0000000000
68618  -26.824  -27.826  68.944 0.0000000000
68599  -27.133  -27.385  69.420 0.0000000000
70128  -27.460  -26.643  70.342 0.0000000000
74556  -30.449  -25.196  70.826 0.0000000000
73105  -29.815  -25.302  71.045 0.0000000000
71893  -30.105  -27.492  57.508 0.0000000000
71848  -31.285  -27.341  60.633 0.0000000000
70417  -33.961  -27.066  56.235 0.0000000000
70367  -34.421  -27.653  58.085 0.0000000000
70303  -36.410  -28.408  61.502 0.0000000000
70280  -34.742  -28.219  62.179 0.0000000000
70254  -34.338  -27.804  62.703 0.0000000000
70255  -34.956  -27.642  63.291 0.0000000000
70234  -35.152  -27.363  63.898 0.0000000000
71767  -36.440  -26.883  65.621 0.0000000000
71768  -37.283  -26.956  65.983 0.0000000000
62242  -20.612  -31.829  65.572 0.0000000000
62243  -20.464  -32.284  65.406 0.0000000000
60736  -20.469  -32.887  65.315 0.0000000000
59311  -20.137  -33.397  65.319 0.0000000000
59310  -19.746  -33.783  65.677 0.0000000000
60724  -20.291  -32.957  66.993 0.0000000000
60714  -20.227  -32.844  68.094 0.0000000000
60703  -20.005  -32.712  69.205 0.0000000000
67031  -20.539  -28.488  72.420 0.0000000000
67045  -20.234  -29.061  71.947 0.0000000000
81107  -47.281  -20.393  41.524 0.0000000000
81090  -48.449  -20.462  42.781 0.0000000000
81008  -52.683  -19.086  45.591 0.0000000000
80983  -53.237  -19.429  46.578 0.0000000000
82410  -53.859  -19.046  48.155 0.0000000000
82390  -54.338  -18.575  48.798 0.0000000000
82391  -55.198  -18.427  48.609 0.0000000000
83998  -56.349  -18.232  48.398 0.0000000000
83983  -57.171  -17.712  48.268 0.0000000000
79564  -57.117  -20.292  43.887 0.0000000000
81068  -56.420  -19.973  43.561 0.0000000000
79550  -57.442  -20.623  44.486 0.0000000000
79507  -58.281  -20.692  46.566 0.0000000000
94426  -58.041  -11.568  35.749 0.0000000000
92989  -59.040  -12.074  36.855 0.0000000000
94439  -57.907  -11.395  35.105 0.0000000000
94440  -58.469  -11.861  35.426 0.0000000000
94461  -58.678  -12.024  35.088 0.0000000000
94478  -61.299  -10.599  33.603 0.0000000000
95820  -61.491  -9.597  33.437 0.0000000000
95899  -60.524  -9.351  27.311 0.0000000000
95866  -61.012  -9.412  29.324 0.0000000000
95854  -61.450  -8.687  30.591 0.0000000000
97166  -62.143  -7.973  30.931 0.0000000000
98429  -63.063  -7.064  32.083 0.0000000000
98436  -62.956  -7.366  31.123 0.0000000000
97187  -64.540  -7.905  28.706 0.0000000000
98445  -65.276  -7.924  29.283 0.0000000000
76345  -43.043  -22.875  54.692 0.0000000000
76346  -44.006  -22.614  54.684 0.0000000000
76393  -43.184  -23.322  53.212 0.0000000000
74891  -42.804  -23.459  51.824 0.0000000000
74890  -41.831  -23.718  51.451 0.0000000000
65633  -27.031  -30.198  60.624 0.0000000000
68814  -29.062  -29.485  60.134 0.0000000000
71985  -35.976  -26.056  51.285 0.0000000000
71986  -36.668  -25.679  51.740 0.0000000000
73399  -37.367  -25.694  52.854 0.0000000000
73400  -37.834  -25.459  53.310 0.0000000000
74819  -38.411  -25.076  53.947 0.0000000000
74821  -38.994  -24.657  54.733 0.0000000000
74794  -39.482  -24.336  55.296 0.0000000000
76317  -40.280  -22.718  55.172 0.0000000000
88536  -47.220  -14.915  46.960 0.0000000000
88523  -48.527  -14.543  47.401 0.0000000000
88537  -48.041  -15.116  46.876 0.0000000000
87149  -47.954  -15.981  46.264 0.0000000000
85643  -48.588  -16.808  46.290 0.0000000000
85630  -49.005  -16.395  46.902 0.0000000000
85644  -49.194  -17.082  46.813 0.0000000000
84020  -49.650  -17.806  47.259 0.0000000000
88584  -57.573  -14.513  43.449 0.0000000000
88564  -58.084  -14.802  44.112 0.0000000000
87164  -58.575  -15.425  44.040 0.0000000000
87202  -59.992  -15.734  42.872 0.0000000000
85705  -60.742  -16.628  42.594 0.0000000000
87166  -60.257  -14.804  43.867 0.0000000000
85680  -61.367  -16.214  42.944 0.0000000000
84114  -61.282  -17.231  42.610 0.0000000000
81073  -63.039  -19.106  43.153 0.0000000000
91356  -63.151  -12.798  45.108 0.0000000000
92939  -63.280  -11.335  40.823 0.0000000000
56627  -16.109  -35.926  67.203 0.0000000000
56612  -15.701  -36.371  67.929 0.0000000000
55302  -16.584  -37.558  70.087 0.0000000000
79386  -47.856  -21.142  52.787 0.0000000000
80873  -48.252  -20.649  53.387 0.0000000000
79404  -48.875  -20.230  51.244 0.0000000000
79441  -48.030  -20.500  49.437 0.0000000000
79442  -48.513  -20.303  49.885 0.0000000000
79420  -48.704  -20.256  50.597 0.0000000000
80921  -48.922  -19.591  49.758 0.0000000000
82343  -49.461  -19.084  50.085 0.0000000000
82366  -49.236  -18.468  49.387 0.0000000000
82365  -48.820  -17.782  48.938 0.0000000000
82385  -48.318  -18.254  48.435 0.0000000000
82405  -45.936  -18.489  46.584 0.0000000000
84019  -45.338  -17.499  46.527 0.0000000000
84017  -44.195  -17.324  45.599 0.0000000000
85640  -43.409  -16.779  45.183 0.0000000000
68621  -29.070  -27.377  68.369 0.0000000000
70164  -28.884  -27.050  68.934 0.0000000000
70165  -29.651  -26.908  68.628 0.0000000000
71709  -29.969  -26.223  69.465 0.0000000000
73141  -30.223  -25.840  69.901 0.0000000000
73156  -31.137  -25.661  68.940 0.0000000000
73142  -30.763  -25.614  69.612 0.0000000000
74577  -30.985  -25.182  70.476 0.0000000000
74557  -31.107  -25.061  70.709 0.0000000000
74618  -33.849  -24.414  68.975 0.0000000000
71931  -30.015  -27.433  55.755 0.0000000000
71915  -30.393  -27.393  56.610 0.0000000000
71877  -31.414  -27.181  57.741 0.0000000000
70369  -36.615  -28.006  58.208 0.0000000000
70325  -37.259  -28.167  60.785 0.0000000000
68817  -38.776  -27.831  60.377 0.0000000000
68717  -37.690  -27.911  64.415 0.0000000000
68718  -38.567  -28.249  64.580 0.0000000000
67204  -40.292  -28.462  64.019 0.0000000000
67188  -40.118  -28.472  64.517 0.0000000000
67169  -40.031  -28.464  65.527 0.0000000000
62286  -20.696  -31.837  63.393 0.0000000000
63908  -21.028  -31.484  64.978 0.0000000000
65550  -21.116  -31.217  65.804 0.0000000000
63907  -20.814  -31.556  65.461 0.0000000000
63830  -20.171  -30.880  69.077 0.0000000000
65455  -20.676  -29.420  70.529 0.0000000000
67046  -20.830  -28.649  71.397 0.0000000000
82533  -50.324  -19.251  41.768 0.0000000000
82509  -50.089  -19.631  42.323 0.0000000000
82510  -50.756  -19.397  42.475 0.0000000000
82512  -52.158  -18.420  43.054 0.0000000000
82466  -52.365  -18.517  44.172 0.0000000000
81039  -52.697  -18.838  44.924 0.0000000000
94505  -55.428  -11.430  31.647 0.0000000000
93080  -56.570  -11.553  31.959 0.0000000000
94506  -56.204  -11.348  31.172 0.0000000000
93086  -56.854  -11.341  31.260 0.0000000000
97185  -62.846  -8.269  29.293 0.0000000000
95881  -63.959  -8.295  28.467 0.0000000000
95902  -64.222  -8.533  27.808 0.0000000000
57889  -20.427  -34.827  69.279 0.0000000000
56590  -20.588  -35.418  70.908 0.0000000000
57842  -20.696  -35.749  73.182 0.0000000000
79279  -46.676  -20.824  57.072 0.0000000000
79280  -47.337  -20.444  56.888 0.0000000000
76347  -44.562  -22.462  54.348 0.0000000000
77837  -45.054  -22.405  54.039 0.0000000000
76408  -44.690  -23.348  52.338 0.0000000000
77838  -45.841  -22.183  53.522 0.0000000000
79365  -46.315  -21.828  53.388 0.0000000000
79366  -46.822  -21.514  53.208 0.0000000000
79385  -47.391  -21.648  52.073 0.0000000000
77880  -46.956  -21.939  50.375 0.0000000000
76429  -45.969  -22.777  49.917 0.0000000000
76430  -46.536  -22.408  49.378 0.0000000000
76445  -46.670  -22.152  48.973 0.0000000000
77918  -46.306  -21.838  47.912 0.0000000000
77968  -45.429  -21.700  46.816 0.0000000000
67107  -23.698  -28.750  67.521 0.0000000000
65532  -24.943  -29.288  66.113 0.0000000000
67109  -25.992  -28.457  67.591 0.0000000000
67110  -27.212  -28.272  67.714 0.0000000000
67111  -28.318  -28.135  67.385 0.0000000000
67200  -26.383  -29.488  64.153 0.0000000000
67201  -27.268  -29.426  63.951 0.0000000000
67138  -28.018  -28.576  66.661 0.0000000000
68664  -29.285  -28.031  67.381 0.0000000000
68665  -29.928  -27.864  66.922 0.0000000000
68666  -30.553  -27.320  66.959 0.0000000000
68714  -30.254  -28.287  65.171 0.0000000000
70212  -30.594  -27.586  66.013 0.0000000000
70213  -30.862  -27.094  66.165 0.0000000000
71761  -31.351  -26.514  65.825 0.0000000000
70487  -33.241  -27.426  53.244 0.0000000000
70489  -35.754  -26.824  52.888 0.0000000000
70464  -36.363  -26.867  54.009 0.0000000000
71932  -36.958  -26.934  54.506 0.0000000000
70371  -38.660  -27.515  58.497 0.0000000000
70372  -39.623  -27.132  58.314 0.0000000000
70349  -39.738  -27.212  59.183 0.0000000000
70350  -40.698  -26.855  59.290 0.0000000000
70330  -42.477  -26.578  60.896 0.0000000000
71865  -42.801  -25.844  60.190 0.0000000000
73260  -43.113  -24.826  60.356 0.0000000000
73244  -42.832  -23.986  60.627 0.0000000000
73258  -41.940  -24.022  59.235 0.0000000000
74718  -42.299  -23.629  60.532 0.0000000000
74706  -42.692  -23.441  61.230 0.0000000000
74691  -42.350  -23.008  61.443 0.0000000000
77693  -42.159  -22.604  61.049 0.0000000000
77708  -42.221  -22.039  60.963 0.0000000000
74775  -40.379  -23.306  56.829 0.0000000000
76283  -40.545  -22.966  57.255 0.0000000000
77756  -40.721  -22.650  57.784 0.0000000000
77778  -41.299  -22.123  57.063 0.0000000000
77757  -41.287  -22.324  58.119 0.0000000000
79273  -41.723  -22.519  58.930 0.0000000000
79249  -41.713  -22.515  59.560 0.0000000000
79225  -42.220  -22.210  60.103 0.0000000000
79205  -43.524  -21.484  60.779 0.0000000000
65571  -21.965  -30.939  64.521 0.0000000000
65584  -22.613  -30.760  63.465 0.0000000000
65530  -22.976  -29.533  66.391 0.0000000000
89791  -54.200  -13.840  53.377 0.0000000000
91284  -51.643  -13.402  50.668 0.0000000000
91262  -52.592  -13.663  51.261 0.0000000000
91243  -54.244  -12.908  52.496 0.0000000000
91264  -54.182  -12.859  51.457 0.0000000000
88508  -49.835  -14.299  48.320 0.0000000000
89883  -50.641  -13.853  48.482 0.0000000000
88526  -50.931  -14.950  48.060 0.0000000000
89898  -50.916  -14.389  48.275 0.0000000000
89864  -51.823  -13.720  48.883 0.0000000000
91330  -52.937  -13.539  49.506 0.0000000000
92803  -53.801  -13.239  49.897 0.0000000000
88514  -54.860  -14.365  49.321 0.0000000000
85699  -54.162  -16.999  42.596 0.0000000000
85673  -53.894  -16.860  43.608 0.0000000000
87179  -54.317  -16.602  43.649 0.0000000000
84081  -55.036  -17.796  43.580 0.0000000000
82513  -55.716  -18.692  42.850 0.0000000000
84083  -56.457  -17.392  43.042 0.0000000000
82514  -56.454  -18.730  42.592 0.0000000000
81096  -56.889  -19.498  42.794 0.0000000000
81070  -57.832  -20.264  43.247 0.0000000000
79566  -58.413  -20.630  43.482 0.0000000000
85703  -58.916  -16.321  42.650 0.0000000000
82517  -59.306  -18.396  42.056 0.0000000000
81071  -60.816  -19.416  42.610 0.0000000000
79582  -60.434  -19.763  42.623 0.0000000000
79567  -59.636  -20.882  43.535 0.0000000000
52459  -13.639  -38.344  72.215 0.0000000000
82507  -44.290  -19.361  42.206 0.0000000000
81086  -44.895  -20.009  42.067 0.0000000000
81106  -46.232  -20.506  41.518 0.0000000000
81118  -46.028  -20.181  40.680 0.0000000000
82530  -47.984  -19.729  41.284 0.0000000000
82549  -48.548  -19.456  40.725 0.0000000000
84164  -47.490  -18.859  39.497 0.0000000000
82550  -49.076  -19.411  41.036 0.0000000000
84142  -50.713  -18.242  40.312 0.0000000000
84143  -51.726  -17.915  40.505 0.0000000000
84144  -52.332  -17.593  40.537 0.0000000000
85717  -52.962  -17.433  40.942 0.0000000000
85753  -52.054  -16.929  39.339 0.0000000000
85730  -52.604  -17.279  40.073 0.0000000000
85718  -53.782  -17.209  41.391 0.0000000000
85732  -54.247  -17.059  40.674 0.0000000000
85733  -54.976  -16.833  40.782 0.0000000000
87231  -55.582  -16.539  41.084 0.0000000000
87217  -56.103  -16.049  41.763 0.0000000000
87218  -56.545  -15.856  41.356 0.0000000000
87233  -56.791  -15.870  40.715 0.0000000000
88729  -53.291  -14.410  36.699 0.0000000000
88730  -54.043  -14.121  36.839 0.0000000000
88707  -54.283  -14.849  37.588 0.0000000000
88680  -55.243  -15.471  38.099 0.0000000000
87272  -56.366  -15.835  39.141 0.0000000000
88639  -57.433  -15.596  40.711 0.0000000000
88621  -57.803  -14.997  41.623 0.0000000000
88640  -58.282  -15.340  40.527 0.0000000000
88660  -58.436  -15.151  39.259 0.0000000000
88641  -59.253  -15.038  40.228 0.0000000000
88642  -60.081  -14.525  39.816 0.0000000000
88662  -60.184  -14.303  38.606 0.0000000000
89995  -60.928  -14.173  39.296 0.0000000000
88685  -59.980  -13.551  38.074 0.0000000000
90057  -58.874  -12.718  37.524 0.0000000000
92988  -58.053  -12.037  36.606 0.0000000000
92987  -57.218  -11.860  36.641 0.0000000000
93002  -57.358  -11.549  36.055 0.0000000000
93015  -57.236  -11.388  35.236 0.0000000000
93063  -55.728  -11.686  32.994 0.0000000000
94492  -54.837  -11.476  32.438 0.0000000000
94493  -55.466  -11.613  32.357 0.0000000000
94515  -54.580  -11.121  30.787 0.0000000000
55323  -19.962  -36.337  69.609 0.0000000000
55322  -19.360  -36.669  69.394 0.0000000000
55304  -19.006  -37.179  70.145 0.0000000000
56577  -19.277  -36.917  71.389 0.0000000000
55292  -18.675  -37.265  71.129 0.0000000000
55303  -18.133  -37.497  70.275 0.0000000000
53855  -17.437  -37.523  70.415 0.0000000000
53844  -16.920  -37.430  70.775 0.0000000000
55290  -16.724  -37.411  71.013 0.0000000000
55256  -19.463  -37.812  73.686 0.0000000000
55255  -18.115  -37.512  73.566 0.0000000000
55243  -18.113  -37.839  73.752 0.0000000000
56556  -17.162  -37.043  72.684 0.0000000000
55279  -16.573  -37.099  72.112 0.0000000000
55289  -15.699  -37.335  71.395 0.0000000000
55288  -14.730  -37.345  71.639 0.0000000000
55253  -15.764  -37.752  73.615 0.0000000000
55264  -14.981  -37.551  73.060 0.0000000000
51115  -13.913  -39.047  72.246 0.0000000000
51117  -16.124  -39.538  72.413 0.0000000000
49718  -15.508  -40.055  71.734 0.0000000000
91162  -54.160  -13.972  57.377 0.0000000000
89736  -53.690  -13.983  56.669 0.0000000000
83798  -48.302  -18.541  59.618 0.0000000000
82244  -48.596  -18.747  57.722 0.0000000000
80860  -48.718  -20.265  54.003 0.0000000000
82286  -49.683  -19.221  54.734 0.0000000000
82287  -50.253  -18.877  54.269 0.0000000000
83849  -50.109  -18.660  55.595 0.0000000000
83834  -50.952  -17.592  56.744 0.0000000000
87005  -52.776  -16.283  56.449 0.0000000000
85470  -52.731  -16.518  55.852 0.0000000000
83866  -52.512  -17.000  54.335 0.0000000000
85486  -52.909  -16.602  54.986 0.0000000000
87006  -53.288  -15.561  55.832 0.0000000000
87018  -53.284  -15.890  54.960 0.0000000000
87019  -53.563  -15.315  54.573 0.0000000000
88449  -53.642  -14.886  52.683 0.0000000000
88459  -52.600  -14.977  51.473 0.0000000000
88458  -51.984  -14.746  51.061 0.0000000000
85529  -51.674  -15.901  50.869 0.0000000000
87046  -51.351  -15.338  50.777 0.0000000000
88475  -50.249  -14.690  49.887 0.0000000000
88474  -49.671  -14.385  49.450 0.0000000000
88507  -48.446  -14.473  48.510 0.0000000000
89894  -47.452  -14.330  47.390 0.0000000000
83957  -48.569  -16.986  48.703 0.0000000000
85582  -47.657  -16.357  48.514 0.0000000000
85580  -46.001  -15.879  47.449 0.0000000000
87108  -47.268  -15.374  48.123 0.0000000000
88505  -47.106  -14.990  47.717 0.0000000000
88522  -47.258  -14.445  47.603 0.0000000000
89906  -47.118  -14.240  46.888 0.0000000000
87159  -45.789  -16.573  45.250 0.0000000000
87158  -45.099  -16.547  45.122 0.0000000000
85651  -45.511  -17.297  44.910 0.0000000000
79503  -44.779  -21.321  45.895 0.0000000000
81001  -43.975  -19.685  45.106 0.0000000000
82439  -43.681  -18.760  44.854 0.0000000000
82463  -43.206  -18.623  44.308 0.0000000000
84058  -43.448  -18.145  44.700 0.0000000000
84057  -42.937  -17.564  44.569 0.0000000000
85650  -42.433  -16.649  44.323 0.0000000000
87175  -42.412  -16.095  43.725 0.0000000000
85695  -43.358  -17.404  42.651 0.0000000000
67067  -24.175  -28.076  69.372 0.0000000000
68595  -24.288  -27.668  69.961 0.0000000000
68597  -25.680  -27.432  69.940 0.0000000000
70145  -28.679  -26.753  69.665 0.0000000000
70129  -28.195  -26.652  70.252 0.0000000000
67254  -28.671  -29.342  58.695 0.0000000000
68815  -29.437  -28.873  60.314 0.0000000000
70297  -30.390  -28.041  61.981 0.0000000000
70298  -30.870  -27.589  62.440 0.0000000000
70277  -31.258  -27.474  63.025 0.0000000000
71801  -31.930  -26.837  64.164 0.0000000000
71784  -32.304  -26.536  64.796 0.0000000000
71763  -32.739  -26.251  65.522 0.0000000000
70436  -31.626  -26.922  55.271 0.0000000000
70416  -32.955  -27.070  56.213 0.0000000000
70415  -32.096  -26.780  56.181 0.0000000000
70364  -32.035  -27.042  57.911 0.0000000000
70341  -32.356  -27.241  58.819 0.0000000000
70322  -34.584  -28.103  60.077 0.0000000000
71850  -32.646  -27.402  59.979 0.0000000000
71785  -32.944  -26.426  64.520 0.0000000000
73201  -33.827  -26.131  66.385 0.0000000000
73191  -34.459  -25.705  66.883 0.0000000000
71749  -35.066  -26.130  66.340 0.0000000000
73192  -35.390  -25.633  66.992 0.0000000000
73179  -35.574  -25.466  67.820 0.0000000000
70215  -37.169  -27.370  65.281 0.0000000000
71769  -37.562  -27.077  66.069 0.0000000000
71752  -37.571  -26.929  66.289 0.0000000000
56630  -18.708  -35.712  67.344 0.0000000000
60773  -19.947  -32.837  64.026 0.0000000000
57939  -18.550  -34.679  65.118 0.0000000000
81059  -45.803  -20.128  43.312 0.0000000000
81033  -46.944  -19.746  44.460 0.0000000000
81034  -47.859  -19.928  44.923 0.0000000000
80978  -47.773  -19.364  46.194 0.0000000000
82428  -49.855  -18.735  47.091 0.0000000000
84021  -50.162  -18.345  47.417 0.0000000000
81092  -50.422  -20.009  43.036 0.0000000000
81007  -51.586  -19.029  45.957 0.0000000000
80981  -51.601  -18.985  46.685 0.0000000000
81006  -50.604  -19.342  46.046 0.0000000000
82429  -50.646  -18.873  47.096 0.0000000000
82407  -51.004  -18.532  47.673 0.0000000000
83997  -51.219  -17.962  48.339 0.0000000000
83978  -52.901  -17.618  48.922 0.0000000000
85587  -54.743  -16.936  49.355 0.0000000000
83980  -55.034  -17.872  49.185 0.0000000000
85588  -55.817  -17.087  49.331 0.0000000000
84080  -53.680  -17.062  44.049 0.0000000000
82469  -54.069  -18.405  44.277 0.0000000000
81042  -55.698  -20.173  44.159 0.0000000000
79526  -55.946  -20.386  44.722 0.0000000000
80964  -56.770  -19.614  47.281 0.0000000000
84000  -57.616  -18.300  48.021 0.0000000000
90017  -61.347  -13.244  38.853 0.0000000000
91472  -61.851  -12.657  38.852 0.0000000000
92974  -59.808  -11.574  37.978 0.0000000000
91498  -61.221  -12.304  38.295 0.0000000000
91499  -61.951  -12.055  38.587 0.0000000000
92977  -62.376  -11.417  38.756 0.0000000000
94405  -62.741  -10.709  39.040 0.0000000000
93037  -58.911  -12.141  34.521 0.0000000000
93016  -59.272  -12.227  34.981 0.0000000000
93038  -60.016  -12.162  34.113 0.0000000000
94429  -60.578  -11.023  36.275 0.0000000000
94404  -62.323  -10.513  38.132 0.0000000000
95763  -62.487  -9.819  38.042 0.0000000000
97090  -62.438  -9.245  37.958 0.0000000000
97102  -62.521  -8.555  37.533 0.0000000000
95783  -62.057  -9.181  36.559 0.0000000000
97112  -62.325  -8.561  36.661 0.0000000000
98381  -62.727  -7.807  37.016 0.0000000000
94509  -59.459  -10.062  31.117 0.0000000000
94510  -60.359  -9.769  31.344 0.0000000000
95835  -61.038  -9.604  32.134 0.0000000000
95846  -61.425  -8.624  31.514 0.0000000000
97151  -61.982  -7.974  32.694 0.0000000000
98411  -62.175  -7.798  34.080 0.0000000000
98412  -62.708  -7.217  33.929 0.0000000000
97177  -63.232  -7.785  29.661 0.0000000000
98444  -64.719  -7.808  29.698 0.0000000000
49697  -17.031  -39.036  73.406 0.0000000000
49720  -17.702  -40.006  72.297 0.0000000000
51086  -16.482  -38.476  73.813 0.0000000000
51087  -16.815  -38.431  73.712 0.0000000000
51093  -16.488  -38.730  73.587 0.0000000000
51107  -17.315  -39.617  72.576 0.0000000000
52429  -15.817  -38.525  74.003 0.0000000000
52430  -15.904  -38.301  74.017 0.0000000000
52432  -17.237  -38.131  73.776 0.0000000000
52442  -16.070  -38.826  73.860 0.0000000000
52444  -18.909  -38.524  73.642 0.0000000000
52453  -15.101  -38.337  73.116 0.0000000000
53802  -15.866  -38.162  73.998 0.0000000000
53803  -16.047  -37.976  73.990 0.0000000000
53805  -17.960  -38.040  73.800 0.0000000000
53806  -18.926  -37.944  73.809 0.0000000000
53814  -15.624  -38.022  73.679 0.0000000000
53818  -19.874  -38.084  73.873 0.0000000000
53825  -19.930  -37.739  73.631 0.0000000000
53826  -20.063  -37.464  73.500 0.0000000000
53845  -17.142  -37.448  70.768 0.0000000000
53854  -16.982  -37.490  70.517 0.0000000000
55241  -15.923  -37.781  73.897 0.0000000000
55257  -20.293  -37.419  73.680 0.0000000000
55269  -20.139  -37.025  73.427 0.0000000000
56545  -17.461  -37.243  73.304 0.0000000000
56547  -21.033  -36.265  73.450 0.0000000000
56567  -17.179  -37.027  72.288 0.0000000000
56628  -17.028  -36.016  67.350 0.0000000000
57832  -20.934  -36.000  73.243 0.0000000000
59344  -19.573  -33.345  64.111 0.0000000000
59345  -20.053  -33.037  64.376 0.0000000000
60772  -19.574  -33.134  63.746 0.0000000000
60797  -18.362  -33.364  62.845 0.0000000000
62223  -20.484  -32.559  65.750 0.0000000000
62265  -20.626  -31.754  65.280 0.0000000000
62267  -20.963  -31.595  64.284 0.0000000000
65569  -21.091  -31.368  65.445 0.0000000000
65615  -21.822  -30.992  61.721 0.0000000000
65616  -22.204  -30.938  61.756 0.0000000000
67112  -28.887  -28.171  67.375 0.0000000000
67134  -23.935  -29.098  66.980 0.0000000000
67189  -40.985  -28.560  64.589 0.0000000000
68616  -25.284  -27.836  69.498 0.0000000000
68641  -27.313  -27.944  68.430 0.0000000000
68643  -28.806  -27.867  67.897 0.0000000000
68689  -30.465  -27.585  66.409 0.0000000000
68715  -36.400  -27.706  64.026 0.0000000000
68768  -36.853  -28.287  62.683 0.0000000000
68838  -38.433  -27.756  59.881 0.0000000000
70127  -26.708  -26.585  70.599 0.0000000000
70181  -30.097  -27.170  68.061 0.0000000000
70182  -30.551  -26.871  67.708 0.0000000000
70198  -38.759  -27.456  66.333 0.0000000000
70236  -36.487  -27.369  64.862 0.0000000000
70257  -36.515  -28.124  62.906 0.0000000000
70278  -33.645  -27.426  61.603 0.0000000000
70283  -36.998  -28.467  62.316 0.0000000000
70304  -37.089  -28.499  61.722 0.0000000000
70319  -32.646  -27.372  59.496 0.0000000000
70465  -36.956  -26.639  53.801 0.0000000000
71708  -29.241  -26.428  69.728 0.0000000000
71721  -30.139  -26.533  68.749 0.0000000000
71732  -31.083  -26.356  67.532 0.0000000000
71733  -33.271  -25.160  67.566 0.0000000000
71734  -33.502  -25.113  67.486 0.0000000000
71746  -33.170  -25.380  67.349 0.0000000000
71864  -42.297  -25.946  59.508 0.0000000000
71894  -30.885  -27.289  57.351 0.0000000000
71895  -31.288  -27.198  57.217 0.0000000000
71949  -37.444  -26.380  53.945 0.0000000000
73125  -30.638  -25.459  70.039 0.0000000000
73126  -31.175  -25.245  69.986 0.0000000000
73174  -32.055  -25.556  67.867 0.0000000000
73176  -33.341  -24.808  67.837 0.0000000000
73291  -40.291  -24.997  57.049 0.0000000000
73359  -38.926  -24.772  54.944 0.0000000000
73380  -38.822  -24.812  54.719 0.0000000000
74576  -30.490  -25.306  70.594 0.0000000000
74600  -34.122  -24.059  69.764 0.0000000000
74631  -32.946  -24.641  68.038 0.0000000000
74632  -32.981  -24.322  68.118 0.0000000000
74717  -41.728  -23.588  60.150 0.0000000000
74795  -39.152  -24.651  54.925 0.0000000000
76226  -42.297  -22.690  61.498 0.0000000000
76320  -43.441  -22.646  55.337 0.0000000000
76321  -43.960  -22.607  55.259 0.0000000000
76371  -41.795  -23.192  53.858 0.0000000000
76388  -39.918  -23.454  52.368 0.0000000000
76407  -43.587  -23.423  52.388 0.0000000000
77681  -42.269  -22.429  61.493 0.0000000000
77694  -42.276  -22.112  61.383 0.0000000000
77706  -41.668  -22.701  60.507 0.0000000000
77707  -42.015  -22.476  60.927 0.0000000000
77740  -40.804  -22.708  58.277 0.0000000000
77741  -41.177  -22.751  58.902 0.0000000000
77783  -45.457  -22.122  56.124 0.0000000000
77839  -46.195  -21.868  53.027 0.0000000000
78015  -59.395  -21.468  44.628 0.0000000000
78028  -58.450  -20.961  44.057 0.0000000000
79202  -41.892  -22.468  60.540 0.0000000000
79203  -42.107  -22.226  60.585 0.0000000000
79486  -45.573  -20.334  46.607 0.0000000000
79548  -56.196  -20.387  44.492 0.0000000000
79565  -57.690  -20.458  43.755 0.0000000000
80744  -46.577  -20.376  59.279 0.0000000000
80758  -46.347  -20.867  58.277 0.0000000000
80818  -48.720  -19.569  56.045 0.0000000000
80840  -49.495  -19.559  54.206 0.0000000000
80874  -48.928  -20.273  53.086 0.0000000000
80940  -48.888  -19.169  49.179 0.0000000000
80941  -52.250  -18.810  48.156 0.0000000000
80942  -52.571  -18.944  48.227 0.0000000000
80977  -47.590  -19.156  46.169 0.0000000000
80979  -49.593  -19.124  46.784 0.0000000000
81003  -47.607  -19.374  45.814 0.0000000000
81013  -57.160  -20.353  46.145 0.0000000000
81043  -56.252  -20.272  44.135 0.0000000000
81066  -54.704  -19.043  43.390 0.0000000000
81069  -57.306  -20.065  43.276 0.0000000000
81094  -55.715  -19.137  42.972 0.0000000000
81100  -60.803  -18.794  42.441 0.0000000000
82243  -48.132  -19.302  57.946 0.0000000000
82257  -48.845  -19.026  56.806 0.0000000000
82271  -48.719  -19.545  55.715 0.0000000000
82273  -49.436  -19.090  55.411 0.0000000000
82330  -51.689  -17.915  51.674 0.0000000000
82387  -51.773  -18.122  48.414 0.0000000000
82408  -51.484  -18.376  48.109 0.0000000000
82426  -47.728  -19.102  46.443 0.0000000000
82427  -47.944  -19.347  46.464 0.0000000000
82430  -51.420  -18.850  47.258 0.0000000000
82431  -51.845  -18.852  47.627 0.0000000000
82444  -51.012  -19.013  46.416 0.0000000000
82446  -52.920  -18.727  45.006 0.0000000000
82489  -61.775  -17.945  42.727 0.0000000000
82511  -51.524  -18.900  42.779 0.0000000000
82516  -58.267  -18.639  42.120 0.0000000000
82531  -48.700  -19.730  41.427 0.0000000000
82547  -46.657  -19.723  40.249 0.0000000000
83882  -52.395  -17.407  53.558 0.0000000000
83913  -51.697  -17.425  51.228 0.0000000000
83935  -50.672  -17.428  50.432 0.0000000000
83958  -49.249  -17.357  49.204 0.0000000000
83982  -56.652  -17.873  48.490 0.0000000000
83994  -46.581  -17.154  47.520 0.0000000000
84066  -56.082  -17.129  43.536 0.0000000000
84082  -55.653  -17.747  43.173 0.0000000000
84108  -56.105  -18.039  42.612 0.0000000000
84109  -56.782  -17.974  42.492 0.0000000000
84113  -60.534  -17.298  42.240 0.0000000000
84128  -49.995  -19.168  41.221 0.0000000000
84139  -47.835  -19.366  39.809 0.0000000000
84167  -50.470  -17.672  39.557 0.0000000000
85468  -51.354  -17.292  56.728 0.0000000000
85469  -52.103  -17.003  56.364 0.0000000000
85517  -53.350  -15.874  53.199 0.0000000000
85545  -51.201  -16.404  50.564 0.0000000000
85546  -51.519  -16.867  50.955 0.0000000000
85583  -51.176  -16.429  48.440 0.0000000000
85612  -51.216  -16.141  48.340 0.0000000000
85639  -42.844  -16.632  44.893 0.0000000000
85654  -53.974  -16.814  44.130 0.0000000000
85655  -54.526  -16.642  44.163 0.0000000000
85656  -55.348  -16.563  44.073 0.0000000000
85657  -56.322  -16.475  43.827 0.0000000000
85659  -57.983  -15.831  44.227 0.0000000000
85674  -54.261  -16.631  43.891 0.0000000000
85675  -56.523  -16.954  43.515 0.0000000000
85676  -57.124  -16.726  43.265 0.0000000000
85677  -58.202  -16.169  43.621 0.0000000000
85678  -58.748  -15.900  43.324 0.0000000000
85679  -60.542  -15.998  42.804 0.0000000000
85719  -54.710  -16.850  41.725 0.0000000000
85720  -55.178  -16.681  41.396 0.0000000000
85731  -53.424  -17.194  40.369 0.0000000000
85756  -54.565  -16.835  40.048 0.0000000000
85788  -52.966  -16.454  38.789 0.0000000000
87007  -53.556  -14.906  55.355 0.0000000000
87037  -53.367  -15.681  52.644 0.0000000000
87067  -50.698  -15.686  50.328 0.0000000000
87125  -45.676  -15.476  46.989 0.0000000000
87126  -46.072  -14.983  47.291 0.0000000000
87154  -42.074  -16.028  44.117 0.0000000000
87155  -42.657  -15.959  44.463 0.0000000000
87162  -56.763  -15.641  44.114 0.0000000000
87174  -41.963  -16.155  43.742 0.0000000000
87181  -58.697  -15.745  43.651 0.0000000000
87182  -59.304  -15.609  43.343 0.0000000000
87183  -60.525  -15.325  43.470 0.0000000000
87197  -54.404  -16.619  43.323 0.0000000000
87198  -54.872  -16.328  42.995 0.0000000000
87216  -55.382  -16.380  41.965 0.0000000000
87249  -57.000  -15.805  40.020 0.0000000000
88405  -53.425  -14.478  56.524 0.0000000000
88460  -53.272  -15.263  51.941 0.0000000000
88476  -50.728  -14.931  50.515 0.0000000000
88490  -48.268  -14.656  48.564 0.0000000000
88492  -54.099  -14.904  49.354 0.0000000000
88493  -54.735  -14.751  49.385 0.0000000000
88494  -55.506  -14.449  49.624 0.0000000000
88509  -50.267  -14.324  48.340 0.0000000000
88511  -52.587  -14.617  48.743 0.0000000000
88513  -54.363  -14.416  49.238 0.0000000000
88549  -47.413  -15.494  46.510 0.0000000000
88550  -62.937  -13.723  44.952 0.0000000000
88559  -44.799  -16.321  45.276 0.0000000000
88561  -55.662  -15.541  43.786 0.0000000000
88563  -57.126  -14.992  43.988 0.0000000000
88581  -55.321  -15.813  43.401 0.0000000000
88582  -55.876  -15.302  43.393 0.0000000000
88585  -58.599  -14.440  43.483 0.0000000000
88587  -61.116  -14.985  43.793 0.0000000000
88600  -55.205  -15.899  42.974 0.0000000000
88601  -55.573  -15.652  42.896 0.0000000000
88619  -56.438  -15.578  41.805 0.0000000000
88620  -56.901  -15.351  41.610 0.0000000000
88679  -54.626  -15.455  37.993 0.0000000000
89722  -53.131  -14.845  57.327 0.0000000000
89735  -53.372  -14.384  56.942 0.0000000000
89807  -52.407  -14.083  51.446 0.0000000000
89809  -53.677  -14.083  52.630 0.0000000000
89822  -51.510  -14.220  50.782 0.0000000000
89824  -52.527  -13.892  51.490 0.0000000000
89843  -49.811  -14.081  49.526 0.0000000000
89846  -51.688  -13.979  50.864 0.0000000000
89863  -49.857  -13.736  49.392 0.0000000000
89865  -52.160  -13.770  48.937 0.0000000000
89881  -48.977  -14.239  48.497 0.0000000000
89884  -51.493  -13.897  48.567 0.0000000000
89893  -46.897  -14.140  47.126 0.0000000000
89896  -49.086  -14.157  48.007 0.0000000000
89897  -50.506  -14.341  48.320 0.0000000000
89905  -46.823  -14.358  46.991 0.0000000000
89914  -63.062  -13.179  45.159 0.0000000000
89915  -63.354  -13.371  44.904 0.0000000000
89954  -59.776  -13.925  43.068 0.0000000000
90018  -61.998  -13.117  39.432 0.0000000000
90036  -59.444  -12.981  37.723 0.0000000000
90037  -60.154  -12.853  38.009 0.0000000000
90056  -58.340  -12.875  37.386 0.0000000000
91178  -53.934  -13.783  57.198 0.0000000000
91179  -54.205  -13.720  57.180 0.0000000000
91242  -53.517  -13.589  52.209 0.0000000000
91261  -52.029  -13.893  51.010 0.0000000000
91263  -53.459  -13.255  51.483 0.0000000000
91286  -53.451  -13.088  50.899 0.0000000000
91287  -53.788  -12.888  50.957 0.0000000000
91304  -49.638  -13.568  49.078 0.0000000000
91305  -49.928  -13.547  49.256 0.0000000000
91306  -50.579  -13.370  49.481 0.0000000000
91307  -51.748  -13.564  49.048 0.0000000000
91308  -51.831  -13.498  49.262 0.0000000000
91328  -51.495  -13.438  49.190 0.0000000000
91329  -52.135  -13.457  49.447 0.0000000000
91332  -54.047  -13.352  49.757 0.0000000000
91357  -63.291  -13.023  45.099 0.0000000000
91368  -60.720  -13.592  44.032 0.0000000000
91369  -60.924  -13.564  44.166 0.0000000000
91370  -61.236  -13.585  44.239 0.0000000000
91371  -63.072  -12.756  44.755 0.0000000000
91391  -60.554  -13.640  43.900 0.0000000000
91392  -60.731  -13.523  43.882 0.0000000000
91495  -59.120  -12.099  37.443 0.0000000000
91511  -56.735  -12.466  36.705 0.0000000000
91513  -58.631  -12.341  37.169 0.0000000000
92767  -50.877  -12.948  49.766 0.0000000000
92769  -51.942  -12.846  50.051 0.0000000000
92771  -53.661  -13.012  50.654 0.0000000000
92785  -52.184  -13.110  50.306 0.0000000000
92786  -53.031  -13.121  50.163 0.0000000000
92788  -54.143  -13.185  50.197 0.0000000000
92801  -52.592  -13.180  49.896 0.0000000000
92802  -53.350  -13.226  49.863 0.0000000000
92804  -53.904  -13.057  50.105 0.0000000000
92973  -59.340  -11.774  37.568 0.0000000000
92992  -60.985  -11.308  37.482 0.0000000000
93000  -55.638  -11.986  35.782 0.0000000000
93017  -59.624  -12.232  34.898 0.0000000000
93034  -56.460  -11.490  34.555 0.0000000000
93064  -56.592  -11.735  32.902 0.0000000000
94417  -60.050  -11.345  36.884 0.0000000000
94441  -59.264  -12.227  35.421 0.0000000000
94460  -58.345  -11.637  34.875 0.0000000000
95794  -62.256  -8.924  36.072 0.0000000000
97101  -62.163  -9.135  37.283 0.0000000000
97142  -61.811  -8.280  33.410 0.0000000000
98370  -62.864  -8.203  37.794 0.0000000000
98398  -62.173  -7.935  34.489 0.0000000000
98430  -63.609  -6.980  31.666 0.0000000000
98435  -62.488  -7.547  31.677 0.0000000000
98450  -65.036  -7.763  28.861 0.0000000000
