#!ascii label  , from subject sub-01 vox2ras=TkReg
1697
120315  -43.944  10.817  29.178 0.0000000000
106400  -53.390  -1.380  11.171 0.0000000000
124404  -54.289  14.459  22.281 0.0000000000
110246  -54.321  1.383  22.762 0.0000000000
122304  -56.909  12.743  34.005 0.0000000000
115041  -51.818  5.150  17.003 0.0000000000
118439  -53.787  8.037  10.505 0.0000000000
123513  -47.823  13.624  12.760 0.0000000000
112518  -51.947  3.800  36.190 0.0000000000
114923  -47.483  5.267  26.481 0.0000000000
110287  -51.391  1.569  19.634 0.0000000000
117256  -47.830  7.519  21.335 0.0000000000
125542  -58.446  14.755  16.342 0.0000000000
122490  -55.482  11.880  13.652 0.0000000000
122548  -54.938  12.347  9.031 0.0000000000
121505  -50.294  11.918  11.746 0.0000000000
124566  -50.190  14.603  8.587 0.0000000000
106383  -49.722  -0.890  11.515 0.0000000000
124329  -46.451  14.754  33.332 0.0000000000
123393  -48.446  13.505  25.387 0.0000000000
114990  -57.338  5.655  20.746 0.0000000000
118263  -52.499  8.305  27.407 0.0000000000
120295  -49.491  11.069  31.843 0.0000000000
118156  -55.603  8.447  38.558 0.0000000000
110351  -51.173  1.165  13.367 0.0000000000
112789  -48.579  3.246  10.778 0.0000000000
120416  -50.984  10.682  18.028 0.0000000000
116219  -53.039  6.319  13.350 0.0000000000
115141  -48.667  5.578  9.181 0.0000000000
117316  -49.614  7.573  14.129 0.0000000000
119474  -46.224  9.878  14.340 0.0000000000
117159  -45.363  7.975  28.372 0.0000000000
114965  -47.137  5.484  23.760 0.0000000000
119374  -45.750  9.044  25.139 0.0000000000
124507  -55.877  14.294  14.180 0.0000000000
123533  -57.630  13.490  11.850 0.0000000000
123559  -54.936  13.336  9.937 0.0000000000
122557  -52.593  12.911  8.227 0.0000000000
106398  -51.561  -1.267  11.062 0.0000000000
124318  -48.146  14.900  35.176 0.0000000000
126466  -47.297  16.220  31.485 0.0000000000
122340  -53.411  12.004  30.790 0.0000000000
120317  -50.733  9.929  29.860 0.0000000000
121287  -52.683  11.825  33.198 0.0000000000
114837  -54.567  5.866  38.831 0.0000000000
118092  -51.655  9.086  39.441 0.0000000000
120187  -49.365  10.225  39.244 0.0000000000
119162  -51.828  10.018  41.945 0.0000000000
107623  -55.419  -0.472  18.665 0.0000000000
112701  -50.884  3.487  18.434 0.0000000000
109008  -51.397  0.802  16.419 0.0000000000
111574  -50.479  2.437  15.568 0.0000000000
110365  -49.121  1.606  12.004 0.0000000000
113896  -50.314  4.249  14.305 0.0000000000
123402  -50.931  13.989  23.947 0.0000000000
121390  -50.165  11.708  21.876 0.0000000000
122414  -52.037  12.497  20.398 0.0000000000
118433  -56.134  8.371  10.452 0.0000000000
119489  -54.536  9.024  13.192 0.0000000000
116245  -53.928  6.480  10.711 0.0000000000
115131  -51.539  5.802  10.092 0.0000000000
117344  -50.934  6.637  9.510 0.0000000000
115117  -49.121  6.137  11.252 0.0000000000
117327  -51.140  7.494  11.455 0.0000000000
122516  -47.864  12.351  11.516 0.0000000000
121471  -47.742  11.184  12.735 0.0000000000
122513  -45.615  12.073  12.087 0.0000000000
121458  -44.018  11.205  14.652 0.0000000000
123500  -45.779  13.310  15.125 0.0000000000
112615  -51.341  3.336  25.091 0.0000000000
108928  -52.371  0.492  21.574 0.0000000000
111467  -49.258  2.647  23.370 0.0000000000
113810  -49.099  4.312  21.022 0.0000000000
116177  -49.530  6.387  18.883 0.0000000000
124437  -57.073  14.259  19.330 0.0000000000
122443  -54.731  12.697  17.754 0.0000000000
122480  -57.794  12.791  14.870 0.0000000000
121521  -57.815  11.309  10.495 0.0000000000
120501  -55.471  10.192  9.699 0.0000000000
120481  -52.208  10.231  12.314 0.0000000000
121517  -53.041  12.203  10.112 0.0000000000
122543  -49.392  12.802  9.435 0.0000000000
124539  -49.069  14.275  10.771 0.0000000000
107714  -47.731  -0.509  12.174 0.0000000000
123351  -44.494  13.146  31.943 0.0000000000
122372  -45.416  12.148  26.879 0.0000000000
124351  -46.094  14.900  29.566 0.0000000000
125414  -48.406  15.487  27.433 0.0000000000
125427  -52.442  15.987  25.572 0.0000000000
128596  -53.005  18.229  28.087 0.0000000000
126552  -55.435  16.393  24.087 0.0000000000
112648  -56.261  3.675  22.077 0.0000000000
117200  -54.650  7.291  25.398 0.0000000000
114942  -53.278  5.434  25.304 0.0000000000
116065  -50.723  6.681  27.130 0.0000000000
118243  -48.345  8.190  30.047 0.0000000000
120269  -57.794  11.131  34.601 0.0000000000
117110  -52.981  6.947  35.273 0.0000000000
117096  -56.376  7.789  37.410 0.0000000000
121264  -56.100  11.203  36.046 0.0000000000
119275  -52.778  9.571  35.110 0.0000000000
121283  -45.215  11.012  33.007 0.0000000000
109087  -54.880  0.418  10.765 0.0000000000
107633  -53.462  -0.349  17.018 0.0000000000
109028  -53.153  0.291  14.390 0.0000000000
109102  -53.093  0.017  10.277 0.0000000000
109100  -50.629  0.278  10.339 0.0000000000
107760  -48.627  0.181  9.603 0.0000000000
110390  -46.980  1.362  9.465 0.0000000000
120372  -47.918  10.902  23.412 0.0000000000
119432  -49.359  9.413  19.776 0.0000000000
118379  -51.090  7.862  16.923 0.0000000000
121442  -53.277  11.668  15.578 0.0000000000
119469  -52.374  9.221  15.359 0.0000000000
115052  -52.318  5.581  15.530 0.0000000000
115101  -50.768  5.367  12.244 0.0000000000
113951  -48.604  4.402  9.533 0.0000000000
112795  -46.631  3.233  10.076 0.0000000000
119485  -49.657  9.517  13.598 0.0000000000
119467  -48.241  8.820  15.020 0.0000000000
118384  -47.631  8.344  16.722 0.0000000000
119450  -45.251  9.934  17.099 0.0000000000
120422  -42.803  10.508  17.127 0.0000000000
118251  -44.599  9.323  28.651 0.0000000000
118274  -45.152  8.759  26.569 0.0000000000
119356  -44.653  10.085  27.085 0.0000000000
123531  -55.459  13.540  11.853 0.0000000000
124556  -53.244  13.951  9.504 0.0000000000
106399  -52.577  -1.353  10.971 0.0000000000
123352  -55.046  13.247  32.116 0.0000000000
122310  -52.729  12.481  31.993 0.0000000000
122302  -54.902  12.474  33.458 0.0000000000
118074  -52.559  8.747  41.198 0.0000000000
119163  -51.973  9.317  41.620 0.0000000000
108946  -56.238  0.907  20.921 0.0000000000
107600  -55.519  0.217  20.399 0.0000000000
113851  -51.542  4.253  17.503 0.0000000000
111564  -50.937  2.607  16.745 0.0000000000
112722  -51.040  3.544  16.525 0.0000000000
112733  -50.144  3.278  15.367 0.0000000000
113884  -50.579  4.156  15.399 0.0000000000
123413  -52.202  13.922  23.024 0.0000000000
123430  -52.154  13.361  21.382 0.0000000000
123440  -53.373  13.348  20.601 0.0000000000
117348  -55.325  7.528  9.724 0.0000000000
117339  -55.601  7.424  10.645 0.0000000000
117347  -54.246  7.341  10.144 0.0000000000
116275  -53.090  6.807  9.779 0.0000000000
117346  -52.988  7.482  10.244 0.0000000000
117335  -51.120  7.023  10.191 0.0000000000
118430  -52.670  8.257  11.153 0.0000000000
123526  -47.951  13.561  11.983 0.0000000000
122515  -46.830  12.359  11.691 0.0000000000
122489  -46.889  12.677  12.829 0.0000000000
122487  -45.215  12.450  13.245 0.0000000000
123502  -46.919  13.657  14.211 0.0000000000
113756  -49.455  4.226  25.919 0.0000000000
111449  -49.766  2.767  24.121 0.0000000000
112598  -47.980  3.925  24.958 0.0000000000
116142  -47.445  6.505  22.508 0.0000000000
114976  -47.976  5.277  22.468 0.0000000000
115000  -48.601  5.683  20.855 0.0000000000
115014  -49.710  5.321  19.453 0.0000000000
116164  -48.611  7.063  20.161 0.0000000000
124468  -58.312  14.472  17.674 0.0000000000
123470  -57.134  13.621  17.532 0.0000000000
123485  -58.396  13.730  16.124 0.0000000000
122522  -56.562  12.581  10.553 0.0000000000
123561  -58.201  12.585  10.889 0.0000000000
121530  -56.985  11.190  9.584 0.0000000000
119524  -57.008  9.986  9.335 0.0000000000
120507  -55.215  10.815  9.527 0.0000000000
121508  -53.583  11.320  10.705 0.0000000000
121518  -53.922  11.744  9.905 0.0000000000
123581  -51.156  13.718  8.101 0.0000000000
122555  -50.773  13.130  8.617 0.0000000000
123568  -49.553  13.739  9.103 0.0000000000
123555  -49.221  13.614  9.769 0.0000000000
124547  -49.551  14.415  9.907 0.0000000000
107715  -48.781  -0.618  12.076 0.0000000000
124335  -45.229  14.271  32.604 0.0000000000
124349  -44.767  14.099  30.556 0.0000000000
124340  -46.032  15.166  31.561 0.0000000000
127543  -48.612  17.102  30.748 0.0000000000
126494  -47.692  16.431  29.489 0.0000000000
126509  -48.982  16.538  28.389 0.0000000000
125420  -50.477  15.742  26.593 0.0000000000
126519  -50.659  16.801  27.299 0.0000000000
128580  -53.500  18.575  28.770 0.0000000000
127605  -54.183  17.558  26.445 0.0000000000
126540  -55.935  17.045  24.774 0.0000000000
125444  -57.010  16.269  23.317 0.0000000000
126554  -57.144  17.046  23.802 0.0000000000
112664  -57.268  3.403  20.892 0.0000000000
113811  -56.877  4.691  21.240 0.0000000000
119359  -54.747  9.013  26.847 0.0000000000
118276  -53.676  8.334  26.717 0.0000000000
116091  -54.009  6.320  25.118 0.0000000000
116077  -52.380  6.825  26.261 0.0000000000
116076  -51.623  6.394  26.466 0.0000000000
117175  -51.255  7.518  27.518 0.0000000000
120296  -50.279  11.273  31.392 0.0000000000
118233  -49.867  8.969  30.184 0.0000000000
118232  -48.853  8.932  30.458 0.0000000000
114869  -52.726  5.102  35.828 0.0000000000
115982  -55.907  6.692  38.357 0.0000000000
118099  -57.105  8.006  39.313 0.0000000000
119239  -57.870  9.510  37.800 0.0000000000
119251  -56.031  9.775  37.402 0.0000000000
120237  -54.012  10.233  35.316 0.0000000000
119249  -54.201  9.024  36.858 0.0000000000
121261  -45.725  11.053  34.744 0.0000000000
120236  -47.231  10.090  36.272 0.0000000000
109088  -55.804  0.541  10.519 0.0000000000
108941  -51.921  0.588  20.879 0.0000000000
107597  -53.153  -0.293  19.803 0.0000000000
108969  -52.493  0.331  18.509 0.0000000000
109026  -51.254  0.944  15.225 0.0000000000
109009  -52.072  0.130  15.803 0.0000000000
109046  -52.351  0.606  13.495 0.0000000000
109066  -52.574  0.624  12.152 0.0000000000
109084  -51.701  0.593  11.195 0.0000000000
109101  -52.004  0.205  10.230 0.0000000000
109083  -50.557  0.820  11.632 0.0000000000
111611  -48.650  2.227  12.026 0.0000000000
110393  -49.335  1.091  10.529 0.0000000000
110401  -48.276  1.604  9.495 0.0000000000
110391  -47.529  0.998  9.529 0.0000000000
111636  -48.208  2.488  9.018 0.0000000000
122374  -46.923  12.951  26.327 0.0000000000
121366  -46.627  11.436  25.445 0.0000000000
121371  -48.117  11.748  24.031 0.0000000000
121407  -50.597  11.226  20.176 0.0000000000
120397  -49.396  10.381  20.567 0.0000000000
120407  -50.181  10.397  19.485 0.0000000000
118372  -49.902  8.306  18.153 0.0000000000
119459  -50.629  9.260  17.192 0.0000000000
122467  -55.638  12.629  15.635 0.0000000000
122453  -54.652  12.495  16.571 0.0000000000
121453  -54.245  11.886  14.765 0.0000000000
117322  -54.099  7.410  13.758 0.0000000000
119479  -53.263  9.039  14.169 0.0000000000
117317  -53.745  7.366  14.566 0.0000000000
117311  -52.568  7.333  15.540 0.0000000000
116211  -53.118  6.059  14.365 0.0000000000
115075  -51.426  5.413  13.991 0.0000000000
115088  -52.246  5.993  12.662 0.0000000000
115155  -50.139  5.819  8.253 0.0000000000
115129  -49.487  5.183  9.512 0.0000000000
113964  -48.356  4.676  9.255 0.0000000000
112803  -46.705  3.342  9.109 0.0000000000
115140  -47.734  5.233  9.856 0.0000000000
113937  -47.164  4.025  11.004 0.0000000000
115127  -47.908  5.146  10.699 0.0000000000
116217  -49.746  6.722  13.015 0.0000000000
115099  -48.780  5.461  12.428 0.0000000000
121491  -51.435  11.074  12.356 0.0000000000
119487  -51.297  9.817  12.844 0.0000000000
121474  -50.478  10.810  12.923 0.0000000000
120451  -46.638  10.203  13.700 0.0000000000
120452  -47.496  10.190  13.780 0.0000000000
119475  -47.152  9.701  14.456 0.0000000000
118391  -47.844  8.562  16.057 0.0000000000
119465  -46.497  9.632  15.224 0.0000000000
119457  -46.751  9.327  16.481 0.0000000000
119456  -45.584  9.894  15.765 0.0000000000
122462  -43.896  12.073  15.203 0.0000000000
120440  -43.166  10.819  15.433 0.0000000000
121438  -42.622  11.355  16.286 0.0000000000
121432  -42.445  11.404  17.266 0.0000000000
116061  -46.714  6.482  27.501 0.0000000000
114938  -46.905  5.307  25.588 0.0000000000
117186  -45.974  7.084  26.078 0.0000000000
117213  -46.252  7.234  24.439 0.0000000000
118330  -46.504  8.297  22.688 0.0000000000
124509  -57.951  14.338  14.630 0.0000000000
124520  -56.798  14.098  13.091 0.0000000000
123545  -55.885  12.939  10.808 0.0000000000
123570  -55.048  12.922  9.091 0.0000000000
122558  -53.559  12.733  8.455 0.0000000000
123584  -53.709  13.264  8.643 0.0000000000
123596  -52.008  14.252  7.774 0.0000000000
106384  -50.692  -1.047  11.883 0.0000000000
124324  -47.395  14.850  34.311 0.0000000000
125382  -46.804  15.393  32.543 0.0000000000
125376  -47.648  15.492  33.639 0.0000000000
120329  -52.886  9.807  28.844 0.0000000000
119324  -52.060  9.455  29.151 0.0000000000
121325  -52.333  11.442  30.530 0.0000000000
121315  -51.339  12.017  31.435 0.0000000000
121299  -50.723  11.473  32.726 0.0000000000
113667  -53.212  4.680  37.646 0.0000000000
115946  -54.275  6.802  39.757 0.0000000000
118123  -50.251  8.795  38.253 0.0000000000
119234  -48.251  9.767  37.521 0.0000000000
119189  -50.730  9.694  39.877 0.0000000000
119173  -51.078  10.126  40.626 0.0000000000
111531  -51.357  2.348  19.072 0.0000000000
108981  -51.895  0.998  18.182 0.0000000000
110307  -51.452  1.779  17.859 0.0000000000
110326  -50.964  1.621  16.133 0.0000000000
110336  -50.655  1.476  14.967 0.0000000000
110367  -50.575  1.290  12.690 0.0000000000
111587  -49.833  2.318  14.405 0.0000000000
112763  -49.238  3.202  13.297 0.0000000000
112779  -49.294  3.428  12.453 0.0000000000
123395  -49.819  13.912  24.871 0.0000000000
122389  -49.266  12.397  23.679 0.0000000000
123422  -50.955  13.231  22.808 0.0000000000
121400  -51.228  11.840  20.692 0.0000000000
121416  -51.853  11.380  19.081 0.0000000000
120483  -56.081  10.021  11.821 0.0000000000
120467  -54.808  9.998  12.854 0.0000000000
119498  -55.730  9.032  11.878 0.0000000000
117329  -54.935  7.497  11.650 0.0000000000
116230  -53.865  6.501  11.717 0.0000000000
115103  -52.240  5.944  11.582 0.0000000000
115132  -52.350  6.191  10.288 0.0000000000
116273  -51.273  6.405  9.532 0.0000000000
116271  -49.686  6.341  8.745 0.0000000000
116241  -48.754  6.126  10.564 0.0000000000
116243  -50.273  6.921  10.407 0.0000000000
116228  -50.223  6.997  11.524 0.0000000000
117321  -50.566  7.603  12.428 0.0000000000
122517  -48.883  12.349  11.429 0.0000000000
120478  -48.845  11.302  12.662 0.0000000000
121503  -47.518  11.806  11.778 0.0000000000
121486  -46.424  11.477  11.914 0.0000000000
120474  -45.714  11.047  12.685 0.0000000000
120449  -45.136  10.337  14.139 0.0000000000
122486  -44.606  12.041  13.164 0.0000000000
122474  -44.738  12.135  14.056 0.0000000000
122449  -44.830  12.528  16.319 0.0000000000
111452  -52.450  2.768  24.279 0.0000000000
108917  -53.733  0.580  22.416 0.0000000000
110227  -51.801  1.490  23.121 0.0000000000
110243  -51.207  1.407  22.519 0.0000000000
111502  -50.122  1.895  21.340 0.0000000000
112626  -47.911  4.025  23.657 0.0000000000
112646  -49.159  3.048  21.820 0.0000000000
111517  -50.260  2.239  20.372 0.0000000000
112690  -50.524  3.407  19.163 0.0000000000
113837  -50.691  4.294  18.658 0.0000000000
115029  -50.790  5.283  18.136 0.0000000000
124425  -55.669  14.129  20.393 0.0000000000
123442  -54.468  13.671  20.089 0.0000000000
123460  -55.878  13.633  18.620 0.0000000000
122455  -56.747  13.293  16.658 0.0000000000
122479  -56.615  12.558  14.666 0.0000000000
123520  -58.651  13.238  13.419 0.0000000000
122507  -58.238  12.464  12.762 0.0000000000
121493  -56.682  11.168  12.163 0.0000000000
120494  -57.255  10.115  10.702 0.0000000000
118442  -56.518  9.061  9.746 0.0000000000
119506  -54.526  8.969  10.713 0.0000000000
119496  -53.321  9.147  11.463 0.0000000000
119505  -53.804  9.626  10.980 0.0000000000
120491  -52.544  10.719  11.644 0.0000000000
122519  -50.722  12.287  10.937 0.0000000000
122546  -52.344  12.541  8.914 0.0000000000
122532  -51.050  12.628  10.045 0.0000000000
122518  -49.742  12.333  11.041 0.0000000000
122529  -48.532  12.754  10.669 0.0000000000
123540  -48.275  13.332  11.142 0.0000000000
124527  -48.601  14.285  11.757 0.0000000000
122337  -44.009  12.015  30.803 0.0000000000
122366  -44.517  12.081  28.060 0.0000000000
123380  -44.887  13.150  28.916 0.0000000000
124362  -45.778  14.231  28.239 0.0000000000
124366  -46.806  14.301  27.534 0.0000000000
125397  -47.007  15.880  30.356 0.0000000000
125413  -47.252  15.036  27.758 0.0000000000
124371  -48.597  14.370  26.130 0.0000000000
125425  -50.066  15.037  25.719 0.0000000000
125430  -51.583  14.821  24.913 0.0000000000
124384  -53.336  15.030  23.871 0.0000000000
127579  -51.648  18.215  28.631 0.0000000000
127603  -52.645  17.319  26.945 0.0000000000
126538  -54.010  16.379  24.723 0.0000000000
124395  -55.037  15.022  23.030 0.0000000000
124406  -56.385  15.163  22.154 0.0000000000
124427  -58.065  15.161  20.507 0.0000000000
125494  -58.345  15.774  19.482 0.0000000000
110266  -56.992  2.023  21.459 0.0000000000
111491  -55.362  2.728  22.798 0.0000000000
117215  -55.743  7.454  24.649 0.0000000000
116120  -56.209  6.167  22.439 0.0000000000
114966  -55.222  5.137  23.546 0.0000000000
113786  -54.825  4.476  23.665 0.0000000000
112628  -53.723  3.129  24.048 0.0000000000
113773  -51.983  3.979  25.264 0.0000000000
113757  -50.496  4.431  26.074 0.0000000000
114914  -49.091  5.849  27.256 0.0000000000
118253  -50.836  8.329  28.773 0.0000000000
117163  -49.388  7.289  28.753 0.0000000000
116054  -48.023  6.588  28.318 0.0000000000
117150  -46.721  7.485  29.445 0.0000000000
117123  -54.019  8.067  34.783 0.0000000000
115995  -54.542  6.267  36.971 0.0000000000
117095  -55.427  7.460  36.509 0.0000000000
118210  -55.344  9.047  35.443 0.0000000000
119263  -57.119  9.579  35.778 0.0000000000
121259  -57.815  11.199  36.304 0.0000000000
121274  -56.263  11.869  34.979 0.0000000000
121288  -54.094  11.524  33.954 0.0000000000
120264  -52.090  10.938  33.615 0.0000000000
120262  -50.467  10.454  33.470 0.0000000000
121312  -44.242  11.258  31.223 0.0000000000
122308  -44.507  12.512  32.463 0.0000000000
122299  -45.010  12.733  33.900 0.0000000000
123328  -46.188  13.256  34.945 0.0000000000
123325  -47.263  13.595  36.111 0.0000000000
107737  -56.302  -0.308  10.763 0.0000000000
107753  -55.548  -0.292  10.266 0.0000000000
107752  -54.366  -0.633  10.612 0.0000000000
107598  -54.025  -0.324  20.078 0.0000000000
107622  -54.472  -0.658  18.353 0.0000000000
107632  -52.769  -0.125  16.898 0.0000000000
108997  -53.495  -0.134  15.799 0.0000000000
109029  -54.136  0.436  14.168 0.0000000000
109067  -53.648  0.518  11.898 0.0000000000
109086  -53.886  0.283  10.922 0.0000000000
107751  -53.294  -0.548  10.181 0.0000000000
106411  -52.437  -0.987  10.333 0.0000000000
106410  -51.455  -0.692  10.390 0.0000000000
106409  -50.433  -0.487  10.357 0.0000000000
109099  -49.968  0.644  10.846 0.0000000000
107761  -49.421  0.222  9.689 0.0000000000
106395  -48.860  -0.650  10.439 0.0000000000
109081  -47.797  -0.103  10.252 0.0000000000
109080  -47.368  0.021  10.704 0.0000000000
110379  -46.835  1.450  10.638 0.0000000000
120357  -45.448  10.620  26.073 0.0000000000
120370  -46.633  9.955  24.142 0.0000000000
119411  -47.846  9.301  22.013 0.0000000000
121388  -48.726  11.219  22.676 0.0000000000
120389  -48.522  10.085  21.788 0.0000000000
118354  -48.531  8.526  20.604 0.0000000000
117289  -49.300  7.401  19.268 0.0000000000
117297  -50.336  7.264  17.810 0.0000000000
116190  -51.514  6.282  17.151 0.0000000000
122432  -53.825  12.455  18.517 0.0000000000
122431  -52.958  12.143  18.055 0.0000000000
121434  -51.757  11.203  17.062 0.0000000000
121461  -53.474  10.720  14.220 0.0000000000
120444  -52.600  10.033  14.916 0.0000000000
120435  -51.428  10.325  16.485 0.0000000000
118387  -51.489  8.243  16.413 0.0000000000
116196  -52.053  6.277  16.470 0.0000000000
115051  -52.135  5.373  16.170 0.0000000000
113897  -50.999  5.009  14.483 0.0000000000
113940  -49.639  4.512  11.378 0.0000000000
115118  -50.779  5.225  11.268 0.0000000000
113952  -49.280  4.675  10.117 0.0000000000
112797  -48.394  3.709  9.840 0.0000000000
111640  -47.374  2.815  8.666 0.0000000000
111627  -46.666  2.373  9.796 0.0000000000
113939  -48.267  5.101  11.857 0.0000000000
118421  -52.357  8.746  11.780 0.0000000000
118419  -51.034  8.316  12.482 0.0000000000
118410  -49.691  8.448  13.765 0.0000000000
120463  -49.249  10.758  13.150 0.0000000000
119477  -49.218  8.985  14.001 0.0000000000
117315  -49.139  8.011  14.584 0.0000000000
118392  -48.391  8.351  15.600 0.0000000000
117303  -48.250  7.891  16.684 0.0000000000
117288  -47.511  7.137  17.846 0.0000000000
120441  -43.954  10.508  15.252 0.0000000000
120424  -44.200  10.417  16.614 0.0000000000
125566  -48.351  15.266  13.172 0.0000000000
125558  -47.387  15.349  14.599 0.0000000000
124488  -46.723  14.542  15.033 0.0000000000
124472  -45.857  14.605  16.443 0.0000000000
123468  -45.004  13.852  17.136 0.0000000000
119321  -44.508  9.817  29.114 0.0000000000
119344  -44.584  9.964  27.622 0.0000000000
120328  -44.147  10.612  28.744 0.0000000000
123347  -56.889  13.384  32.735 0.0000000000
123353  -55.539  13.286  31.994 0.0000000000
123346  -55.847  13.203  32.711 0.0000000000
122312  -54.791  13.022  32.598 0.0000000000
122313  -55.371  12.949  33.152 0.0000000000
117012  -51.904  8.210  40.740 0.0000000000
110264  -55.489  1.445  21.922 0.0000000000
108945  -55.568  0.409  20.985 0.0000000000
108931  -55.226  0.749  21.614 0.0000000000
113862  -51.674  4.126  16.901 0.0000000000
113873  -50.738  3.769  15.951 0.0000000000
113874  -51.525  4.433  16.102 0.0000000000
124403  -53.446  14.400  22.617 0.0000000000
123424  -52.698  13.942  22.276 0.0000000000
124413  -53.938  14.001  21.582 0.0000000000
118440  -54.786  8.281  10.322 0.0000000000
117359  -53.371  7.078  9.896 0.0000000000
117337  -52.705  7.837  10.696 0.0000000000
118438  -53.095  8.053  10.686 0.0000000000
123525  -47.267  12.936  12.322 0.0000000000
123512  -47.259  13.310  13.450 0.0000000000
113744  -48.049  4.755  26.138 0.0000000000
112599  -48.917  3.780  25.177 0.0000000000
113755  -48.480  4.293  25.672 0.0000000000
117255  -47.357  7.388  22.022 0.0000000000
116143  -47.718  6.529  21.683 0.0000000000
116154  -48.762  6.022  20.467 0.0000000000
116153  -48.344  6.669  20.762 0.0000000000
125527  -58.592  15.016  17.120 0.0000000000
123472  -58.410  13.886  16.870 0.0000000000
124497  -58.427  14.271  15.850 0.0000000000
122549  -55.797  12.223  9.368 0.0000000000
122536  -56.804  12.019  10.042 0.0000000000
122550  -56.492  11.675  9.496 0.0000000000
121529  -56.211  11.288  9.322 0.0000000000
121528  -55.068  11.624  9.305 0.0000000000
121519  -54.749  11.198  9.645 0.0000000000
121527  -54.065  11.994  8.736 0.0000000000
123580  -50.343  13.763  8.406 0.0000000000
124554  -49.790  14.699  9.150 0.0000000000
106371  -49.739  -0.918  12.591 0.0000000000
107732  -48.949  -0.973  11.109 0.0000000000
124328  -45.566  14.026  33.673 0.0000000000
124339  -45.478  14.754  31.333 0.0000000000
124336  -46.093  14.986  32.162 0.0000000000
127556  -48.792  17.255  30.052 0.0000000000
126495  -48.422  16.837  29.347 0.0000000000
127577  -49.716  17.453  28.989 0.0000000000
126510  -50.031  17.044  28.136 0.0000000000
126511  -50.543  17.390  27.906 0.0000000000
127623  -56.244  17.573  25.466 0.0000000000
126541  -56.800  17.157  24.494 0.0000000000
113826  -57.632  4.848  20.399 0.0000000000
113825  -57.225  4.489  20.753 0.0000000000
113812  -57.169  5.057  20.862 0.0000000000
117189  -53.251  7.622  26.423 0.0000000000
117176  -51.878  7.749  27.204 0.0000000000
118262  -51.803  8.062  27.664 0.0000000000
119315  -49.407  9.778  30.456 0.0000000000
120305  -48.962  10.373  31.179 0.0000000000
119314  -48.166  9.776  30.750 0.0000000000
120294  -48.243  10.732  31.871 0.0000000000
113696  -52.320  4.191  35.918 0.0000000000
118097  -56.378  8.136  39.494 0.0000000000
118129  -56.089  8.358  39.166 0.0000000000
119237  -56.376  9.215  38.130 0.0000000000
119236  -55.563  8.737  37.936 0.0000000000
119250  -55.211  9.216  36.999 0.0000000000
119257  -47.566  9.362  35.585 0.0000000000
120235  -46.643  10.280  35.695 0.0000000000
119246  -47.721  9.794  36.653 0.0000000000
109030  -55.209  0.448  14.050 0.0000000000
108956  -51.861  0.689  20.044 0.0000000000
108957  -52.477  0.242  19.475 0.0000000000
108968  -51.769  0.817  19.068 0.0000000000
109045  -51.385  0.806  13.955 0.0000000000
109065  -51.406  1.065  12.615 0.0000000000
109064  -50.847  1.033  12.302 0.0000000000
111622  -48.517  2.372  10.948 0.0000000000
110392  -48.672  1.668  10.252 0.0000000000
111629  -48.186  2.566  9.922 0.0000000000
123392  -47.786  13.286  25.710 0.0000000000
122377  -47.267  12.487  25.647 0.0000000000
122378  -47.925  12.950  25.333 0.0000000000
121415  -50.887  11.101  19.258 0.0000000000
120415  -50.506  10.319  18.538 0.0000000000
119452  -50.148  9.305  17.907 0.0000000000
120425  -50.631  10.087  17.638 0.0000000000
122478  -55.247  12.255  14.353 0.0000000000
122466  -54.369  12.195  15.336 0.0000000000
121463  -55.121  11.764  13.797 0.0000000000
116220  -53.860  6.759  12.909 0.0000000000
116212  -53.629  6.731  14.009 0.0000000000
116206  -53.455  6.704  14.776 0.0000000000
115076  -52.272  5.874  13.721 0.0000000000
116284  -49.259  6.103  8.511 0.0000000000
115142  -49.503  5.584  8.895 0.0000000000
113963  -47.452  4.368  9.482 0.0000000000
113950  -47.391  4.597  10.420 0.0000000000
115128  -48.260  5.766  10.126 0.0000000000
115085  -49.350  5.948  13.216 0.0000000000
116210  -49.709  6.597  14.026 0.0000000000
117309  -49.525  7.089  14.540 0.0000000000
121490  -50.736  11.274  12.578 0.0000000000
119464  -45.627  9.919  14.781 0.0000000000
122448  -43.827  12.215  15.699 0.0000000000
121439  -43.137  11.816  15.991 0.0000000000
116073  -46.441  6.430  26.606 0.0000000000
117172  -45.910  6.969  27.061 0.0000000000
118284  -45.548  8.501  25.556 0.0000000000
118285  -45.877  8.074  25.113 0.0000000000
118298  -45.895  8.642  24.957 0.0000000000
117228  -46.023  7.800  23.241 0.0000000000
119375  -46.187  9.403  24.696 0.0000000000
124508  -57.046  14.361  14.354 0.0000000000
124519  -55.565  13.821  13.363 0.0000000000
123544  -54.731  13.482  10.981 0.0000000000
123560  -55.512  12.717  9.767 0.0000000000
123585  -54.335  13.124  8.811 0.0000000000
123569  -54.053  13.437  9.254 0.0000000000
124569  -52.499  14.523  8.430 0.0000000000
124583  -51.620  14.654  7.831 0.0000000000
107718  -51.880  -1.008  12.222 0.0000000000
107733  -51.598  -1.158  11.708 0.0000000000
106385  -51.263  -1.158  11.678 0.0000000000
124325  -48.012  15.223  34.628 0.0000000000
121327  -53.840  11.764  30.299 0.0000000000
120309  -53.385  11.163  30.037 0.0000000000
120308  -52.897  10.912  30.148 0.0000000000
122339  -52.575  11.964  30.701 0.0000000000
122300  -53.087  12.351  32.599 0.0000000000
122309  -52.024  12.358  31.578 0.0000000000
121300  -51.685  12.084  32.374 0.0000000000
121314  -50.568  11.626  31.930 0.0000000000
118125  -52.037  8.470  38.819 0.0000000000
118124  -51.048  8.690  38.745 0.0000000000
119209  -50.300  9.066  38.904 0.0000000000
119174  -51.494  9.949  41.083 0.0000000000
111543  -51.165  2.609  18.331 0.0000000000
111563  -50.745  2.828  16.234 0.0000000000
110325  -50.757  1.833  15.661 0.0000000000
110337  -50.868  1.420  15.514 0.0000000000
111588  -50.175  2.039  14.935 0.0000000000
110335  -50.298  1.760  14.322 0.0000000000
112747  -50.078  3.799  14.943 0.0000000000
112746  -49.624  3.263  14.398 0.0000000000
113895  -49.634  3.723  13.870 0.0000000000
113910  -49.589  3.992  13.306 0.0000000000
123401  -50.273  13.797  24.286 0.0000000000
123410  -49.905  13.140  23.846 0.0000000000
123411  -50.520  13.356  23.444 0.0000000000
122407  -51.195  12.521  21.608 0.0000000000
121408  -51.435  11.680  19.880 0.0000000000
122422  -52.012  11.983  19.661 0.0000000000
119507  -56.359  9.009  11.223 0.0000000000
120482  -55.451  9.683  12.332 0.0000000000
116246  -54.925  6.790  10.366 0.0000000000
116231  -54.636  6.739  11.233 0.0000000000
116221  -54.484  6.856  12.128 0.0000000000
116244  -52.897  6.431  11.045 0.0000000000
117357  -51.650  6.702  9.714 0.0000000000
116274  -52.472  6.638  9.876 0.0000000000
117356  -50.953  6.464  9.408 0.0000000000
116272  -50.336  6.202  8.785 0.0000000000
116257  -50.314  6.599  9.421 0.0000000000
116256  -49.571  6.526  9.568 0.0000000000
122503  -48.362  12.159  11.805 0.0000000000
122514  -45.979  12.283  11.751 0.0000000000
121502  -46.946  11.834  11.516 0.0000000000
121500  -45.754  11.967  11.724 0.0000000000
120475  -46.242  11.090  12.438 0.0000000000
121485  -45.601  11.610  12.229 0.0000000000
121469  -44.957  11.484  13.016 0.0000000000
122500  -45.154  12.072  12.538 0.0000000000
122475  -45.578  12.674  14.391 0.0000000000
122463  -44.455  12.276  15.052 0.0000000000
122464  -45.325  12.812  15.463 0.0000000000
111451  -51.692  2.596  24.373 0.0000000000
111470  -52.158  1.946  23.882 0.0000000000
111468  -50.069  2.246  23.395 0.0000000000
111469  -51.172  1.955  23.306 0.0000000000
111488  -50.387  1.836  22.433 0.0000000000
110261  -50.636  1.446  21.883 0.0000000000
114954  -46.838  5.378  24.631 0.0000000000
113772  -47.315  4.731  24.331 0.0000000000
113784  -47.541  4.693  23.521 0.0000000000
113809  -48.592  4.377  21.680 0.0000000000
112661  -48.900  3.662  21.555 0.0000000000
111516  -49.651  2.459  20.828 0.0000000000
112676  -49.831  3.094  20.278 0.0000000000
112677  -50.310  2.958  19.811 0.0000000000
113824  -49.508  4.136  20.095 0.0000000000
113836  -50.230  4.313  19.372 0.0000000000
115015  -50.286  4.955  18.811 0.0000000000
123443  -56.243  13.962  20.045 0.0000000000
123451  -55.737  13.828  19.548 0.0000000000
123452  -56.518  13.908  19.065 0.0000000000
123494  -57.824  13.111  16.212 0.0000000000
123483  -57.390  13.376  16.741 0.0000000000
122468  -57.022  13.176  15.874 0.0000000000
124532  -57.918  14.014  12.577 0.0000000000
124522  -58.400  13.809  14.022 0.0000000000
124533  -58.509  13.839  13.102 0.0000000000
122538  -58.289  12.182  10.959 0.0000000000
122524  -58.327  12.339  11.705 0.0000000000
121511  -58.114  11.825  11.657 0.0000000000
121494  -57.738  11.830  12.084 0.0000000000
121510  -57.735  11.087  11.283 0.0000000000
121509  -57.191  10.620  11.440 0.0000000000
120495  -57.824  10.534  10.429 0.0000000000
119515  -56.244  9.625  9.591 0.0000000000
119514  -55.075  9.498  10.328 0.0000000000
119513  -54.438  10.129  10.522 0.0000000000
121507  -52.798  11.745  10.829 0.0000000000
121506  -51.560  11.608  11.715 0.0000000000
122520  -51.691  12.240  10.736 0.0000000000
122547  -53.285  12.431  8.924 0.0000000000
122556  -51.678  13.088  8.406 0.0000000000
122544  -50.367  12.761  9.308 0.0000000000
122531  -50.010  12.516  10.141 0.0000000000
122530  -49.149  12.518  10.366 0.0000000000
122542  -48.770  12.834  9.908 0.0000000000
124546  -49.218  13.812  10.181 0.0000000000
123554  -48.810  13.364  10.233 0.0000000000
107695  -48.198  -0.455  13.016 0.0000000000
107713  -47.191  -0.192  12.361 0.0000000000
123365  -44.292  13.041  30.885 0.0000000000
122349  -44.140  12.259  29.931 0.0000000000
123372  -44.585  13.285  29.692 0.0000000000
124350  -45.555  14.731  30.207 0.0000000000
124359  -45.502  14.338  29.131 0.0000000000
124365  -46.192  14.054  27.724 0.0000000000
124363  -46.424  14.529  28.089 0.0000000000
125389  -47.165  15.799  32.117 0.0000000000
125388  -46.561  15.553  31.572 0.0000000000
126477  -46.921  16.049  30.737 0.0000000000
125410  -48.176  16.137  28.241 0.0000000000
125409  -47.427  15.825  28.570 0.0000000000
124368  -48.212  14.714  26.708 0.0000000000
125418  -48.650  14.892  26.702 0.0000000000
124372  -49.223  14.541  25.897 0.0000000000
125419  -49.316  15.079  26.444 0.0000000000
125421  -51.567  16.004  26.284 0.0000000000
125426  -51.267  15.173  25.528 0.0000000000
125431  -52.136  15.200  24.819 0.0000000000
124383  -52.580  14.890  24.068 0.0000000000
127589  -52.139  17.804  27.652 0.0000000000
126539  -54.778  16.448  24.638 0.0000000000
126534  -53.884  16.729  25.482 0.0000000000
125433  -54.170  16.152  24.428 0.0000000000
125442  -54.568  15.864  23.875 0.0000000000
124396  -55.834  15.187  22.691 0.0000000000
125443  -55.939  15.842  23.264 0.0000000000
125455  -57.500  16.299  22.516 0.0000000000
125462  -57.308  15.768  22.035 0.0000000000
125476  -58.250  15.678  20.989 0.0000000000
124439  -58.306  15.210  19.698 0.0000000000
125477  -58.448  15.826  20.509 0.0000000000
111544  -59.356  2.480  18.375 0.0000000000
112663  -56.738  3.689  21.365 0.0000000000
111504  -57.244  2.723  21.228 0.0000000000
111503  -56.588  2.776  21.696 0.0000000000
111492  -56.009  2.779  22.249 0.0000000000
117191  -54.893  7.875  26.106 0.0000000000
117201  -55.381  8.049  25.493 0.0000000000
117214  -54.991  6.972  24.856 0.0000000000
116108  -55.995  6.667  23.418 0.0000000000
114967  -55.764  5.459  23.005 0.0000000000
116107  -54.908  6.442  24.365 0.0000000000
114955  -53.885  5.396  24.591 0.0000000000
113776  -54.129  4.550  24.187 0.0000000000
112629  -54.407  3.563  23.830 0.0000000000
113775  -53.382  4.519  24.783 0.0000000000
112617  -53.038  3.474  24.442 0.0000000000
113760  -52.815  4.824  25.314 0.0000000000
116075  -50.873  6.236  26.696 0.0000000000
114927  -51.338  5.566  26.352 0.0000000000
114926  -50.647  5.543  26.582 0.0000000000
114925  -49.551  5.342  26.765 0.0000000000
114915  -50.115  5.959  27.174 0.0000000000
120318  -51.432  10.041  29.766 0.0000000000
119333  -51.213  8.654  28.718 0.0000000000
119323  -50.927  9.232  29.247 0.0000000000
118244  -49.343  8.320  29.840 0.0000000000
117153  -49.676  7.821  29.302 0.0000000000
117152  -48.868  7.648  29.448 0.0000000000
116055  -48.966  6.731  28.345 0.0000000000
117162  -48.431  7.057  28.921 0.0000000000
117161  -47.376  6.879  28.906 0.0000000000
117151  -47.844  7.511  29.523 0.0000000000
121276  -58.228  11.580  34.745 0.0000000000
117109  -52.628  6.501  34.959 0.0000000000
117121  -52.531  6.924  34.523 0.0000000000
117128  -52.943  8.103  33.723 0.0000000000
117122  -53.284  7.773  34.425 0.0000000000
113668  -53.904  4.882  37.904 0.0000000000
113684  -54.083  4.893  37.702 0.0000000000
114858  -54.337  5.248  37.559 0.0000000000
115997  -56.356  7.284  38.028 0.0000000000
115996  -55.713  6.793  37.484 0.0000000000
117112  -55.118  8.010  35.970 0.0000000000
118176  -56.371  8.365  36.815 0.0000000000
119262  -55.993  9.311  35.554 0.0000000000
118198  -56.959  8.842  36.449 0.0000000000
120231  -56.915  10.546  37.139 0.0000000000
120232  -57.802  10.414  37.133 0.0000000000
121258  -57.136  11.106  36.602 0.0000000000
121265  -57.221  11.821  35.794 0.0000000000
121289  -55.459  11.887  34.142 0.0000000000
121273  -54.961  11.354  35.144 0.0000000000
119276  -53.542  9.971  35.264 0.0000000000
120249  -53.553  10.536  34.644 0.0000000000
120248  -52.465  10.333  34.199 0.0000000000
120263  -51.242  10.614  33.518 0.0000000000
119287  -51.382  10.119  33.796 0.0000000000
120257  -45.782  10.427  33.306 0.0000000000
120258  -46.777  9.835  33.593 0.0000000000
120275  -45.648  10.509  32.408 0.0000000000
120274  -45.099  10.688  32.105 0.0000000000
121297  -45.099  10.867  32.504 0.0000000000
121296  -44.604  11.398  32.429 0.0000000000
121282  -44.953  11.613  33.414 0.0000000000
121262  -46.033  11.327  35.527 0.0000000000
122282  -45.571  11.727  34.811 0.0000000000
119207  -48.545  10.015  38.261 0.0000000000
119233  -47.720  10.154  37.167 0.0000000000
120210  -48.155  10.472  38.058 0.0000000000
122273  -47.524  12.494  36.811 0.0000000000
123311  -47.128  13.022  36.351 0.0000000000
124302  -47.686  13.917  36.181 0.0000000000
107738  -56.913  0.120  10.885 0.0000000000
109089  -56.589  0.405  10.566 0.0000000000
109105  -55.915  0.190  9.936 0.0000000000
109104  -55.108  0.023  10.248 0.0000000000
109103  -54.090  -0.129  10.538 0.0000000000
108929  -53.369  0.221  21.524 0.0000000000
107587  -54.162  -0.073  20.986 0.0000000000
108943  -53.447  -0.144  20.615 0.0000000000
107621  -53.485  -0.298  18.063 0.0000000000
107609  -53.753  -0.667  19.104 0.0000000000
108994  -51.679  0.935  17.333 0.0000000000
108982  -52.390  0.328  17.609 0.0000000000
108995  -52.120  0.275  16.733 0.0000000000
109010  -52.971  -0.063  15.518 0.0000000000
109011  -53.866  0.179  15.297 0.0000000000
109048  -54.432  0.493  12.922 0.0000000000
109047  -53.387  0.476  13.159 0.0000000000
109085  -52.849  0.429  10.954 0.0000000000
107750  -52.277  -0.370  10.024 0.0000000000
107749  -51.199  -0.184  10.226 0.0000000000
107748  -50.097  -0.148  9.871 0.0000000000
110366  -49.687  1.537  12.581 0.0000000000
110382  -50.125  1.170  12.098 0.0000000000
110381  -49.690  1.091  11.518 0.0000000000
109111  -48.877  0.721  9.646 0.0000000000
109112  -49.731  0.580  9.962 0.0000000000
107747  -49.131  -0.201  9.764 0.0000000000
106407  -48.914  -0.464  10.012 0.0000000000
107746  -48.235  -0.216  9.956 0.0000000000
107759  -48.053  0.129  9.661 0.0000000000
109097  -47.605  0.249  9.816 0.0000000000
109096  -47.185  0.691  10.368 0.0000000000
122367  -45.109  12.622  27.622 0.0000000000
121354  -45.067  11.673  27.138 0.0000000000
121362  -45.553  11.570  26.444 0.0000000000
120364  -46.964  11.058  24.285 0.0000000000
120363  -46.606  10.531  24.692 0.0000000000
120371  -47.214  10.514  23.665 0.0000000000
119388  -47.162  9.705  23.270 0.0000000000
120380  -47.453  9.914  22.993 0.0000000000
122398  -49.564  11.954  22.931 0.0000000000
121379  -49.113  11.676  23.011 0.0000000000
121389  -49.473  11.422  22.291 0.0000000000
120396  -48.839  10.000  21.093 0.0000000000
119422  -48.853  9.441  20.507 0.0000000000
119421  -48.433  9.319  21.196 0.0000000000
118355  -48.867  8.808  20.064 0.0000000000
118363  -48.775  8.174  20.084 0.0000000000
118364  -49.059  8.374  19.549 0.0000000000
118378  -50.548  8.234  17.416 0.0000000000
116189  -50.873  6.304  17.654 0.0000000000
117298  -50.986  7.169  17.257 0.0000000000
122433  -54.705  13.045  18.858 0.0000000000
122425  -54.368  13.214  19.439 0.0000000000
122452  -53.544  12.018  16.283 0.0000000000
122442  -53.769  12.331  17.396 0.0000000000
122441  -52.939  12.071  17.106 0.0000000000
121427  -52.297  11.747  17.584 0.0000000000
121435  -52.404  11.659  16.756 0.0000000000
121476  -54.283  10.641  13.539 0.0000000000
120466  -54.125  9.776  13.501 0.0000000000
119478  -52.839  9.129  14.730 0.0000000000
120453  -53.034  9.870  14.378 0.0000000000
120443  -52.067  10.360  15.593 0.0000000000
119468  -51.674  9.284  15.935 0.0000000000
118393  -52.184  8.264  15.778 0.0000000000
116205  -52.900  6.324  15.349 0.0000000000
116204  -52.361  6.633  15.844 0.0000000000
116197  -52.451  6.015  15.928 0.0000000000
113875  -51.902  5.048  15.654 0.0000000000
113886  -51.922  5.228  15.172 0.0000000000
115086  -50.656  5.325  13.173 0.0000000000
113925  -50.323  4.735  12.343 0.0000000000
115120  -52.183  5.841  10.722 0.0000000000
115119  -51.460  5.573  10.908 0.0000000000
113965  -49.042  4.886  9.334 0.0000000000
112805  -48.139  3.962  9.313 0.0000000000
112796  -48.055  3.483  9.147 0.0000000000
113962  -46.803  3.799  9.626 0.0000000000
111621  -46.529  2.375  10.930 0.0000000000
112787  -46.625  3.350  11.197 0.0000000000
115116  -48.543  5.588  11.245 0.0000000000
115084  -48.904  5.348  13.467 0.0000000000
113923  -48.450  4.791  12.692 0.0000000000
119495  -52.846  9.609  11.833 0.0000000000
119494  -51.753  9.419  12.381 0.0000000000
120465  -50.982  10.120  13.042 0.0000000000
119486  -50.792  9.374  12.834 0.0000000000
118411  -50.350  8.467  13.127 0.0000000000
120477  -48.535  11.074  12.830 0.0000000000
119476  -48.456  9.453  14.300 0.0000000000
118402  -49.123  8.489  14.275 0.0000000000
118401  -48.694  8.422  14.789 0.0000000000
119458  -47.493  8.901  16.222 0.0000000000
117295  -48.131  7.354  17.115 0.0000000000
118377  -47.491  8.009  17.599 0.0000000000
118383  -46.905  8.513  17.203 0.0000000000
119451  -46.374  9.145  17.626 0.0000000000
120448  -44.336  10.772  14.504 0.0000000000
120442  -44.782  10.131  15.019 0.0000000000
120447  -43.673  10.932  14.844 0.0000000000
120431  -42.899  10.591  16.239 0.0000000000
120432  -43.595  10.337  15.983 0.0000000000
120423  -43.443  10.469  16.729 0.0000000000
126656  -47.263  15.853  14.910 0.0000000000
124489  -47.168  14.930  14.808 0.0000000000
125547  -46.672  15.369  15.617 0.0000000000
123477  -45.452  13.601  16.525 0.0000000000
118252  -44.893  8.674  28.628 0.0000000000
117171  -45.392  7.760  27.399 0.0000000000
118261  -44.954  8.595  27.692 0.0000000000
118273  -44.709  9.395  27.215 0.0000000000
119357  -44.976  9.877  26.512 0.0000000000
123530  -54.430  13.562  12.016 0.0000000000
124550  -53.185  13.945  10.006 0.0000000000
124555  -52.683  14.530  9.042 0.0000000000
125600  -52.296  15.214  8.615 0.0000000000
107734  -52.059  -1.264  11.515 0.0000000000
125359  -48.833  15.416  35.683 0.0000000000
122325  -54.793  13.083  31.521 0.0000000000
122324  -53.647  12.446  31.383 0.0000000000
122311  -53.769  12.716  32.195 0.0000000000
122301  -53.850  12.374  33.026 0.0000000000
119191  -52.523  9.204  40.223 0.0000000000
119190  -51.918  9.419  40.200 0.0000000000
119175  -52.335  9.274  40.816 0.0000000000
108947  -56.836  1.034  20.568 0.0000000000
108959  -56.517  0.360  20.139 0.0000000000
107612  -56.332  0.089  19.529 0.0000000000
107611  -55.691  0.014  19.730 0.0000000000
112702  -51.188  3.488  17.852 0.0000000000
111554  -51.136  2.629  17.536 0.0000000000
112712  -51.272  3.476  17.215 0.0000000000
112721  -50.628  3.189  15.970 0.0000000000
111573  -50.020  2.570  15.087 0.0000000000
123412  -51.446  13.796  23.371 0.0000000000
122415  -53.026  12.877  20.128 0.0000000000
118424  -55.811  8.282  11.226 0.0000000000
117349  -55.858  7.526  9.870 0.0000000000
116260  -54.984  6.915  9.654 0.0000000000
116259  -53.786  6.860  10.101 0.0000000000
117358  -52.598  6.973  9.758 0.0000000000
117345  -51.900  7.129  9.896 0.0000000000
117336  -52.054  7.666  10.780 0.0000000000
117328  -51.780  7.831  11.490 0.0000000000
123539  -47.586  12.890  11.640 0.0000000000
122502  -46.435  12.574  12.289 0.0000000000
122501  -45.739  12.339  12.455 0.0000000000
122488  -46.286  12.639  13.345 0.0000000000
122476  -46.312  12.839  14.175 0.0000000000
123501  -46.412  13.475  14.655 0.0000000000
112600  -49.892  3.739  25.429 0.0000000000
112614  -50.311  3.163  24.939 0.0000000000
112613  -49.354  3.278  24.672 0.0000000000
111448  -48.920  2.951  23.935 0.0000000000
116131  -47.089  6.325  23.248 0.0000000000
114975  -47.555  5.576  22.944 0.0000000000
114986  -47.837  5.893  22.271 0.0000000000
114987  -48.265  5.497  21.669 0.0000000000
114988  -48.765  5.042  21.144 0.0000000000
115001  -49.172  5.319  20.476 0.0000000000
116165  -49.021  6.458  19.893 0.0000000000
124453  -57.657  14.292  18.549 0.0000000000
124452  -57.018  14.096  18.813 0.0000000000
124467  -57.903  14.139  17.851 0.0000000000
123484  -58.171  13.372  16.452 0.0000000000
122470  -58.398  13.286  15.711 0.0000000000
123546  -57.013  12.934  11.206 0.0000000000
123547  -57.934  13.021  11.051 0.0000000000
122523  -57.232  12.503  10.707 0.0000000000
122537  -57.704  12.168  10.589 0.0000000000
121531  -57.602  10.987  9.749 0.0000000000
120503  -57.939  10.427  9.728 0.0000000000
120509  -56.727  10.573  9.392 0.0000000000
120508  -55.963  10.572  9.358 0.0000000000
120500  -54.712  10.606  10.009 0.0000000000
122554  -49.941  13.098  8.770 0.0000000000
123567  -48.987  13.220  9.565 0.0000000000
124540  -49.423  14.840  10.441 0.0000000000
124334  -44.699  13.722  32.261 0.0000000000
124338  -44.613  13.980  31.620 0.0000000000
125395  -45.790  15.182  30.770 0.0000000000
126467  -48.153  16.624  31.131 0.0000000000
126478  -47.428  16.301  30.450 0.0000000000
126479  -48.125  16.830  30.202 0.0000000000
126508  -48.081  16.451  28.765 0.0000000000
126517  -49.160  16.067  27.635 0.0000000000
125415  -49.531  15.815  27.157 0.0000000000
126518  -49.728  16.407  27.616 0.0000000000
126526  -51.128  16.324  26.748 0.0000000000
127591  -53.937  17.859  27.299 0.0000000000
127604  -53.370  17.395  26.744 0.0000000000
126535  -55.130  17.129  25.298 0.0000000000
126553  -56.454  16.582  24.004 0.0000000000
125445  -57.384  16.648  23.155 0.0000000000
111519  -58.190  3.209  20.025 0.0000000000
112679  -57.607  3.824  20.494 0.0000000000
112678  -56.969  3.995  20.808 0.0000000000
113798  -56.004  4.538  22.534 0.0000000000
119358  -54.144  8.742  26.811 0.0000000000
117190  -54.111  7.704  26.252 0.0000000000
117199  -53.600  7.052  25.872 0.0000000000
117198  -52.847  7.077  26.173 0.0000000000
116090  -52.788  6.304  25.850 0.0000000000
114941  -52.517  5.395  25.701 0.0000000000
116089  -52.182  5.853  26.020 0.0000000000
116066  -51.332  6.969  27.035 0.0000000000
120306  -50.455  10.617  30.667 0.0000000000
119316  -50.258  9.646  29.970 0.0000000000
118231  -47.740  8.933  30.364 0.0000000000
115947  -55.286  6.756  39.740 0.0000000000
115970  -55.307  6.267  38.919 0.0000000000
115948  -56.117  6.967  39.410 0.0000000000
115972  -56.678  7.149  38.931 0.0000000000
117085  -57.158  7.882  38.123 0.0000000000
118178  -57.859  9.038  37.641 0.0000000000
119212  -57.551  9.086  38.420 0.0000000000
120212  -57.180  10.023  37.723 0.0000000000
120230  -56.037  10.309  36.763 0.0000000000
120239  -55.447  10.651  36.169 0.0000000000
120229  -55.289  10.044  36.290 0.0000000000
119260  -53.868  9.494  36.047 0.0000000000
119270  -47.900  9.022  34.542 0.0000000000
119269  -47.146  9.455  34.583 0.0000000000
120245  -45.851  10.379  34.268 0.0000000000
121271  -45.316  11.332  33.963 0.0000000000
120234  -46.078  10.554  35.033 0.0000000000
121255  -46.591  11.153  36.255 0.0000000000
109070  -56.552  1.062  11.050 0.0000000000
109069  -55.675  0.823  11.414 0.0000000000
109068  -54.676  0.618  11.695 0.0000000000
108942  -52.616  0.182  20.568 0.0000000000
107608  -52.937  -0.303  18.862 0.0000000000
108970  -52.879  0.083  18.003 0.0000000000
109027  -52.148  0.305  14.705 0.0000000000
110380  -48.868  1.557  11.198 0.0000000000
110402  -49.036  1.136  9.860 0.0000000000
109110  -48.043  0.759  9.617 0.0000000000
110400  -47.585  1.530  9.067 0.0000000000
110409  -47.460  2.220  8.673 0.0000000000
122373  -46.162  12.578  26.558 0.0000000000
121363  -46.147  11.790  26.010 0.0000000000
122376  -46.557  12.068  25.916 0.0000000000
121367  -47.244  11.705  25.086 0.0000000000
121377  -47.832  11.251  23.765 0.0000000000
121399  -50.561  11.598  21.201 0.0000000000
121398  -49.774  11.169  21.336 0.0000000000
121406  -50.052  11.032  20.673 0.0000000000
120406  -49.708  10.172  19.868 0.0000000000
119433  -49.783  9.840  19.517 0.0000000000
119443  -49.354  8.887  19.243 0.0000000000
119444  -49.817  9.360  18.924 0.0000000000
122454  -55.906  13.022  16.944 0.0000000000
122465  -53.730  11.877  15.554 0.0000000000
118412  -54.283  8.212  13.435 0.0000000000
119488  -53.786  8.974  13.611 0.0000000000
118404  -53.756  8.210  14.213 0.0000000000
118403  -53.243  8.494  14.638 0.0000000000
118394  -52.833  8.225  15.133 0.0000000000
117312  -53.240  7.312  15.136 0.0000000000
115063  -52.281  5.609  14.721 0.0000000000
115087  -51.466  5.641  12.993 0.0000000000
115143  -50.716  5.955  9.227 0.0000000000
115130  -50.341  5.389  10.033 0.0000000000
112804  -47.564  3.603  8.976 0.0000000000
113949  -46.914  3.959  10.223 0.0000000000
116227  -49.722  6.484  11.820 0.0000000000
115100  -49.292  5.955  12.136 0.0000000000
120490  -51.873  10.839  12.188 0.0000000000
120480  -51.434  10.433  12.665 0.0000000000
120479  -50.787  10.583  12.883 0.0000000000
120464  -50.330  10.357  13.242 0.0000000000
120461  -47.038  10.759  12.880 0.0000000000
120462  -48.200  10.654  13.348 0.0000000000
119466  -47.637  9.151  15.458 0.0000000000
121448  -43.664  11.624  15.036 0.0000000000
121447  -42.902  11.316  15.645 0.0000000000
120439  -42.571  10.936  15.913 0.0000000000
120430  -42.472  10.891  16.640 0.0000000000
116074  -47.087  5.869  27.034 0.0000000000
113743  -47.455  4.943  25.891 0.0000000000
114922  -46.703  5.815  26.189 0.0000000000
114937  -46.468  5.923  25.487 0.0000000000
116104  -46.388  6.466  24.837 0.0000000000
117185  -45.575  7.768  26.360 0.0000000000
117197  -46.108  7.327  25.162 0.0000000000
116118  -46.464  6.848  24.249 0.0000000000
117230  -46.745  6.793  23.438 0.0000000000
117245  -46.911  7.335  22.860 0.0000000000
118331  -47.066  8.231  22.270 0.0000000000
124496  -58.137  14.679  15.586 0.0000000000
124521  -57.859  14.163  13.611 0.0000000000
124531  -57.318  13.788  12.391 0.0000000000
123519  -55.928  13.640  12.643 0.0000000000
123532  -56.610  13.379  12.028 0.0000000000
122521  -56.210  12.680  10.476 0.0000000000
121537  -54.506  12.217  8.807 0.0000000000
122559  -54.359  12.713  8.634 0.0000000000
123583  -52.657  13.683  8.339 0.0000000000
124570  -53.142  13.885  8.830 0.0000000000
123582  -51.931  13.775  7.904 0.0000000000
124568  -51.402  14.161  7.806 0.0000000000
124567  -50.908  14.607  7.996 0.0000000000
125612  -50.572  15.520  8.262 0.0000000000
124330  -47.152  15.104  33.619 0.0000000000
125375  -47.090  15.355  33.211 0.0000000000
125383  -47.546  15.813  32.781 0.0000000000
125377  -48.199  15.984  34.024 0.0000000000
125384  -48.120  16.034  33.299 0.0000000000
126452  -47.587  16.109  32.220 0.0000000000
120330  -53.486  10.115  28.750 0.0000000000
118255  -52.126  8.409  28.107 0.0000000000
120319  -52.614  10.193  29.433 0.0000000000
120307  -51.893  10.720  30.334 0.0000000000
122323  -52.696  12.331  31.193 0.0000000000
121324  -51.490  11.559  30.763 0.0000000000
121323  -50.776  11.499  31.206 0.0000000000
121313  -49.988  11.356  32.507 0.0000000000
113682  -52.754  4.416  36.645 0.0000000000
113666  -52.285  4.594  37.369 0.0000000000
114845  -53.624  5.063  38.307 0.0000000000
114836  -54.049  5.588  38.852 0.0000000000
115968  -53.708  6.207  39.237 0.0000000000
115969  -54.571  6.163  39.309 0.0000000000
119235  -49.101  9.130  37.099 0.0000000000
119208  -49.488  9.576  38.462 0.0000000000
119188  -49.807  9.867  39.484 0.0000000000
110296  -51.454  1.656  18.696 0.0000000000
110316  -51.239  1.727  17.028 0.0000000000
109044  -51.040  1.128  14.562 0.0000000000
110350  -50.705  1.222  13.811 0.0000000000
110368  -51.018  1.290  13.103 0.0000000000
110349  -50.047  1.683  13.557 0.0000000000
112732  -49.729  2.848  14.914 0.0000000000
111601  -49.392  2.297  13.445 0.0000000000
111612  -49.072  1.964  12.627 0.0000000000
112778  -48.519  3.105  11.749 0.0000000000
123394  -49.224  13.708  25.100 0.0000000000
122382  -49.025  12.752  24.459 0.0000000000
123400  -49.506  13.245  24.460 0.0000000000
122390  -50.014  12.817  23.417 0.0000000000
122399  -50.285  12.437  22.627 0.0000000000
122400  -50.994  12.943  22.327 0.0000000000
122406  -50.595  12.029  21.855 0.0000000000
121425  -51.128  11.019  18.580 0.0000000000
121492  -55.847  10.764  12.304 0.0000000000
121477  -55.363  11.291  13.017 0.0000000000
120468  -55.467  10.371  12.444 0.0000000000
119497  -55.227  9.012  12.612 0.0000000000
117330  -55.438  7.858  11.319 0.0000000000
118423  -55.334  8.302  11.914 0.0000000000
118413  -54.706  8.271  12.589 0.0000000000
117323  -54.478  7.456  12.814 0.0000000000
116229  -52.959  6.535  12.219 0.0000000000
116258  -53.001  6.497  10.281 0.0000000000
115144  -51.845  6.274  9.890 0.0000000000
116285  -49.659  6.210  8.068 0.0000000000
116270  -49.137  6.227  9.019 0.0000000000
116255  -48.852  6.238  9.750 0.0000000000
116242  -49.445  6.537  10.659 0.0000000000
116218  -50.171  7.010  12.436 0.0000000000
117320  -50.117  7.610  13.226 0.0000000000
121504  -49.573  12.131  11.670 0.0000000000
121489  -49.393  11.693  12.355 0.0000000000
122504  -48.683  12.097  12.045 0.0000000000
121488  -48.198  11.688  12.303 0.0000000000
121487  -47.191  11.437  12.160 0.0000000000
120460  -46.119  10.634  13.068 0.0000000000
120450  -45.834  10.240  13.749 0.0000000000
120459  -45.400  10.846  13.284 0.0000000000
120458  -44.678  10.875  13.685 0.0000000000
121459  -44.509  11.506  14.138 0.0000000000
121449  -44.304  11.875  14.547 0.0000000000
110229  -53.608  1.616  23.421 0.0000000000
110245  -53.444  1.088  22.903 0.0000000000
110228  -52.701  1.294  23.300 0.0000000000
108902  -52.422  0.990  22.779 0.0000000000
111450  -50.739  2.649  24.239 0.0000000000
110226  -51.415  1.633  22.980 0.0000000000
108915  -51.982  0.938  22.333 0.0000000000
108927  -51.635  0.758  21.537 0.0000000000
110277  -51.278  1.053  20.684 0.0000000000
110286  -50.867  1.744  20.228 0.0000000000
112597  -47.636  4.358  24.693 0.0000000000
112612  -48.363  3.514  24.236 0.0000000000
111466  -48.629  2.979  23.240 0.0000000000
113796  -47.789  4.852  22.879 0.0000000000
112645  -48.692  3.403  22.413 0.0000000000
111487  -49.386  2.550  22.560 0.0000000000
111501  -49.625  2.479  21.653 0.0000000000
111530  -50.777  2.425  19.565 0.0000000000
111542  -50.909  2.845  18.885 0.0000000000
113850  -51.217  4.297  18.100 0.0000000000
115030  -51.497  4.929  17.729 0.0000000000
124414  -54.794  14.204  21.196 0.0000000000
123433  -54.365  13.811  20.579 0.0000000000
124424  -54.819  14.006  20.349 0.0000000000
123459  -55.258  13.476  19.041 0.0000000000
122444  -55.445  13.203  18.094 0.0000000000
123461  -56.881  13.791  18.343 0.0000000000
123469  -56.305  13.456  17.767 0.0000000000
122491  -56.233  12.160  13.405 0.0000000000
124510  -58.477  14.051  14.967 0.0000000000
123507  -58.659  13.389  14.480 0.0000000000
122493  -58.449  12.764  14.076 0.0000000000
123534  -58.476  13.239  12.129 0.0000000000
122492  -57.496  12.518  13.747 0.0000000000
122506  -57.159  12.138  12.734 0.0000000000
121478  -56.207  11.643  12.830 0.0000000000
120484  -56.803  10.305  11.462 0.0000000000
119508  -56.721  9.232  10.507 0.0000000000
119517  -57.935  9.777  9.541 0.0000000000
119516  -57.219  9.390  9.730 0.0000000000
118434  -56.502  8.930  10.061 0.0000000000
118441  -55.842  8.570  10.130 0.0000000000
118432  -54.115  8.638  10.827 0.0000000000
118431  -53.401  8.627  11.060 0.0000000000
119504  -53.114  10.172  11.386 0.0000000000
120499  -54.100  10.786  10.706 0.0000000000
120492  -53.331  10.747  11.083 0.0000000000
122534  -52.992  12.342  9.532 0.0000000000
122533  -52.184  12.348  9.877 0.0000000000
122545  -51.363  12.636  9.111 0.0000000000
124514  -48.337  14.326  12.619 0.0000000000
121322  -44.049  11.283  30.229 0.0000000000
121344  -43.902  11.055  28.804 0.0000000000
122358  -44.495  12.418  28.773 0.0000000000
122359  -44.883  12.961  28.415 0.0000000000
124358  -45.065  14.049  29.749 0.0000000000
123381  -45.272  13.505  28.450 0.0000000000
122368  -45.834  13.066  27.271 0.0000000000
123385  -46.356  13.518  27.204 0.0000000000
123386  -47.012  13.790  26.988 0.0000000000
123390  -48.041  13.780  26.000 0.0000000000
125387  -45.979  15.357  31.152 0.0000000000
125405  -46.676  15.307  29.246 0.0000000000
125406  -47.148  15.819  29.771 0.0000000000
125408  -46.764  15.071  28.368 0.0000000000
124367  -47.532  14.490  26.971 0.0000000000
124374  -49.003  14.133  25.560 0.0000000000
124375  -49.630  14.355  25.448 0.0000000000
124376  -50.486  14.384  25.093 0.0000000000
124377  -51.206  14.563  24.913 0.0000000000
124382  -51.603  14.510  24.254 0.0000000000
124392  -52.125  14.362  23.571 0.0000000000
124393  -52.894  14.496  23.247 0.0000000000
127588  -51.093  17.663  27.827 0.0000000000
126527  -51.796  16.848  26.792 0.0000000000
125422  -52.190  16.340  26.252 0.0000000000
126529  -53.544  17.129  26.189 0.0000000000
126533  -53.059  16.445  25.617 0.0000000000
125428  -53.148  16.288  25.269 0.0000000000
125432  -53.384  15.809  24.579 0.0000000000
124394  -53.909  14.931  23.274 0.0000000000
124405  -55.420  14.713  22.137 0.0000000000
124415  -56.087  14.586  21.301 0.0000000000
124426  -56.916  14.378  20.333 0.0000000000
125454  -56.833  15.695  22.628 0.0000000000
124416  -57.188  15.282  21.362 0.0000000000
124438  -57.799  14.697  19.558 0.0000000000
124454  -58.373  14.925  18.875 0.0000000000
125512  -58.472  15.338  18.189 0.0000000000
125493  -57.992  16.134  19.286 0.0000000000
111532  -58.322  2.470  19.814 0.0000000000
110288  -57.902  1.627  19.770 0.0000000000
110279  -57.302  1.739  20.692 0.0000000000
110278  -56.730  1.483  21.076 0.0000000000
110248  -55.648  2.111  22.233 0.0000000000
111490  -54.862  2.189  23.104 0.0000000000
113787  -55.469  4.485  23.148 0.0000000000
116106  -54.298  5.930  24.474 0.0000000000
114956  -54.596  5.424  24.012 0.0000000000
112647  -55.699  3.652  22.672 0.0000000000
112630  -55.157  3.632  23.306 0.0000000000
111473  -54.878  2.882  23.427 0.0000000000
111472  -54.173  2.417  23.578 0.0000000000
112616  -52.175  3.433  24.706 0.0000000000
114940  -51.854  5.274  26.146 0.0000000000
113758  -51.446  4.313  25.780 0.0000000000
113746  -49.862  4.791  26.429 0.0000000000
113745  -48.992  4.661  26.399 0.0000000000
114924  -48.536  5.204  26.777 0.0000000000
118254  -51.422  8.192  28.259 0.0000000000
117165  -50.910  7.731  28.283 0.0000000000
117174  -50.475  7.226  27.942 0.0000000000
118245  -50.236  8.463  29.452 0.0000000000
117164  -50.242  7.694  28.700 0.0000000000
117173  -49.888  7.145  28.290 0.0000000000
116064  -49.677  6.622  27.756 0.0000000000
116063  -48.580  6.286  27.772 0.0000000000
114913  -48.045  5.666  27.285 0.0000000000
116053  -47.151  6.526  28.209 0.0000000000
117160  -46.228  7.119  28.310 0.0000000000
117148  -45.345  8.294  28.900 0.0000000000
118239  -44.739  9.101  29.130 0.0000000000
120300  -44.640  10.435  30.477 0.0000000000
122292  -57.518  12.755  34.430 0.0000000000
118222  -52.510  8.388  32.616 0.0000000000
118212  -52.799  8.417  33.318 0.0000000000
118214  -54.294  8.868  34.081 0.0000000000
114856  -53.160  4.947  36.390 0.0000000000
114870  -53.349  5.416  36.296 0.0000000000
115994  -53.756  5.921  36.508 0.0000000000
115981  -55.004  6.096  37.964 0.0000000000
116012  -54.116  6.516  36.224 0.0000000000
117111  -54.221  7.511  35.606 0.0000000000
118209  -54.598  8.684  34.882 0.0000000000
119277  -54.686  9.296  34.329 0.0000000000
119278  -55.687  9.639  34.674 0.0000000000
119279  -56.650  10.087  35.093 0.0000000000
120252  -57.346  10.507  35.061 0.0000000000
119253  -58.039  9.613  36.813 0.0000000000
119264  -58.006  10.009  36.090 0.0000000000
120253  -58.076  10.971  35.316 0.0000000000
121266  -58.102  11.670  35.498 0.0000000000
121275  -57.071  12.421  35.091 0.0000000000
122291  -56.674  12.486  34.428 0.0000000000
120250  -54.313  10.661  35.066 0.0000000000
120265  -53.040  10.911  33.742 0.0000000000
121286  -51.473  11.427  33.188 0.0000000000
121285  -50.665  11.052  33.263 0.0000000000
121298  -50.027  11.184  33.123 0.0000000000
118174  -53.515  8.604  37.000 0.0000000000
118195  -53.086  8.772  36.250 0.0000000000
118207  -51.835  8.879  35.049 0.0000000000
118206  -50.903  8.827  34.914 0.0000000000
119274  -51.562  9.671  34.346 0.0000000000
119286  -50.922  9.890  33.662 0.0000000000
120261  -49.747  10.424  33.327 0.0000000000
120279  -49.387  10.886  32.810 0.0000000000
122321  -44.233  12.228  31.654 0.0000000000
121270  -45.057  11.609  33.749 0.0000000000
122298  -44.780  12.480  33.416 0.0000000000
123343  -44.808  13.291  32.760 0.0000000000
124322  -45.688  13.654  34.116 0.0000000000
124323  -46.296  14.033  34.492 0.0000000000
120228  -47.351  10.432  36.885 0.0000000000
123324  -46.669  13.238  35.693 0.0000000000
124316  -46.598  13.692  35.172 0.0000000000
124317  -47.253  14.166  35.510 0.0000000000
124303  -48.545  14.366  36.391 0.0000000000
123313  -48.346  13.425  37.016 0.0000000000
124288  -48.789  13.855  37.165 0.0000000000
107720  -56.071  -0.797  11.933 0.0000000000
109106  -56.282  0.222  10.069 0.0000000000
107754  -56.281  -0.084  9.987 0.0000000000
107736  -55.177  -0.664  11.288 0.0000000000
107735  -54.618  -0.841  10.992 0.0000000000
106413  -53.894  -1.170  10.766 0.0000000000
108930  -54.463  0.445  21.793 0.0000000000
107599  -54.917  0.023  20.489 0.0000000000
107610  -54.736  -0.487  19.428 0.0000000000
107635  -55.160  -0.581  17.605 0.0000000000
108983  -52.996  -0.094  17.525 0.0000000000
107645  -52.591  -0.126  16.243 0.0000000000
107647  -54.085  -0.233  16.211 0.0000000000
107662  -54.413  -0.059  15.616 0.0000000000
106412  -53.355  -1.111  10.507 0.0000000000
106397  -50.577  -0.969  10.881 0.0000000000
106396  -49.666  -0.781  10.687 0.0000000000
109113  -50.223  0.298  9.929 0.0000000000
107762  -50.015  0.253  9.814 0.0000000000
106408  -49.507  -0.482  10.156 0.0000000000
107731  -48.096  -0.399  11.034 0.0000000000
107730  -47.169  -0.193  11.673 0.0000000000
120338  -44.534  10.747  27.785 0.0000000000
120350  -44.962  10.772  26.963 0.0000000000
119365  -45.537  9.617  25.546 0.0000000000
121365  -45.939  11.218  25.841 0.0000000000
120358  -46.029  10.580  25.428 0.0000000000
119387  -46.731  9.237  23.688 0.0000000000
119399  -47.140  9.146  22.717 0.0000000000
118343  -47.546  8.301  21.784 0.0000000000
122388  -48.427  12.136  23.856 0.0000000000
121378  -48.439  11.465  23.402 0.0000000000
120390  -49.144  10.635  21.544 0.0000000000
120382  -48.790  10.764  22.202 0.0000000000
120381  -48.036  10.462  22.720 0.0000000000
118344  -48.101  8.460  21.300 0.0000000000
117267  -48.311  7.759  20.885 0.0000000000
117278  -48.549  7.625  20.376 0.0000000000
117279  -48.849  7.518  19.851 0.0000000000
118371  -49.398  8.294  18.854 0.0000000000
117290  -49.733  7.326  18.490 0.0000000000
116178  -50.255  6.371  18.277 0.0000000000
115040  -51.370  5.591  17.558 0.0000000000
123441  -53.935  13.431  20.246 0.0000000000
122416  -53.501  13.183  20.121 0.0000000000
122423  -52.748  12.222  19.251 0.0000000000
121417  -52.318  11.729  18.420 0.0000000000
121426  -51.611  11.261  18.027 0.0000000000
121462  -54.431  11.606  14.110 0.0000000000
121452  -53.707  11.641  14.929 0.0000000000
120454  -53.505  9.782  13.876 0.0000000000
121460  -52.948  10.444  14.642 0.0000000000
121451  -52.779  11.049  15.101 0.0000000000
121440  -51.969  11.179  16.192 0.0000000000
120426  -51.184  10.612  17.368 0.0000000000
120434  -50.767  10.012  16.926 0.0000000000
118386  -50.832  8.535  16.787 0.0000000000
117310  -51.979  7.300  16.080 0.0000000000
117305  -51.588  7.197  16.767 0.0000000000
113885  -51.264  4.774  15.167 0.0000000000
112790  -49.198  3.677  11.550 0.0000000000
115102  -51.501  5.611  11.953 0.0000000000
113953  -50.083  4.943  10.846 0.0000000000
113941  -50.354  4.967  11.625 0.0000000000
112798  -48.997  3.986  10.716 0.0000000000
111628  -48.017  3.049  9.333 0.0000000000
111641  -47.781  2.544  8.727 0.0000000000
110408  -47.153  2.428  8.615 0.0000000000
112813  -46.738  2.903  8.756 0.0000000000
111634  -46.679  2.437  8.966 0.0000000000
115115  -48.132  5.032  11.295 0.0000000000
118429  -52.135  8.126  11.477 0.0000000000
118420  -51.696  8.339  12.025 0.0000000000
119493  -51.303  8.865  12.424 0.0000000000
121473  -50.062  11.061  12.981 0.0000000000
119484  -48.902  10.113  13.643 0.0000000000
117308  -49.067  7.518  15.044 0.0000000000
117304  -48.591  7.423  16.194 0.0000000000
119442  -46.328  8.640  18.182 0.0000000000
120433  -44.523  10.161  15.941 0.0000000000
120421  -41.978  10.685  17.465 0.0000000000
125581  -49.309  15.367  10.824 0.0000000000
125580  -48.910  15.279  11.549 0.0000000000
125572  -48.581  15.227  12.367 0.0000000000
124513  -47.899  14.343  13.420 0.0000000000
126669  -47.937  16.476  13.235 0.0000000000
125565  -47.820  15.331  13.918 0.0000000000
124502  -47.303  14.419  14.296 0.0000000000
124501  -46.794  14.056  14.525 0.0000000000
123490  -46.190  13.888  15.431 0.0000000000
125534  -46.185  15.370  16.175 0.0000000000
124473  -46.364  14.610  15.855 0.0000000000
123489  -45.705  13.424  15.773 0.0000000000
122450  -45.489  12.920  16.135 0.0000000000
123476  -44.919  13.177  16.977 0.0000000000
107588  -54.643  0.139  21.133 0.0000000000
107620  -52.943  -0.050  18.352 0.0000000000
107660  -52.613  -0.130  15.864 0.0000000000
107745  -47.915  0.004  9.749 0.0000000000
108901  -52.146  1.163  22.882 0.0000000000
108914  -51.444  0.969  22.034 0.0000000000
108916  -52.850  0.692  22.472 0.0000000000
108932  -55.805  0.983  21.500 0.0000000000
108944  -54.981  0.313  21.221 0.0000000000
108958  -55.919  0.358  20.437 0.0000000000
108996  -53.232  -0.218  15.822 0.0000000000
109025  -50.973  1.167  14.925 0.0000000000
109082  -50.052  0.742  11.332 0.0000000000
109098  -47.823  -0.092  9.946 0.0000000000
110242  -50.730  1.525  22.290 0.0000000000
110244  -51.797  1.249  22.722 0.0000000000
110247  -55.101  1.848  22.472 0.0000000000
110262  -51.066  1.064  21.624 0.0000000000
110263  -54.887  1.203  22.056 0.0000000000
110265  -56.265  1.747  21.746 0.0000000000
110276  -50.683  1.538  21.005 0.0000000000
110399  -46.963  1.958  8.819 0.0000000000
110410  -47.932  2.045  8.821 0.0000000000
111447  -48.567  3.285  23.682 0.0000000000
111471  -53.149  2.340  23.938 0.0000000000
111486  -48.875  2.761  22.878 0.0000000000
111489  -50.934  1.736  22.753 0.0000000000
111518  -57.771  2.700  20.504 0.0000000000
111533  -58.799  3.037  19.104 0.0000000000
111575  -50.815  2.278  16.085 0.0000000000
111600  -48.972  2.517  12.814 0.0000000000
111635  -47.924  3.126  8.964 0.0000000000
111639  -46.910  2.635  8.630 0.0000000000
112519  -52.298  3.997  36.179 0.0000000000
112601  -50.727  3.749  25.541 0.0000000000
112611  -47.781  4.194  24.232 0.0000000000
112618  -53.763  3.844  24.307 0.0000000000
112627  -48.292  3.684  23.261 0.0000000000
112662  -49.209  3.234  20.949 0.0000000000
112680  -58.239  4.052  19.935 0.0000000000
112689  -50.095  3.585  19.736 0.0000000000
112762  -48.754  2.932  12.541 0.0000000000
112814  -46.969  3.110  8.668 0.0000000000
113669  -54.225  5.015  37.897 0.0000000000
113683  -53.726  4.765  37.376 0.0000000000
113754  -47.497  4.618  25.269 0.0000000000
113759  -52.238  4.638  25.598 0.0000000000
113774  -52.614  4.152  25.035 0.0000000000
113785  -47.939  4.338  23.156 0.0000000000
113797  -48.226  4.488  22.501 0.0000000000
113799  -56.490  4.567  21.899 0.0000000000
114846  -54.409  5.408  38.315 0.0000000000
114857  -53.786  5.127  36.747 0.0000000000
114916  -50.569  6.150  26.839 0.0000000000
114939  -51.192  5.005  26.249 0.0000000000
114953  -46.472  5.720  25.018 0.0000000000
114957  -55.231  5.856  23.610 0.0000000000
114978  -56.649  5.431  21.733 0.0000000000
114989  -56.970  5.574  21.217 0.0000000000
115028  -50.125  5.655  18.689 0.0000000000
115062  -51.586  5.233  14.742 0.0000000000
115145  -52.435  6.420  10.069 0.0000000000
115153  -49.375  5.919  8.363 0.0000000000
115154  -49.679  5.863  7.978 0.0000000000
115949  -56.590  7.162  39.106 0.0000000000
115971  -56.278  6.818  38.950 0.0000000000
115983  -56.585  7.228  38.607 0.0000000000
116024  -52.338  6.061  34.721 0.0000000000
116056  -49.505  6.936  28.292 0.0000000000
116062  -47.610  6.285  27.651 0.0000000000
116088  -46.323  6.491  25.732 0.0000000000
116092  -54.641  6.748  24.947 0.0000000000
116105  -46.578  5.968  24.621 0.0000000000
116119  -46.690  6.315  24.039 0.0000000000
116144  -57.172  6.075  21.113 0.0000000000
116247  -55.644  6.878  9.857 0.0000000000
116261  -55.670  7.039  9.378 0.0000000000
116286  -50.038  6.057  7.837 0.0000000000
117038  -56.756  7.590  39.355 0.0000000000
117039  -57.247  7.918  39.100 0.0000000000
117068  -57.039  7.521  38.896 0.0000000000
117069  -57.373  8.161  38.621 0.0000000000
117086  -57.537  8.328  38.184 0.0000000000
117094  -54.589  6.918  36.316 0.0000000000
117187  -51.673  7.242  26.966 0.0000000000
117188  -52.348  7.457  26.661 0.0000000000
117196  -45.767  7.722  25.630 0.0000000000
117229  -46.389  7.372  23.653 0.0000000000
117243  -45.984  7.876  22.966 0.0000000000
117244  -46.268  7.697  22.938 0.0000000000
117338  -55.159  6.976  10.945 0.0000000000
118098  -56.780  8.067  39.442 0.0000000000
118130  -56.751  8.471  39.160 0.0000000000
118131  -57.231  8.440  38.900 0.0000000000
118157  -57.652  8.542  37.908 0.0000000000
118158  -57.707  8.750  38.255 0.0000000000
118177  -57.340  8.652  37.220 0.0000000000
118196  -54.985  8.415  35.635 0.0000000000
118197  -55.899  8.677  36.076 0.0000000000
118208  -53.967  8.369  34.328 0.0000000000
118213  -53.606  8.605  33.640 0.0000000000
118234  -50.363  9.075  29.756 0.0000000000
118240  -45.393  8.764  29.403 0.0000000000
118260  -44.601  9.268  28.014 0.0000000000
118277  -54.461  8.410  26.466 0.0000000000
118299  -46.035  8.198  24.325 0.0000000000
118315  -45.889  8.128  23.109 0.0000000000
118316  -46.178  8.295  23.310 0.0000000000
118329  -46.034  8.129  22.804 0.0000000000
118395  -53.510  7.962  14.894 0.0000000000
118422  -52.975  8.819  11.578 0.0000000000
119210  -56.647  8.712  38.800 0.0000000000
119211  -57.020  9.028  38.706 0.0000000000
119238  -57.383  9.528  38.165 0.0000000000
119252  -57.478  9.159  36.557 0.0000000000
119259  -53.021  9.108  35.779 0.0000000000
119261  -54.807  9.741  36.177 0.0000000000
119285  -50.088  9.768  33.680 0.0000000000
119325  -52.566  9.701  28.890 0.0000000000
119332  -44.490  9.942  28.322 0.0000000000
119334  -51.756  8.840  28.647 0.0000000000
119335  -52.806  9.260  28.237 0.0000000000
119366  -46.060  10.045  25.052 0.0000000000
119398  -46.652  8.767  23.093 0.0000000000
119400  -47.615  9.727  22.592 0.0000000000
119410  -47.396  8.767  22.172 0.0000000000
119460  -51.067  9.289  16.574 0.0000000000
119473  -45.688  10.058  14.245 0.0000000000
119523  -56.539  10.159  9.375 0.0000000000
119525  -57.639  9.940  9.193 0.0000000000
120171  -50.511  10.205  40.329 0.0000000000
120211  -56.529  10.054  37.494 0.0000000000
120213  -57.652  9.865  37.732 0.0000000000
120227  -46.935  10.642  36.472 0.0000000000
120238  -54.732  10.413  35.736 0.0000000000
120240  -57.858  10.335  35.707 0.0000000000
120241  -58.155  10.636  36.170 0.0000000000
120247  -51.738  10.360  33.894 0.0000000000
120290  -44.819  10.577  31.508 0.0000000000
120316  -44.214  10.575  29.559 0.0000000000
120327  -43.933  10.843  28.939 0.0000000000
120339  -44.813  11.210  27.384 0.0000000000
120349  -44.668  10.392  27.355 0.0000000000
120398  -49.962  10.680  20.130 0.0000000000
120476  -46.696  11.225  12.316 0.0000000000
120493  -56.692  9.695  11.151 0.0000000000
120502  -57.866  9.924  10.060 0.0000000000
120510  -57.383  10.491  9.390 0.0000000000
121257  -56.567  10.856  36.684 0.0000000000
121263  -55.249  10.989  35.844 0.0000000000
121272  -54.262  10.973  34.651 0.0000000000
121284  -50.199  10.829  33.350 0.0000000000
121290  -56.155  12.183  34.262 0.0000000000
121301  -52.502  12.283  32.581 0.0000000000
121326  -53.168  11.515  30.397 0.0000000000
121334  -43.827  11.013  29.066 0.0000000000
121335  -43.942  11.382  29.248 0.0000000000
121336  -53.686  11.424  29.974 0.0000000000
121345  -44.249  11.436  28.408 0.0000000000
121353  -44.667  11.645  27.689 0.0000000000
121369  -46.963  11.279  24.762 0.0000000000
121370  -47.532  11.507  24.407 0.0000000000
121441  -52.702  11.588  15.997 0.0000000000
121450  -52.292  11.136  15.652 0.0000000000
121470  -45.393  11.259  12.764 0.0000000000
121472  -48.168  11.176  12.831 0.0000000000
121475  -53.792  10.254  13.736 0.0000000000
121484  -45.098  11.780  12.583 0.0000000000
121495  -58.163  12.141  12.035 0.0000000000
121501  -46.144  11.881  11.476 0.0000000000
121520  -57.394  11.495  10.088 0.0000000000
121522  -58.192  11.730  11.189 0.0000000000
121536  -54.133  12.391  8.563 0.0000000000
122284  -57.677  12.306  35.224 0.0000000000
122288  -44.927  11.860  33.840 0.0000000000
122289  -45.276  12.450  34.303 0.0000000000
122303  -56.131  12.639  33.610 0.0000000000
122322  -51.945  12.216  30.937 0.0000000000
122338  -52.046  11.873  30.671 0.0000000000
122380  -47.670  11.970  25.031 0.0000000000
122381  -48.245  12.476  24.649 0.0000000000
122424  -53.785  12.968  19.552 0.0000000000
122434  -55.292  13.342  18.650 0.0000000000
122451  -52.895  11.857  16.550 0.0000000000
122456  -58.294  13.152  15.937 0.0000000000
122457  -58.338  13.369  16.054 0.0000000000
122469  -58.130  12.901  15.741 0.0000000000
122477  -54.529  12.046  14.631 0.0000000000
122481  -58.516  13.022  15.070 0.0000000000
122499  -44.884  11.858  12.759 0.0000000000
122505  -56.561  11.848  12.734 0.0000000000
122535  -56.162  12.554  10.116 0.0000000000
123335  -44.956  13.165  33.332 0.0000000000
123337  -56.508  13.158  33.183 0.0000000000
123345  -55.273  13.245  32.359 0.0000000000
123373  -45.072  13.660  29.193 0.0000000000
123384  -45.718  13.529  27.719 0.0000000000
123388  -46.788  13.259  26.700 0.0000000000
123389  -47.425  13.521  26.357 0.0000000000
123399  -48.897  13.130  24.821 0.0000000000
123423  -51.641  13.427  22.380 0.0000000000
123431  -53.199  13.607  21.402 0.0000000000
123432  -53.921  13.732  20.940 0.0000000000
123439  -52.731  13.181  20.758 0.0000000000
123444  -56.523  14.001  19.681 0.0000000000
123449  -54.251  13.366  19.778 0.0000000000
123450  -54.801  13.573  19.568 0.0000000000
123462  -57.532  13.907  17.922 0.0000000000
123471  -57.959  13.706  17.353 0.0000000000
123478  -46.088  13.966  16.110 0.0000000000
123482  -56.687  13.392  17.116 0.0000000000
123495  -58.166  13.084  16.123 0.0000000000
123496  -58.518  13.607  15.357 0.0000000000
123511  -46.752  13.056  14.045 0.0000000000
123548  -58.323  12.684  11.276 0.0000000000
123562  -58.340  12.523  11.068 0.0000000000
123571  -55.399  12.561  9.390 0.0000000000
123597  -52.182  14.058  7.940 0.0000000000
124360  -46.252  14.685  28.793 0.0000000000
124370  -47.925  14.219  26.384 0.0000000000
124381  -50.893  14.275  24.489 0.0000000000
124407  -56.894  15.540  22.022 0.0000000000
124412  -53.485  14.141  22.004 0.0000000000
124417  -57.966  15.475  21.153 0.0000000000
124428  -58.410  15.494  20.053 0.0000000000
124435  -54.757  13.855  19.968 0.0000000000
124436  -55.116  13.978  19.926 0.0000000000
124483  -58.499  14.361  16.655 0.0000000000
125370  -47.960  15.449  34.265 0.0000000000
125396  -46.442  15.475  30.441 0.0000000000
125412  -46.779  14.778  27.901 0.0000000000
125416  -50.106  16.163  27.184 0.0000000000
125424  -49.554  14.761  25.875 0.0000000000
125441  -53.806  15.385  23.919 0.0000000000
125453  -56.271  15.443  22.709 0.0000000000
125463  -57.993  15.906  21.620 0.0000000000
125464  -58.385  16.008  21.130 0.0000000000
125548  -47.083  15.413  15.122 0.0000000000
125552  -58.318  14.903  16.066 0.0000000000
125553  -58.379  14.678  15.942 0.0000000000
125589  -52.340  15.166  9.246 0.0000000000
126465  -46.692  15.971  31.075 0.0000000000
126520  -51.398  17.298  27.354 0.0000000000
126528  -52.870  16.731  26.218 0.0000000000
126536  -55.761  17.330  25.348 0.0000000000
126542  -57.082  17.386  24.408 0.0000000000
126551  -54.904  16.289  24.168 0.0000000000
127576  -49.045  17.211  29.305 0.0000000000
127590  -53.131  17.788  27.457 0.0000000000
127621  -54.802  17.451  25.881 0.0000000000
127640  -56.659  17.404  24.990 0.0000000000
128597  -53.716  18.289  28.004 0.0000000000
