#!ascii label  , from subject sub-01 vox2ras=TkReg
1498
67028  -14.267  -27.032  71.667 0.0000000000
80806  -33.493  -18.831  54.423 0.0000000000
79500  -38.491  -19.596  46.193 0.0000000000
77702  -30.399  -19.221  59.578 0.0000000000
91463  -44.848  -12.447  38.352 0.0000000000
91406  -37.843  -12.221  41.971 0.0000000000
82204  -35.273  -18.679  60.222 0.0000000000
73306  -32.731  -24.025  56.751 0.0000000000
91469  -50.607  -12.067  40.070 0.0000000000
99641  -52.578  -7.201  37.454 0.0000000000
102228  -54.924  -4.918  34.624 0.0000000000
88486  -40.607  -13.880  49.325 0.0000000000
85637  -36.524  -16.546  45.585 0.0000000000
92842  -41.814  -10.997  46.342 0.0000000000
95700  -45.329  -8.895  43.571 0.0000000000
68789  -24.754  -24.399  61.754 0.0000000000
63725  -12.000  -29.446  75.004 0.0000000000
79393  -36.920  -19.457  50.893 0.0000000000
80898  -41.472  -18.125  50.958 0.0000000000
73326  -24.489  -23.493  56.603 0.0000000000
77846  -28.409  -21.355  52.457 0.0000000000
98440  -51.324  -7.276  30.071 0.0000000000
102254  -55.464  -4.110  30.603 0.0000000000
91461  -41.470  -11.970  39.002 0.0000000000
89948  -47.571  -12.055  41.584 0.0000000000
68592  -16.200  -26.405  69.158 0.0000000000
56553  -10.455  -34.766  72.249 0.0000000000
95761  -51.994  -9.034  39.110 0.0000000000
89892  -41.085  -12.864  47.976 0.0000000000
68810  -22.432  -25.368  60.064 0.0000000000
65416  -13.623  -28.583  72.937 0.0000000000
82359  -34.524  -17.646  49.644 0.0000000000
83891  -34.893  -17.419  52.881 0.0000000000
77734  -27.026  -20.606  58.845 0.0000000000
76334  -25.912  -21.665  54.398 0.0000000000
77774  -28.561  -19.916  56.078 0.0000000000
76339  -34.004  -21.858  55.863 0.0000000000
73396  -32.155  -24.145  53.251 0.0000000000
77849  -33.225  -20.744  53.621 0.0000000000
79134  -28.347  -19.531  63.105 0.0000000000
76248  -26.785  -21.479  61.217 0.0000000000
97119  -47.845  -8.303  35.368 0.0000000000
97155  -50.060  -7.808  31.585 0.0000000000
102241  -55.362  -4.586  32.739 0.0000000000
88575  -36.970  -13.761  43.435 0.0000000000
92907  -39.404  -11.416  40.838 0.0000000000
92890  -46.219  -10.844  42.342 0.0000000000
70159  -21.238  -24.380  67.582 0.0000000000
71669  -19.935  -23.980  69.213 0.0000000000
76083  -18.196  -23.359  70.444 0.0000000000
68657  -16.614  -25.985  66.308 0.0000000000
56576  -10.981  -34.518  71.320 0.0000000000
80787  -34.562  -19.300  57.134 0.0000000000
83826  -35.103  -16.953  56.379 0.0000000000
85386  -35.807  -16.245  59.379 0.0000000000
76231  -32.636  -20.326  60.744 0.0000000000
74753  -31.638  -21.406  57.298 0.0000000000
73254  -34.273  -22.716  59.129 0.0000000000
76282  -35.209  -22.084  58.358 0.0000000000
91493  -47.269  -11.904  38.742 0.0000000000
94400  -48.227  -10.523  38.128 0.0000000000
97110  -49.590  -8.197  37.184 0.0000000000
98390  -50.638  -6.858  35.932 0.0000000000
99673  -51.555  -5.932  34.444 0.0000000000
99651  -53.275  -6.103  36.367 0.0000000000
84016  -39.371  -17.448  47.545 0.0000000000
82437  -37.595  -18.232  45.884 0.0000000000
88517  -38.147  -14.770  47.142 0.0000000000
88558  -38.742  -13.167  45.640 0.0000000000
92867  -40.474  -11.291  43.949 0.0000000000
94344  -41.537  -10.208  42.941 0.0000000000
94300  -42.912  -10.020  44.627 0.0000000000
70192  -24.062  -24.584  65.823 0.0000000000
68709  -21.670  -25.391  64.069 0.0000000000
102282  -54.046  -4.359  26.511 0.0000000000
66997  -9.656  -28.717  74.425 0.0000000000
79457  -36.195  -19.432  47.688 0.0000000000
77913  -38.359  -19.616  48.854 0.0000000000
82297  -37.223  -18.776  54.009 0.0000000000
77862  -39.927  -20.961  50.724 0.0000000000
79484  -39.841  -18.746  48.408 0.0000000000
83953  -40.113  -16.584  50.166 0.0000000000
74815  -31.537  -22.344  54.483 0.0000000000
71782  -26.546  -23.100  63.772 0.0000000000
70385  -24.455  -24.283  58.568 0.0000000000
100994  -52.540  -5.341  32.376 0.0000000000
102258  -52.728  -4.919  30.341 0.0000000000
102270  -53.628  -4.598  28.098 0.0000000000
103506  -56.577  -3.153  29.465 0.0000000000
63853  -13.481  -30.090  68.035 0.0000000000
62193  -12.854  -31.307  69.462 0.0000000000
90009  -43.085  -12.475  38.788 0.0000000000
94380  -42.831  -10.389  41.283 0.0000000000
91421  -44.238  -11.460  40.427 0.0000000000
89987  -45.673  -12.800  39.816 0.0000000000
89990  -49.045  -12.754  41.069 0.0000000000
67043  -15.368  -26.428  70.759 0.0000000000
59250  -12.289  -32.147  71.025 0.0000000000
59220  -11.051  -32.360  73.074 0.0000000000
60630  -10.178  -31.848  72.554 0.0000000000
65428  -13.984  -27.996  71.950 0.0000000000
80850  -33.328  -18.917  53.378 0.0000000000
83889  -33.870  -17.943  52.164 0.0000000000
83856  -34.158  -17.393  54.035 0.0000000000
79245  -28.804  -19.309  58.641 0.0000000000
79270  -28.391  -19.477  57.906 0.0000000000
77753  -30.029  -19.533  57.386 0.0000000000
79333  -33.888  -20.441  55.721 0.0000000000
76367  -33.431  -21.652  54.854 0.0000000000
79355  -33.819  -20.008  53.894 0.0000000000
79373  -33.027  -19.999  52.741 0.0000000000
79161  -30.999  -18.634  62.027 0.0000000000
79108  -30.566  -18.654  64.148 0.0000000000
79179  -28.795  -19.155  61.529 0.0000000000
79197  -28.187  -19.926  60.977 0.0000000000
98417  -49.443  -7.241  32.598 0.0000000000
77989  -38.039  -20.587  45.446 0.0000000000
79523  -38.193  -20.185  45.157 0.0000000000
89927  -37.894  -12.696  43.274 0.0000000000
89946  -36.929  -13.147  41.737 0.0000000000
92906  -38.503  -11.826  41.230 0.0000000000
70204  -19.024  -25.464  65.274 0.0000000000
71704  -21.205  -24.169  68.332 0.0000000000
68615  -19.098  -24.855  67.506 0.0000000000
70157  -18.751  -24.690  68.063 0.0000000000
70202  -17.337  -25.632  65.574 0.0000000000
82220  -34.988  -18.742  59.054 0.0000000000
83790  -34.808  -17.363  58.841 0.0000000000
83758  -35.062  -16.930  60.058 0.0000000000
76223  -33.660  -21.175  62.006 0.0000000000
74700  -33.551  -21.666  60.338 0.0000000000
74702  -34.474  -21.910  60.996 0.0000000000
79200  -35.456  -20.007  60.718 0.0000000000
76251  -35.468  -21.846  59.806 0.0000000000
79223  -35.471  -20.232  59.809 0.0000000000
79271  -35.270  -20.237  58.129 0.0000000000
91467  -48.501  -12.193  39.715 0.0000000000
92970  -48.120  -11.117  38.646 0.0000000000
92971  -49.217  -11.052  38.900 0.0000000000
95772  -52.502  -8.165  38.729 0.0000000000
97086  -50.491  -8.738  38.491 0.0000000000
98367  -50.731  -7.789  37.238 0.0000000000
98378  -49.889  -7.767  36.756 0.0000000000
98380  -51.656  -7.098  36.762 0.0000000000
99659  -51.260  -6.551  35.709 0.0000000000
99642  -53.418  -6.771  37.706 0.0000000000
85607  -39.346  -16.679  48.530 0.0000000000
85605  -38.537  -16.524  47.722 0.0000000000
87123  -38.691  -15.545  48.065 0.0000000000
92823  -41.691  -11.469  46.726 0.0000000000
89913  -40.431  -12.784  46.554 0.0000000000
91354  -40.459  -12.268  45.721 0.0000000000
89929  -38.843  -12.574  44.992 0.0000000000
92854  -41.266  -11.411  45.232 0.0000000000
94319  -41.689  -10.726  44.186 0.0000000000
95673  -42.760  -9.863  45.722 0.0000000000
70211  -25.582  -24.267  64.565 0.0000000000
71740  -24.608  -24.187  66.067 0.0000000000
68713  -24.424  -24.820  64.271 0.0000000000
68762  -22.291  -25.313  62.046 0.0000000000
103534  -55.251  -2.889  26.594 0.0000000000
104869  -55.847  -2.392  26.070 0.0000000000
65392  -10.844  -29.107  74.637 0.0000000000
80915  -35.829  -18.499  49.716 0.0000000000
82379  -35.008  -18.279  48.400 0.0000000000
80916  -36.593  -18.794  49.359 0.0000000000
79483  -37.152  -19.760  47.964 0.0000000000
79436  -37.969  -19.504  49.583 0.0000000000
83827  -36.480  -16.984  56.227 0.0000000000
83859  -36.582  -17.655  54.838 0.0000000000
80809  -38.182  -18.537  54.730 0.0000000000
79399  -41.345  -19.310  51.802 0.0000000000
79380  -40.161  -20.291  52.473 0.0000000000
79415  -40.640  -19.240  50.828 0.0000000000
77894  -39.760  -19.366  49.560 0.0000000000
80917  -40.476  -18.305  49.893 0.0000000000
82402  -39.629  -17.924  49.132 0.0000000000
82383  -40.629  -17.407  50.445 0.0000000000
76360  -26.907  -21.125  53.652 0.0000000000
73285  -32.564  -23.324  57.082 0.0000000000
74770  -31.540  -21.837  56.268 0.0000000000
73329  -32.129  -23.695  55.386 0.0000000000
73394  -30.988  -24.255  52.975 0.0000000000
73211  -27.205  -22.150  64.177 0.0000000000
74736  -25.725  -22.131  58.883 0.0000000000
73265  -25.697  -22.850  60.532 0.0000000000
71892  -24.521  -23.897  57.880 0.0000000000
70383  -23.832  -25.292  56.841 0.0000000000
100978  -52.981  -5.625  33.975 0.0000000000
100986  -51.962  -5.580  32.905 0.0000000000
100988  -53.494  -5.340  33.455 0.0000000000
102247  -55.333  -4.373  31.641 0.0000000000
102246  -54.162  -4.969  31.970 0.0000000000
102253  -54.391  -4.517  30.833 0.0000000000
101010  -52.976  -4.845  29.249 0.0000000000
102260  -54.480  -4.094  29.868 0.0000000000
102267  -55.343  -3.701  29.030 0.0000000000
102262  -56.504  -3.609  29.815 0.0000000000
84036  -37.081  -17.399  45.766 0.0000000000
82459  -37.393  -18.832  45.056 0.0000000000
90033  -42.542  -13.370  38.542 0.0000000000
89984  -42.311  -12.060  39.029 0.0000000000
94345  -42.745  -9.800  43.153 0.0000000000
94365  -42.421  -10.100  41.974 0.0000000000
94366  -43.444  -10.079  42.112 0.0000000000
91407  -47.320  -11.496  41.901 0.0000000000
92913  -45.988  -11.298  41.836 0.0000000000
91423  -45.743  -11.923  41.372 0.0000000000
88613  -44.913  -12.090  40.105 0.0000000000
89967  -46.794  -12.476  41.175 0.0000000000
89989  -47.691  -12.627  40.758 0.0000000000
89968  -48.053  -12.545  41.382 0.0000000000
71684  -17.394  -25.092  70.074 0.0000000000
71666  -17.121  -25.074  70.758 0.0000000000
70100  -16.389  -25.388  71.492 0.0000000000
68581  -15.983  -26.529  69.726 0.0000000000
65507  -14.895  -27.939  68.606 0.0000000000
67103  -14.789  -27.924  67.513 0.0000000000
59276  -12.116  -32.677  69.432 0.0000000000
60691  -12.677  -31.695  70.450 0.0000000000
57875  -12.039  -33.471  69.976 0.0000000000
56554  -10.914  -34.405  72.542 0.0000000000
57840  -11.279  -33.235  72.393 0.0000000000
57838  -10.638  -34.099  72.861 0.0000000000
60631  -10.459  -31.542  73.113 0.0000000000
57827  -9.998  -33.586  72.595 0.0000000000
74671  -35.210  -21.103  62.932 0.0000000000
92957  -52.084  -11.609  39.921 0.0000000000
94392  -51.116  -10.554  39.428 0.0000000000
95752  -52.666  -9.558  39.682 0.0000000000
89876  -40.680  -13.441  48.817 0.0000000000
68834  -23.829  -25.194  59.346 0.0000000000
68787  -23.598  -25.088  61.430 0.0000000000
71616  -13.090  -26.022  75.036 0.0000000000
65393  -13.479  -28.901  74.267 0.0000000000
83928  -33.079  -17.530  50.330 0.0000000000
83907  -34.579  -17.651  51.508 0.0000000000
82325  -35.695  -18.611  51.779 0.0000000000
82364  -41.409  -17.011  51.567 0.0000000000
74750  -25.570  -21.765  57.154 0.0000000000
74788  -24.891  -22.529  55.232 0.0000000000
77772  -26.400  -21.091  56.288 0.0000000000
77795  -27.456  -20.623  55.390 0.0000000000
77817  -28.864  -20.752  53.927 0.0000000000
73356  -34.346  -23.694  56.348 0.0000000000
73354  -33.085  -24.234  55.266 0.0000000000
73398  -33.064  -22.911  54.913 0.0000000000
74844  -32.493  -22.645  54.348 0.0000000000
76416  -32.335  -21.239  51.416 0.0000000000
77638  -27.981  -19.792  64.619 0.0000000000
76220  -27.525  -21.336  62.859 0.0000000000
77701  -27.543  -21.043  61.528 0.0000000000
76262  -26.430  -21.421  59.349 0.0000000000
97107  -47.440  -8.914  35.811 0.0000000000
98433  -50.581  -7.438  31.028 0.0000000000
102230  -55.917  -4.514  34.532 0.0000000000
102236  -55.424  -4.681  33.748 0.0000000000
87152  -36.057  -15.327  44.389 0.0000000000
91459  -39.570  -12.683  38.750 0.0000000000
92951  -40.638  -11.692  39.305 0.0000000000
94302  -46.258  -8.905  43.028 0.0000000000
94348  -45.651  -10.107  42.743 0.0000000000
95702  -47.213  -9.540  43.041 0.0000000000
71716  -22.306  -24.219  67.551 0.0000000000
73117  -21.175  -23.675  68.607 0.0000000000
78966  -19.698  -22.344  69.275 0.0000000000
73080  -18.908  -23.698  69.807 0.0000000000
70122  -17.902  -24.741  69.526 0.0000000000
68636  -16.582  -25.915  67.344 0.0000000000
67160  -15.084  -27.732  66.019 0.0000000000
68678  -15.414  -27.209  65.499 0.0000000000
80808  -33.981  -19.444  56.077 0.0000000000
82265  -33.941  -18.235  55.459 0.0000000000
82250  -34.405  -17.376  56.962 0.0000000000
85425  -35.344  -16.678  57.756 0.0000000000
76230  -31.940  -19.792  60.242 0.0000000000
77737  -31.219  -19.672  58.547 0.0000000000
76250  -32.387  -20.641  58.961 0.0000000000
74726  -33.468  -22.671  58.374 0.0000000000
73287  -33.691  -24.196  58.165 0.0000000000
73257  -35.216  -22.300  60.338 0.0000000000
73289  -35.400  -23.741  58.852 0.0000000000
73333  -35.067  -24.151  56.847 0.0000000000
76296  -34.881  -21.949  57.621 0.0000000000
79315  -34.718  -20.888  56.813 0.0000000000
77662  -32.533  -18.939  62.354 0.0000000000
91464  -45.652  -12.191  38.679 0.0000000000
91491  -45.413  -12.015  37.945 0.0000000000
92968  -46.228  -11.370  37.830 0.0000000000
92985  -46.929  -10.732  37.714 0.0000000000
95769  -47.625  -9.509  37.092 0.0000000000
95759  -49.905  -9.602  38.521 0.0000000000
95770  -48.630  -9.459  37.819 0.0000000000
97095  -48.422  -8.821  37.048 0.0000000000
98376  -48.555  -7.989  36.209 0.0000000000
98388  -49.136  -7.412  35.798 0.0000000000
99671  -49.619  -6.776  34.590 0.0000000000
99685  -49.839  -6.663  33.626 0.0000000000
99672  -50.498  -6.352  34.564 0.0000000000
99660  -52.496  -6.151  35.405 0.0000000000
100968  -53.868  -5.314  35.041 0.0000000000
99643  -54.594  -6.055  37.853 0.0000000000
102212  -55.487  -4.753  35.387 0.0000000000
82421  -39.194  -18.020  47.140 0.0000000000
80972  -38.452  -18.689  46.334 0.0000000000
82420  -38.562  -18.166  46.720 0.0000000000
85623  -37.745  -16.516  46.878 0.0000000000
87131  -37.281  -15.445  46.690 0.0000000000
88519  -39.418  -14.229  47.896 0.0000000000
88531  -38.421  -13.887  46.630 0.0000000000
88541  -37.189  -14.436  45.451 0.0000000000
88556  -37.869  -13.885  44.997 0.0000000000
89928  -38.471  -12.658  44.481 0.0000000000
91382  -39.050  -11.922  43.749 0.0000000000
92865  -39.143  -11.294  42.479 0.0000000000
94318  -41.173  -10.721  43.598 0.0000000000
95719  -43.225  -9.964  43.748 0.0000000000
95699  -44.416  -9.074  43.817 0.0000000000
95650  -44.707  -9.340  45.459 0.0000000000
95676  -45.211  -9.147  44.417 0.0000000000
71718  -23.540  -24.020  67.313 0.0000000000
68737  -23.295  -25.201  63.288 0.0000000000
68685  -22.820  -24.663  64.939 0.0000000000
70177  -22.605  -24.824  67.019 0.0000000000
68661  -21.541  -25.171  66.027 0.0000000000
77962  -37.942  -20.180  46.672 0.0000000000
77963  -38.679  -19.486  47.163 0.0000000000
83857  -34.973  -17.305  54.369 0.0000000000
82296  -36.444  -18.324  53.516 0.0000000000
80869  -36.599  -19.261  52.493 0.0000000000
79378  -38.259  -20.317  52.394 0.0000000000
77859  -38.125  -20.216  51.267 0.0000000000
77892  -39.119  -19.786  49.933 0.0000000000
77940  -39.360  -19.325  48.206 0.0000000000
79502  -39.594  -18.698  47.888 0.0000000000
82422  -39.587  -17.858  47.831 0.0000000000
83970  -39.643  -16.991  48.961 0.0000000000
85559  -40.142  -15.622  49.769 0.0000000000
85562  -41.102  -15.847  51.173 0.0000000000
87083  -41.333  -15.161  50.812 0.0000000000
76280  -30.786  -20.139  56.903 0.0000000000
76312  -30.274  -21.115  55.192 0.0000000000
77834  -30.218  -21.605  53.158 0.0000000000
73352  -31.879  -23.773  54.490 0.0000000000
74862  -31.019  -22.885  52.438 0.0000000000
71743  -26.425  -22.929  65.334 0.0000000000
70275  -25.650  -23.544  62.771 0.0000000000
73239  -26.578  -22.618  62.229 0.0000000000
71846  -25.377  -23.605  60.839 0.0000000000
70339  -24.724  -24.397  60.263 0.0000000000
68853  -23.782  -25.178  57.981 0.0000000000
99693  -50.055  -6.568  32.825 0.0000000000
99695  -51.054  -6.223  31.830 0.0000000000
99702  -51.086  -6.315  31.140 0.0000000000
101002  -53.662  -5.118  32.404 0.0000000000
102244  -52.699  -4.922  31.280 0.0000000000
99708  -51.967  -6.212  30.238 0.0000000000
101009  -52.562  -5.476  29.432 0.0000000000
99714  -52.593  -5.998  28.382 0.0000000000
99717  -52.796  -6.429  27.786 0.0000000000
102281  -53.566  -4.641  27.178 0.0000000000
103521  -54.972  -3.494  28.208 0.0000000000
63809  -13.926  -28.834  69.964 0.0000000000
63795  -13.761  -29.021  70.551 0.0000000000
62192  -12.816  -31.073  68.819 0.0000000000
81029  -37.870  -19.673  44.838 0.0000000000
90010  -44.191  -12.549  38.662 0.0000000000
92908  -40.506  -10.661  41.180 0.0000000000
92932  -41.592  -10.806  40.274 0.0000000000
92933  -42.597  -10.595  40.754 0.0000000000
92889  -45.341  -10.665  42.259 0.0000000000
92935  -44.311  -11.043  41.102 0.0000000000
89986  -43.338  -11.460  39.770 0.0000000000
88631  -43.623  -11.771  39.421 0.0000000000
88656  -44.619  -12.133  39.155 0.0000000000
90011  -45.061  -12.245  38.907 0.0000000000
90013  -46.580  -12.769  39.596 0.0000000000
90015  -48.346  -12.573  40.397 0.0000000000
91443  -49.840  -12.224  40.670 0.0000000000
73044  -16.304  -24.817  74.268 0.0000000000
71627  -16.070  -24.689  72.920 0.0000000000
67029  -14.941  -26.353  71.486 0.0000000000
65468  -14.559  -28.195  69.634 0.0000000000
63875  -13.477  -29.969  66.854 0.0000000000
63793  -13.349  -30.699  70.856 0.0000000000
62139  -13.272  -30.776  71.982 0.0000000000
60647  -12.712  -31.335  72.774 0.0000000000
57851  -11.625  -33.217  71.188 0.0000000000
59229  -11.981  -32.145  72.515 0.0000000000
60623  -11.737  -31.167  73.837 0.0000000000
63742  -10.557  -30.191  73.901 0.0000000000
62112  -10.021  -30.659  72.979 0.0000000000
56551  -9.897  -34.893  71.983 0.0000000000
59227  -9.853  -33.064  71.979 0.0000000000
68529  -14.642  -26.124  73.018 0.0000000000
67012  -14.472  -26.978  72.479 0.0000000000
80828  -33.474  -18.950  53.947 0.0000000000
82278  -33.567  -18.256  53.683 0.0000000000
82264  -33.641  -18.155  54.502 0.0000000000
79222  -29.477  -19.130  59.366 0.0000000000
79246  -29.764  -19.229  58.804 0.0000000000
80830  -33.741  -19.819  54.936 0.0000000000
79356  -33.793  -20.238  54.497 0.0000000000
80829  -33.644  -19.393  54.344 0.0000000000
80851  -33.593  -19.600  53.579 0.0000000000
79199  -30.605  -18.947  60.528 0.0000000000
79180  -30.520  -18.634  61.260 0.0000000000
79198  -29.552  -18.934  60.369 0.0000000000
97141  -49.180  -8.314  32.714 0.0000000000
89947  -37.415  -12.779  42.454 0.0000000000
89926  -37.105  -13.171  42.718 0.0000000000
91405  -37.545  -12.706  41.381 0.0000000000
92885  -38.813  -11.485  41.929 0.0000000000
68659  -19.110  -25.278  66.216 0.0000000000
70188  -18.512  -25.392  65.777 0.0000000000
68658  -18.275  -25.344  66.673 0.0000000000
82203  -35.107  -18.593  59.653 0.0000000000
82188  -35.078  -17.821  59.823 0.0000000000
82189  -35.262  -17.884  60.293 0.0000000000
76210  -34.551  -20.996  62.808 0.0000000000
74668  -34.262  -21.303  62.218 0.0000000000
74669  -34.745  -21.469  62.367 0.0000000000
80742  -35.351  -19.325  60.352 0.0000000000
80757  -35.438  -19.713  59.537 0.0000000000
80756  -35.408  -19.378  59.020 0.0000000000
76209  -33.833  -20.377  62.855 0.0000000000
91468  -49.658  -12.090  39.916 0.0000000000
92954  -49.384  -11.563  39.439 0.0000000000
92955  -50.359  -11.377  39.605 0.0000000000
98369  -52.734  -7.658  38.064 0.0000000000
97099  -52.161  -8.148  38.410 0.0000000000
98368  -51.808  -7.492  37.402 0.0000000000
99650  -52.229  -6.721  36.708 0.0000000000
87105  -39.924  -15.282  49.255 0.0000000000
87124  -39.371  -15.516  48.624 0.0000000000
88502  -40.048  -14.316  48.856 0.0000000000
91355  -40.843  -12.229  46.163 0.0000000000
92841  -41.403  -11.497  46.238 0.0000000000
91367  -40.715  -11.989  45.558 0.0000000000
92855  -41.579  -11.011  45.800 0.0000000000
94299  -42.206  -10.457  45.347 0.0000000000
95647  -42.618  -10.075  46.132 0.0000000000
70273  -25.072  -24.337  63.095 0.0000000000
70210  -25.142  -24.420  64.673 0.0000000000
68765  -24.646  -24.605  62.740 0.0000000000
104854  -56.102  -2.374  27.109 0.0000000000
104870  -56.857  -2.193  26.538 0.0000000000
65381  -12.286  -28.374  75.482 0.0000000000
66980  -11.233  -28.379  75.492 0.0000000000
66979  -10.451  -28.148  75.628 0.0000000000
65382  -11.316  -28.913  74.985 0.0000000000
80897  -36.398  -18.878  50.388 0.0000000000
79435  -37.147  -19.278  49.079 0.0000000000
79412  -37.333  -18.899  50.028 0.0000000000
83844  -37.060  -17.373  55.386 0.0000000000
82266  -38.150  -17.727  55.436 0.0000000000
79416  -41.536  -18.505  51.387 0.0000000000
79439  -41.139  -18.495  50.674 0.0000000000
79438  -40.505  -18.643  50.109 0.0000000000
80936  -40.555  -17.734  50.087 0.0000000000
80918  -41.157  -17.980  50.532 0.0000000000
73351  -24.709  -23.035  56.337 0.0000000000
73305  -32.575  -23.313  56.220 0.0000000000
73328  -25.269  -22.963  57.821 0.0000000000
73303  -25.174  -23.484  58.179 0.0000000000
73327  -24.750  -23.248  57.325 0.0000000000
71911  -24.331  -24.067  56.955 0.0000000000
97172  -51.517  -7.809  29.894 0.0000000000
100979  -53.699  -5.380  34.237 0.0000000000
100989  -54.217  -5.166  33.705 0.0000000000
102248  -56.387  -4.005  31.312 0.0000000000
102261  -55.627  -3.755  29.628 0.0000000000
102255  -56.400  -3.950  30.326 0.0000000000
84035  -36.298  -17.592  45.206 0.0000000000
91488  -41.285  -12.614  38.603 0.0000000000
90008  -42.041  -12.647  38.722 0.0000000000
95721  -44.332  -8.965  42.967 0.0000000000
94346  -43.848  -9.464  42.578 0.0000000000
91424  -46.733  -11.761  41.554 0.0000000000
89949  -48.354  -12.283  41.907 0.0000000000
70121  -17.105  -25.336  70.058 0.0000000000
71683  -17.125  -25.193  70.473 0.0000000000
68582  -16.559  -25.898  69.678 0.0000000000
70110  -16.711  -25.333  70.748 0.0000000000
68611  -15.682  -26.895  68.707 0.0000000000
59262  -11.971  -33.332  69.682 0.0000000000
57828  -10.459  -33.518  72.698 0.0000000000
57837  -10.150  -34.280  72.781 0.0000000000
91323  -41.851  -12.399  48.781 0.0000000000
68833  -22.865  -25.546  59.104 0.0000000000
68520  -14.133  -26.678  73.889 0.0000000000
71617  -14.013  -25.947  75.143 0.0000000000
66984  -13.724  -27.413  74.032 0.0000000000
66983  -13.458  -27.657  74.463 0.0000000000
63735  -13.586  -28.911  73.574 0.0000000000
82322  -32.421  -18.101  51.043 0.0000000000
83890  -34.515  -17.625  52.509 0.0000000000
82323  -34.979  -17.850  52.202 0.0000000000
82324  -35.508  -18.127  51.535 0.0000000000
82310  -35.454  -17.800  52.719 0.0000000000
76278  -25.946  -21.156  57.412 0.0000000000
76293  -25.831  -21.402  56.677 0.0000000000
77750  -26.387  -20.788  56.835 0.0000000000
77816  -27.744  -20.643  54.297 0.0000000000
77796  -28.733  -20.528  54.983 0.0000000000
74792  -34.038  -22.693  56.543 0.0000000000
73377  -33.568  -23.344  55.765 0.0000000000
74818  -33.433  -22.458  55.551 0.0000000000
76387  -33.152  -21.280  54.046 0.0000000000
76366  -32.845  -21.994  54.122 0.0000000000
76386  -32.730  -21.590  53.218 0.0000000000
74864  -32.362  -22.320  53.245 0.0000000000
74884  -32.444  -22.162  52.604 0.0000000000
77848  -32.694  -20.866  52.830 0.0000000000
79391  -32.646  -20.013  52.080 0.0000000000
79135  -29.205  -19.061  63.306 0.0000000000
79107  -29.189  -18.963  64.150 0.0000000000
77639  -28.623  -19.379  65.048 0.0000000000
77677  -27.723  -20.443  62.984 0.0000000000
79159  -28.206  -19.934  62.307 0.0000000000
79220  -27.383  -20.104  59.307 0.0000000000
77718  -27.090  -20.626  59.738 0.0000000000
76279  -26.242  -21.259  58.323 0.0000000000
97118  -47.520  -9.107  34.905 0.0000000000
88555  -36.984  -14.328  44.490 0.0000000000
88554  -36.272  -14.548  43.744 0.0000000000
91437  -38.968  -12.149  39.996 0.0000000000
92930  -39.808  -11.711  39.581 0.0000000000
92950  -40.164  -12.067  39.096 0.0000000000
92931  -40.502  -11.137  40.060 0.0000000000
95678  -47.249  -9.042  43.581 0.0000000000
95701  -46.762  -9.089  43.109 0.0000000000
92871  -47.865  -10.716  42.727 0.0000000000
70141  -21.906  -24.185  67.606 0.0000000000
71687  -21.967  -23.857  67.935 0.0000000000
70140  -21.535  -24.188  67.904 0.0000000000
71703  -19.882  -24.274  68.763 0.0000000000
71686  -20.941  -24.011  68.866 0.0000000000
73100  -20.341  -23.718  69.201 0.0000000000
74544  -19.567  -23.160  70.015 0.0000000000
73099  -19.387  -23.807  69.440 0.0000000000
68637  -17.717  -25.422  67.223 0.0000000000
70138  -18.316  -24.707  68.753 0.0000000000
70156  -17.951  -24.917  68.378 0.0000000000
70137  -17.395  -25.230  69.112 0.0000000000
68656  -15.724  -26.748  66.619 0.0000000000
68679  -16.220  -26.398  65.553 0.0000000000
82251  -34.410  -18.122  56.436 0.0000000000
82236  -34.564  -18.020  57.559 0.0000000000
85385  -35.096  -16.601  59.032 0.0000000000
85401  -35.780  -16.319  58.473 0.0000000000
76221  -32.575  -19.612  61.405 0.0000000000
76238  -31.978  -19.971  59.412 0.0000000000
74714  -33.943  -22.165  59.876 0.0000000000
74713  -33.730  -21.894  59.212 0.0000000000
73253  -33.680  -23.130  58.871 0.0000000000
74739  -33.324  -23.283  57.950 0.0000000000
73268  -33.850  -23.978  59.195 0.0000000000
74690  -35.502  -20.926  62.246 0.0000000000
73231  -35.084  -21.864  61.455 0.0000000000
76265  -35.436  -21.897  59.169 0.0000000000
73290  -35.935  -23.227  59.350 0.0000000000
73310  -35.694  -23.429  58.542 0.0000000000
73309  -35.352  -23.990  57.866 0.0000000000
74756  -35.014  -23.046  58.023 0.0000000000
74772  -34.573  -23.405  57.203 0.0000000000
80788  -34.994  -19.757  57.774 0.0000000000
79297  -34.909  -20.390  57.228 0.0000000000
79296  -34.665  -19.874  56.634 0.0000000000
76208  -33.333  -19.721  62.313 0.0000000000
77679  -32.515  -19.308  61.764 0.0000000000
77678  -32.081  -18.886  61.654 0.0000000000
91465  -46.526  -12.443  38.909 0.0000000000
91492  -46.344  -11.841  38.450 0.0000000000
92986  -47.642  -10.776  38.090 0.0000000000
94414  -47.767  -10.159  37.724 0.0000000000
95750  -51.286  -10.057  39.301 0.0000000000
94403  -50.646  -10.339  39.190 0.0000000000
95760  -50.986  -9.696  39.023 0.0000000000
97097  -50.144  -8.278  37.544 0.0000000000
97085  -49.513  -8.883  38.204 0.0000000000
97096  -49.180  -8.532  37.542 0.0000000000
97108  -48.287  -8.334  36.297 0.0000000000
97109  -49.024  -8.175  36.928 0.0000000000
98389  -50.076  -7.115  35.991 0.0000000000
99657  -49.587  -6.993  35.346 0.0000000000
98397  -49.044  -7.366  34.782 0.0000000000
99658  -50.242  -6.666  35.408 0.0000000000
99661  -53.343  -5.711  35.512 0.0000000000
100961  -54.036  -5.546  35.888 0.0000000000
100963  -55.387  -5.035  36.339 0.0000000000
84015  -38.958  -17.397  47.044 0.0000000000
87122  -38.238  -15.727  47.664 0.0000000000
85624  -38.359  -16.667  47.310 0.0000000000
87132  -37.842  -15.576  47.145 0.0000000000
89891  -40.275  -13.384  47.967 0.0000000000
89903  -40.071  -13.302  47.024 0.0000000000
88544  -39.009  -13.263  46.057 0.0000000000
88532  -39.262  -13.621  46.853 0.0000000000
88543  -38.486  -13.577  45.917 0.0000000000
89910  -38.020  -14.040  46.259 0.0000000000
88542  -37.946  -14.011  45.842 0.0000000000
88557  -38.412  -13.332  45.377 0.0000000000
91383  -39.383  -12.204  44.649 0.0000000000
92866  -39.644  -11.345  42.930 0.0000000000
94320  -42.880  -10.278  44.180 0.0000000000
95698  -43.388  -9.762  44.234 0.0000000000
95651  -45.731  -8.947  45.420 0.0000000000
96993  -46.832  -8.528  44.972 0.0000000000
71729  -24.338  -23.993  66.590 0.0000000000
73138  -23.765  -23.187  67.576 0.0000000000
71728  -23.719  -24.274  66.934 0.0000000000
68763  -23.112  -25.218  62.262 0.0000000000
68786  -22.830  -25.233  61.191 0.0000000000
68735  -21.669  -25.364  62.856 0.0000000000
68736  -22.487  -25.279  63.113 0.0000000000
68710  -22.601  -24.903  64.064 0.0000000000
70190  -22.688  -24.717  66.489 0.0000000000
68684  -22.068  -25.195  65.023 0.0000000000
70189  -22.175  -24.981  66.467 0.0000000000
65399  -9.948  -29.029  73.700 0.0000000000
80952  -34.741  -19.115  47.151 0.0000000000
79499  -36.499  -19.952  46.511 0.0000000000
77912  -37.872  -19.633  48.294 0.0000000000
77938  -37.587  -19.798  47.605 0.0000000000
77939  -38.681  -19.555  48.010 0.0000000000
83842  -34.891  -17.498  55.356 0.0000000000
82281  -37.257  -18.205  54.583 0.0000000000
82280  -36.539  -17.997  54.391 0.0000000000
80853  -36.845  -19.205  53.189 0.0000000000
80870  -37.135  -19.669  52.941 0.0000000000
79397  -39.707  -20.521  51.569 0.0000000000
79379  -39.189  -20.203  52.403 0.0000000000
79396  -38.863  -20.294  51.630 0.0000000000
79395  -38.066  -20.414  51.652 0.0000000000
77861  -39.252  -20.594  50.944 0.0000000000
77874  -38.911  -20.205  50.616 0.0000000000
77875  -39.375  -20.384  50.437 0.0000000000
77917  -40.328  -19.062  49.023 0.0000000000
77915  -39.527  -19.606  48.952 0.0000000000
77941  -40.036  -19.011  48.599 0.0000000000
77964  -39.333  -19.074  47.721 0.0000000000
80975  -39.672  -18.254  47.962 0.0000000000
80954  -39.734  -18.356  48.539 0.0000000000
82381  -39.744  -17.347  49.373 0.0000000000
82380  -39.601  -17.352  48.941 0.0000000000
83971  -39.805  -16.896  49.593 0.0000000000
83952  -39.907  -16.378  49.674 0.0000000000
83956  -41.762  -16.533  51.678 0.0000000000
83955  -41.126  -16.477  51.378 0.0000000000
85540  -41.748  -15.721  51.455 0.0000000000
87082  -40.839  -15.065  50.323 0.0000000000
76309  -26.132  -21.612  55.708 0.0000000000
74814  -25.109  -22.354  53.813 0.0000000000
76264  -31.359  -20.396  58.027 0.0000000000
74752  -31.303  -20.733  57.036 0.0000000000
74790  -31.394  -21.947  55.283 0.0000000000
74789  -30.993  -21.214  55.843 0.0000000000
76313  -30.941  -21.685  54.501 0.0000000000
77818  -29.806  -21.155  53.803 0.0000000000
77819  -30.613  -21.511  53.827 0.0000000000
73375  -32.692  -24.247  54.280 0.0000000000
73353  -32.410  -24.155  54.866 0.0000000000
73374  -32.085  -24.090  53.921 0.0000000000
71760  -26.569  -23.158  64.631 0.0000000000
71781  -26.240  -23.677  63.981 0.0000000000
71799  -26.028  -23.329  63.230 0.0000000000
76229  -27.657  -21.877  61.956 0.0000000000
74683  -27.313  -22.226  62.681 0.0000000000
74711  -26.600  -22.209  61.456 0.0000000000
71859  -25.447  -23.563  59.826 0.0000000000
71858  -25.135  -24.067  59.978 0.0000000000
71845  -25.073  -24.004  60.550 0.0000000000
70361  -24.619  -24.336  59.389 0.0000000000
70338  -24.327  -24.677  59.612 0.0000000000
70360  -24.270  -24.786  58.773 0.0000000000
99686  -50.669  -6.048  33.431 0.0000000000
100992  -51.134  -6.037  32.188 0.0000000000
100993  -51.638  -5.758  31.921 0.0000000000
102240  -54.707  -4.966  33.172 0.0000000000
102252  -53.363  -4.656  30.950 0.0000000000
102245  -53.029  -4.758  31.489 0.0000000000
102251  -52.685  -4.922  30.972 0.0000000000
101006  -52.291  -5.667  30.433 0.0000000000
99711  -51.953  -6.499  29.659 0.0000000000
102265  -53.577  -4.439  29.084 0.0000000000
101013  -52.529  -5.795  28.715 0.0000000000
101014  -52.901  -5.326  28.494 0.0000000000
101017  -53.227  -5.413  27.419 0.0000000000
103514  -55.799  -3.422  28.878 0.0000000000
103522  -55.625  -2.921  27.823 0.0000000000
103515  -56.443  -2.843  28.633 0.0000000000
65467  -13.827  -29.081  69.389 0.0000000000
65466  -13.488  -29.789  69.328 0.0000000000
63852  -13.074  -30.786  68.401 0.0000000000
82438  -38.169  -18.550  46.155 0.0000000000
80999  -38.362  -19.018  45.786 0.0000000000
82460  -37.983  -18.841  45.482 0.0000000000
90034  -43.636  -13.395  38.124 0.0000000000
92887  -40.655  -10.560  42.559 0.0000000000
92886  -39.608  -10.936  42.023 0.0000000000
92888  -41.353  -10.215  42.308 0.0000000000
92910  -42.359  -10.361  41.377 0.0000000000
92909  -41.627  -10.318  41.542 0.0000000000
91422  -44.846  -11.521  40.806 0.0000000000
91441  -44.072  -11.248  40.767 0.0000000000
91440  -43.495  -11.166  40.357 0.0000000000
89964  -44.014  -11.570  39.942 0.0000000000
88633  -44.965  -12.233  39.756 0.0000000000
88657  -45.229  -12.387  39.382 0.0000000000
90012  -45.786  -12.521  39.220 0.0000000000
90014  -47.501  -12.623  40.045 0.0000000000
91442  -49.085  -12.465  40.334 0.0000000000
68572  -15.971  -26.027  70.860 0.0000000000
71640  -16.263  -24.977  72.404 0.0000000000
70099  -15.893  -25.660  71.944 0.0000000000
70090  -15.825  -25.421  72.391 0.0000000000
67054  -14.625  -26.923  69.951 0.0000000000
65505  -14.097  -28.891  67.652 0.0000000000
63829  -13.287  -30.753  69.635 0.0000000000
63794  -13.476  -30.143  70.646 0.0000000000
62180  -13.096  -31.365  69.998 0.0000000000
60676  -12.850  -31.385  70.765 0.0000000000
60677  -12.657  -31.485  71.265 0.0000000000
60662  -13.049  -31.041  72.465 0.0000000000
59230  -12.479  -31.728  72.361 0.0000000000
57861  -11.360  -33.953  70.788 0.0000000000
57850  -11.388  -33.734  71.699 0.0000000000
57830  -11.066  -32.930  72.671 0.0000000000
59221  -11.507  -32.245  72.905 0.0000000000
60634  -11.916  -31.666  73.289 0.0000000000
60633  -11.395  -31.680  73.444 0.0000000000
62103  -11.131  -30.489  74.045 0.0000000000
60632  -10.861  -31.415  73.574 0.0000000000
63753  -9.542  -29.877  72.596 0.0000000000
57849  -9.785  -34.640  71.909 0.0000000000
57836  -9.785  -34.088  72.296 0.0000000000
65417  -13.915  -27.989  72.647 0.0000000000
82308  -33.076  -18.452  51.912 0.0000000000
82294  -33.520  -18.481  52.797 0.0000000000
83874  -33.872  -17.803  52.988 0.0000000000
83875  -34.358  -17.411  53.241 0.0000000000
79244  -27.639  -19.773  58.761 0.0000000000
77751  -27.296  -20.141  57.584 0.0000000000
79269  -27.964  -19.584  58.236 0.0000000000
77752  -28.851  -19.481  57.201 0.0000000000
77775  -29.758  -19.682  56.632 0.0000000000
77821  -33.959  -21.235  56.175 0.0000000000
77820  -33.806  -21.019  55.216 0.0000000000
77836  -33.616  -20.795  54.323 0.0000000000
79375  -33.703  -20.248  53.913 0.0000000000
79374  -33.353  -20.211  53.278 0.0000000000
80868  -33.286  -19.818  53.074 0.0000000000
80867  -32.934  -19.314  52.725 0.0000000000
79137  -31.673  -18.405  63.319 0.0000000000
79136  -30.654  -18.660  62.952 0.0000000000
79160  -29.442  -18.884  62.386 0.0000000000
79221  -27.985  -19.522  59.796 0.0000000000
97127  -47.930  -8.674  34.219 0.0000000000
98425  -49.831  -7.461  31.918 0.0000000000
88574  -36.195  -14.493  42.857 0.0000000000
88594  -36.552  -13.699  42.547 0.0000000000
91420  -38.694  -11.918  40.685 0.0000000000
70175  -20.633  -24.617  66.813 0.0000000000
68639  -19.854  -25.021  66.942 0.0000000000
70158  -19.921  -24.684  67.744 0.0000000000
70123  -18.880  -24.337  68.942 0.0000000000
68614  -18.239  -25.014  67.743 0.0000000000
70173  -17.178  -25.669  66.733 0.0000000000
68705  -16.054  -26.672  64.646 0.0000000000
80767  -34.715  -19.112  58.064 0.0000000000
82219  -34.727  -18.286  58.550 0.0000000000
83776  -34.887  -17.163  59.460 0.0000000000
76222  -33.141  -20.269  61.693 0.0000000000
76232  -33.022  -21.167  60.904 0.0000000000
74685  -33.528  -21.421  61.232 0.0000000000
73240  -34.314  -22.413  59.945 0.0000000000
76240  -35.570  -21.225  61.000 0.0000000000
77722  -35.505  -20.837  60.166 0.0000000000
76266  -35.495  -21.448  59.754 0.0000000000
77738  -35.370  -21.434  58.633 0.0000000000
77755  -35.418  -20.906  58.586 0.0000000000
79248  -35.589  -20.255  58.870 0.0000000000
79247  -35.477  -19.864  58.558 0.0000000000
91494  -47.942  -11.778  39.217 0.0000000000
92953  -48.643  -11.563  39.179 0.0000000000
94401  -49.036  -10.302  38.294 0.0000000000
97088  -51.895  -8.706  38.855 0.0000000000
97087  -51.503  -8.669  38.714 0.0000000000
97098  -51.132  -8.009  38.096 0.0000000000
98366  -50.281  -7.952  37.166 0.0000000000
98379  -50.975  -7.223  36.514 0.0000000000
99649  -51.527  -6.880  36.446 0.0000000000
85626  -39.282  -17.057  47.941 0.0000000000
85625  -39.016  -16.938  47.535 0.0000000000
85606  -38.807  -16.483  48.193 0.0000000000
87103  -38.333  -15.912  48.038 0.0000000000
91344  -41.480  -12.075  47.119 0.0000000000
89904  -40.790  -12.861  47.062 0.0000000000
89912  -39.901  -12.691  46.137 0.0000000000
89919  -39.120  -12.730  45.399 0.0000000000
91366  -40.256  -11.994  45.176 0.0000000000
92853  -40.791  -11.533  44.697 0.0000000000
92868  -41.086  -11.290  44.493 0.0000000000
94298  -41.728  -10.884  44.906 0.0000000000
95674  -43.201  -9.726  45.218 0.0000000000
71730  -25.226  -23.105  66.568 0.0000000000
71741  -25.194  -23.927  65.791 0.0000000000
70193  -24.609  -24.437  65.596 0.0000000000
70208  -24.316  -24.898  65.137 0.0000000000
68785  -21.961  -25.490  60.971 0.0000000000
70272  -20.814  -25.464  62.584 0.0000000000
103533  -54.686  -3.485  27.119 0.0000000000
103544  -54.502  -3.659  25.880 0.0000000000
103545  -55.184  -3.028  25.522 0.0000000000
103555  -54.814  -3.692  25.043 0.0000000000
65390  -9.857  -28.962  74.647 0.0000000000
82340  -35.197  -17.923  50.343 0.0000000000
82360  -35.176  -18.000  49.060 0.0000000000
80933  -35.811  -18.794  48.340 0.0000000000
79482  -36.722  -19.824  47.399 0.0000000000
79458  -36.730  -19.508  48.277 0.0000000000
79459  -37.603  -19.597  48.578 0.0000000000
79460  -38.067  -19.571  49.087 0.0000000000
83843  -36.010  -17.259  55.422 0.0000000000
80831  -37.893  -18.863  54.113 0.0000000000
79360  -40.378  -19.712  53.337 0.0000000000
79381  -41.252  -19.932  52.672 0.0000000000
79398  -40.541  -20.245  51.410 0.0000000000
77863  -40.066  -20.407  50.688 0.0000000000
77876  -39.587  -20.335  50.353 0.0000000000
77878  -39.927  -18.993  50.118 0.0000000000
77895  -40.123  -19.012  49.472 0.0000000000
79485  -39.959  -18.618  48.986 0.0000000000
80955  -39.793  -18.227  49.235 0.0000000000
82403  -39.995  -18.011  49.499 0.0000000000
82382  -40.215  -17.532  49.889 0.0000000000
82362  -39.975  -17.045  50.012 0.0000000000
87062  -42.291  -15.007  51.410 0.0000000000
74738  -32.584  -22.516  57.797 0.0000000000
74754  -32.132  -22.560  56.754 0.0000000000
74771  -31.881  -22.616  55.952 0.0000000000
74791  -31.938  -22.918  54.897 0.0000000000
73395  -31.589  -24.243  53.029 0.0000000000
73210  -26.917  -22.616  64.365 0.0000000000
74722  -25.765  -22.044  59.950 0.0000000000
74723  -26.161  -22.072  60.869 0.0000000000
73284  -25.602  -22.979  59.383 0.0000000000
73283  -25.348  -23.393  58.839 0.0000000000
71873  -24.981  -23.821  59.000 0.0000000000
71891  -24.298  -24.197  57.537 0.0000000000
70409  -23.880  -24.964  56.442 0.0000000000
100977  -52.197  -5.652  33.759 0.0000000000
99687  -51.489  -5.709  33.466 0.0000000000
100987  -52.754  -5.491  33.192 0.0000000000
100995  -53.280  -5.248  32.726 0.0000000000
102259  -53.375  -4.598  29.987 0.0000000000
102266  -54.633  -3.965  28.802 0.0000000000
102263  -56.789  -3.301  29.921 0.0000000000
63874  -13.037  -30.950  67.373 0.0000000000
62221  -12.619  -31.791  67.351 0.0000000000
82436  -36.981  -18.167  45.339 0.0000000000
82458  -36.542  -18.561  44.555 0.0000000000
88677  -42.131  -14.155  38.477 0.0000000000
94364  -41.710  -10.094  42.183 0.0000000000
94381  -43.251  -10.345  41.517 0.0000000000
92891  -46.971  -10.920  42.231 0.0000000000
92914  -46.710  -11.247  41.906 0.0000000000
89965  -44.704  -11.786  40.259 0.0000000000
89966  -45.433  -12.407  40.551 0.0000000000
89988  -46.582  -12.862  40.380 0.0000000000
89969  -48.992  -12.728  41.755 0.0000000000
71667  -17.831  -24.504  70.124 0.0000000000
71655  -17.456  -24.610  70.614 0.0000000000
73078  -17.247  -24.611  70.986 0.0000000000
71654  -16.936  -25.003  71.201 0.0000000000
68563  -16.215  -25.634  71.017 0.0000000000
67044  -15.963  -26.275  70.503 0.0000000000
67063  -14.952  -27.341  69.524 0.0000000000
68610  -15.400  -27.157  69.095 0.0000000000
67104  -15.309  -27.568  68.157 0.0000000000
67102  -14.417  -28.208  66.881 0.0000000000
60701  -12.364  -32.155  69.372 0.0000000000
60702  -12.565  -32.035  69.775 0.0000000000
59277  -12.400  -32.600  69.866 0.0000000000
59264  -12.402  -32.427  70.302 0.0000000000
59249  -12.011  -32.788  70.727 0.0000000000
56566  -11.201  -34.248  72.171 0.0000000000
56555  -11.146  -33.984  72.554 0.0000000000
57839  -11.088  -33.753  72.648 0.0000000000
57829  -10.785  -33.279  72.718 0.0000000000
59219  -10.729  -32.496  72.907 0.0000000000
59218  -10.450  -32.712  72.576 0.0000000000
59217  -10.149  -32.945  72.257 0.0000000000
74670  -35.072  -21.404  62.571 0.0000000000
80728  -35.629  -19.215  61.925 0.0000000000
92956  -51.330  -11.501  39.697 0.0000000000
94393  -52.058  -10.731  39.629 0.0000000000
95751  -51.690  -9.918  39.448 0.0000000000
97089  -52.846  -7.774  38.707 0.0000000000
99636  -53.612  -7.006  38.537 0.0000000000
89858  -40.723  -13.594  49.158 0.0000000000
89877  -41.427  -13.069  48.897 0.0000000000
91322  -41.627  -12.527  48.628 0.0000000000
91339  -41.604  -12.268  48.203 0.0000000000
91345  -41.844  -11.825  47.680 0.0000000000
92824  -42.097  -11.375  47.205 0.0000000000
95634  -42.904  -10.226  46.695 0.0000000000
68812  -23.958  -24.976  60.652 0.0000000000
68788  -24.254  -24.795  61.660 0.0000000000
68811  -23.277  -25.134  60.299 0.0000000000
66982  -13.014  -28.060  74.862 0.0000000000
63727  -13.052  -29.502  74.350 0.0000000000
83951  -33.727  -17.463  49.508 0.0000000000
83906  -33.493  -17.659  51.303 0.0000000000
83929  -34.162  -17.329  50.476 0.0000000000
82339  -34.673  -17.628  50.296 0.0000000000
80882  -35.706  -18.575  51.265 0.0000000000
80883  -35.908  -19.091  51.455 0.0000000000
80919  -41.262  -17.408  51.182 0.0000000000
74768  -25.197  -22.701  57.429 0.0000000000
74767  -25.272  -22.299  56.727 0.0000000000
77773  -27.131  -20.625  56.347 0.0000000000
77794  -26.784  -21.052  55.855 0.0000000000
76335  -26.825  -21.141  54.825 0.0000000000
77832  -28.067  -20.999  53.215 0.0000000000
73332  -34.159  -24.094  56.620 0.0000000000
73330  -32.675  -24.008  55.808 0.0000000000
73355  -33.612  -23.876  55.874 0.0000000000
73376  -33.438  -23.883  54.777 0.0000000000
74845  -32.853  -22.260  54.914 0.0000000000
73397  -32.260  -23.656  54.020 0.0000000000
73417  -31.951  -23.427  52.902 0.0000000000
77858  -32.486  -20.961  52.037 0.0000000000
76189  -27.640  -20.877  64.317 0.0000000000
76207  -27.526  -21.058  63.524 0.0000000000
76219  -27.665  -21.544  62.382 0.0000000000
79178  -28.177  -20.380  61.747 0.0000000000
77719  -27.306  -20.636  60.654 0.0000000000
76247  -26.513  -21.354  60.350 0.0000000000
74751  -25.549  -22.182  57.779 0.0000000000
95791  -46.776  -10.027  35.717 0.0000000000
98434  -50.906  -7.128  30.609 0.0000000000
102229  -55.315  -4.744  34.522 0.0000000000
102235  -54.878  -4.964  34.027 0.0000000000
102249  -56.938  -3.695  30.748 0.0000000000
87141  -36.391  -15.765  45.148 0.0000000000
85648  -35.919  -16.600  44.688 0.0000000000
92952  -41.256  -11.385  39.600 0.0000000000
94301  -45.792  -8.891  43.607 0.0000000000
94322  -45.180  -8.920  42.808 0.0000000000
94323  -45.933  -9.286  42.784 0.0000000000
94324  -46.746  -9.739  42.790 0.0000000000
92869  -46.471  -10.307  42.632 0.0000000000
92870  -47.199  -10.525  42.569 0.0000000000
91384  -47.598  -11.185  42.374 0.0000000000
89930  -47.933  -11.804  42.166 0.0000000000
89931  -48.619  -11.964  42.418 0.0000000000
74570  -20.755  -23.443  68.881 0.0000000000
74543  -18.598  -23.568  70.233 0.0000000000
70112  -18.984  -24.081  69.179 0.0000000000
70111  -18.511  -24.321  69.478 0.0000000000
68612  -16.278  -26.092  68.394 0.0000000000
68635  -15.745  -26.693  67.794 0.0000000000
68655  -15.389  -27.369  66.232 0.0000000000
80807  -33.494  -19.020  55.038 0.0000000000
83825  -34.608  -16.850  57.170 0.0000000000
85447  -35.124  -16.634  57.150 0.0000000000
85448  -35.928  -16.650  57.005 0.0000000000
85367  -35.935  -16.239  60.190 0.0000000000
77703  -30.997  -19.441  60.005 0.0000000000
77721  -31.337  -19.458  59.170 0.0000000000
76249  -31.908  -20.298  58.667 0.0000000000
74724  -32.320  -20.916  58.608 0.0000000000
74699  -33.092  -21.226  60.054 0.0000000000
74725  -32.839  -21.455  58.708 0.0000000000
73286  -32.760  -23.881  57.819 0.0000000000
73307  -33.530  -24.153  57.178 0.0000000000
74688  -34.978  -21.761  61.853 0.0000000000
73229  -34.765  -22.043  60.966 0.0000000000
73255  -34.781  -22.699  59.563 0.0000000000
74715  -35.359  -22.234  60.135 0.0000000000
73270  -35.272  -23.068  59.328 0.0000000000
73269  -34.720  -23.538  59.221 0.0000000000
73288  -34.620  -24.112  58.496 0.0000000000
73308  -34.455  -24.240  57.507 0.0000000000
74773  -34.494  -22.460  57.351 0.0000000000
76315  -34.640  -21.859  56.975 0.0000000000
77754  -34.995  -21.136  57.981 0.0000000000
77776  -34.861  -21.303  57.208 0.0000000000
77799  -34.523  -21.345  56.707 0.0000000000
79334  -34.280  -20.869  56.443 0.0000000000
77661  -31.854  -18.644  62.048 0.0000000000
79181  -31.494  -18.637  61.554 0.0000000000
92969  -47.073  -11.260  38.294 0.0000000000
92984  -46.144  -10.975  37.073 0.0000000000
94391  -50.413  -10.735  39.307 0.0000000000
94402  -50.032  -10.407  38.914 0.0000000000
95758  -49.269  -9.563  38.233 0.0000000000
95780  -47.010  -9.686  36.301 0.0000000000
95781  -47.712  -8.993  36.552 0.0000000000
98377  -48.867  -7.833  36.378 0.0000000000
98387  -48.485  -7.888  35.877 0.0000000000
98396  -48.402  -7.810  35.038 0.0000000000
98409  -48.518  -7.876  34.204 0.0000000000
98410  -49.038  -7.419  33.675 0.0000000000
99674  -52.471  -5.799  34.481 0.0000000000
100967  -53.144  -5.666  34.774 0.0000000000
100969  -54.751  -5.097  35.280 0.0000000000
100949  -54.155  -5.795  36.892 0.0000000000
100962  -54.762  -5.296  36.220 0.0000000000
100970  -55.153  -5.083  35.786 0.0000000000
102211  -55.136  -4.819  34.933 0.0000000000
102213  -56.250  -4.447  35.482 0.0000000000
80973  -38.720  -18.834  46.584 0.0000000000
82419  -37.945  -18.085  46.595 0.0000000000
84014  -38.256  -17.394  46.883 0.0000000000
84013  -37.614  -17.387  46.465 0.0000000000
85638  -37.127  -16.466  46.292 0.0000000000
87142  -36.721  -15.391  45.917 0.0000000000
88518  -38.643  -14.559  47.435 0.0000000000
88530  -37.817  -14.366  46.619 0.0000000000
88529  -37.236  -14.555  46.214 0.0000000000
87153  -36.525  -14.942  45.155 0.0000000000
88576  -37.758  -13.446  44.273 0.0000000000
89918  -38.540  -12.858  45.109 0.0000000000
88577  -38.137  -13.201  44.904 0.0000000000
91381  -38.571  -11.603  42.847 0.0000000000
94343  -40.930  -10.608  43.311 0.0000000000
95720  -43.606  -9.375  43.440 0.0000000000
95648  -43.323  -9.940  46.119 0.0000000000
95649  -44.066  -10.025  45.571 0.0000000000
95637  -44.840  -8.980  46.272 0.0000000000
95675  -44.142  -9.441  44.812 0.0000000000
95677  -46.326  -8.928  44.043 0.0000000000
97020  -46.976  -8.731  44.165 0.0000000000
68764  -23.886  -25.090  62.472 0.0000000000
68738  -24.041  -25.153  63.493 0.0000000000
68687  -24.007  -25.117  65.055 0.0000000000
68711  -23.426  -24.864  64.195 0.0000000000
68686  -23.578  -24.786  65.095 0.0000000000
70178  -23.113  -24.617  66.810 0.0000000000
70161  -22.972  -24.579  67.223 0.0000000000
71717  -22.689  -24.274  67.487 0.0000000000
70176  -21.803  -24.827  66.869 0.0000000000
70227  -20.907  -25.434  64.187 0.0000000000
70226  -20.747  -25.379  64.695 0.0000000000
68660  -20.394  -25.212  66.110 0.0000000000
104882  -56.436  -2.094  25.586 0.0000000000
104881  -55.636  -2.457  25.068 0.0000000000
77961  -37.253  -20.442  46.237 0.0000000000
83841  -34.232  -17.603  54.802 0.0000000000
83876  -35.057  -17.295  53.478 0.0000000000
83858  -35.898  -17.595  54.516 0.0000000000
83877  -35.622  -17.613  53.849 0.0000000000
82295  -35.655  -17.725  53.386 0.0000000000
82311  -35.855  -18.580  52.284 0.0000000000
79376  -36.800  -19.708  51.682 0.0000000000
80855  -38.322  -19.394  53.769 0.0000000000
79358  -38.473  -20.081  53.292 0.0000000000
79357  -37.686  -20.059  52.966 0.0000000000
79394  -37.550  -20.078  51.271 0.0000000000
77890  -38.492  -19.691  50.355 0.0000000000
77891  -38.829  -19.750  49.895 0.0000000000
77893  -39.344  -19.714  49.757 0.0000000000
77914  -39.039  -19.685  49.000 0.0000000000
79461  -39.161  -19.525  48.492 0.0000000000
158989  -38.940  -19.428  47.793 0.0000000000
79501  -39.121  -19.030  47.141 0.0000000000
80974  -39.351  -18.446  47.428 0.0000000000
82423  -39.620  -17.964  48.374 0.0000000000
82401  -39.587  -17.578  48.631 0.0000000000
83992  -39.508  -17.326  48.177 0.0000000000
85579  -39.581  -15.961  49.074 0.0000000000
87081  -40.455  -14.826  49.704 0.0000000000
82363  -40.884  -17.210  51.081 0.0000000000
83973  -40.561  -17.001  50.875 0.0000000000
83954  -40.427  -16.709  50.660 0.0000000000
87084  -41.676  -15.261  51.207 0.0000000000
85561  -40.586  -15.888  50.787 0.0000000000
87061  -40.574  -15.429  50.321 0.0000000000
88487  -41.098  -13.887  49.712 0.0000000000
77736  -30.281  -19.494  58.227 0.0000000000
76263  -30.852  -19.940  57.596 0.0000000000
76295  -30.235  -20.377  56.019 0.0000000000
74769  -31.174  -20.926  56.541 0.0000000000
76294  -29.486  -20.460  55.457 0.0000000000
77797  -29.598  -20.843  54.574 0.0000000000
77833  -29.161  -21.403  52.909 0.0000000000
74816  -31.813  -22.923  53.892 0.0000000000
73373  -31.414  -24.018  53.699 0.0000000000
74843  -31.487  -22.825  53.471 0.0000000000
76336  -31.364  -22.093  53.660 0.0000000000
76363  -30.875  -21.958  52.788 0.0000000000
74839  -29.404  -22.258  52.156 0.0000000000
71731  -25.758  -22.666  66.440 0.0000000000
71759  -26.142  -23.895  65.020 0.0000000000
70231  -25.767  -24.115  64.050 0.0000000000
68766  -24.963  -24.266  62.253 0.0000000000
74667  -27.362  -21.691  63.884 0.0000000000
74666  -27.277  -22.114  63.400 0.0000000000
73228  -26.597  -22.684  62.719 0.0000000000
73266  -26.034  -22.522  61.266 0.0000000000
73251  -25.764  -22.945  61.386 0.0000000000
71817  -25.894  -23.117  62.484 0.0000000000
70317  -25.288  -23.731  61.539 0.0000000000
70316  -24.940  -24.084  61.109 0.0000000000
68813  -24.561  -24.656  60.936 0.0000000000
68835  -24.240  -24.720  60.180 0.0000000000
68870  -23.870  -25.271  57.326 0.0000000000
98418  -50.002  -6.922  32.217 0.0000000000
100985  -51.192  -5.795  32.691 0.0000000000
99694  -50.619  -6.387  32.288 0.0000000000
98426  -50.296  -7.182  31.568 0.0000000000
98427  -50.669  -6.898  31.160 0.0000000000
100996  -53.949  -5.158  32.899 0.0000000000
101001  -53.169  -4.970  32.095 0.0000000000
101000  -52.477  -5.256  31.419 0.0000000000
100999  -51.778  -5.858  30.913 0.0000000000
99707  -51.505  -6.472  30.322 0.0000000000
99710  -51.536  -6.876  29.861 0.0000000000
98447  -51.975  -7.495  28.890 0.0000000000
99713  -52.310  -6.471  28.625 0.0000000000
98453  -52.361  -7.288  28.363 0.0000000000
102271  -54.186  -4.029  27.654 0.0000000000
103523  -56.441  -2.577  27.901 0.0000000000
104855  -56.967  -2.425  27.480 0.0000000000
65453  -14.461  -28.124  70.405 0.0000000000
65439  -14.281  -28.145  71.192 0.0000000000
63808  -13.540  -29.971  69.834 0.0000000000
62205  -12.762  -31.489  68.138 0.0000000000
60712  -12.377  -31.945  68.877 0.0000000000
81000  -38.364  -19.557  45.585 0.0000000000
81030  -38.209  -19.962  45.003 0.0000000000
84055  -35.705  -17.748  44.187 0.0000000000
91462  -44.311  -12.937  38.211 0.0000000000
91438  -42.041  -11.503  39.497 0.0000000000
94347  -44.811  -9.787  42.616 0.0000000000
94367  -44.420  -10.311  42.111 0.0000000000
92911  -44.019  -10.572  41.503 0.0000000000
92912  -45.002  -11.032  41.513 0.0000000000
92934  -43.523  -10.755  41.006 0.0000000000
91439  -42.680  -11.099  39.896 0.0000000000
89985  -42.937  -11.763  39.325 0.0000000000
88630  -43.255  -11.824  39.289 0.0000000000
88654  -43.326  -11.993  39.129 0.0000000000
88612  -44.542  -11.830  39.828 0.0000000000
88632  -44.301  -11.899  39.430 0.0000000000
88655  -43.839  -12.124  39.073 0.0000000000
91466  -47.406  -12.385  39.339 0.0000000000
68546  -14.703  -26.038  72.515 0.0000000000
71639  -15.692  -25.130  72.814 0.0000000000
68547  -15.276  -25.832  72.113 0.0000000000
67013  -14.592  -26.304  72.074 0.0000000000
65483  -13.680  -29.433  68.725 0.0000000000
65485  -14.807  -27.903  69.092 0.0000000000
65484  -14.379  -28.532  68.759 0.0000000000
67133  -15.356  -27.329  67.378 0.0000000000
65526  -14.019  -28.932  66.190 0.0000000000
63782  -13.493  -29.121  71.380 0.0000000000
63768  -13.467  -28.757  72.232 0.0000000000
62169  -13.271  -31.133  70.423 0.0000000000
63780  -13.314  -30.726  71.100 0.0000000000
63754  -13.319  -29.334  72.671 0.0000000000
62116  -13.207  -29.890  72.894 0.0000000000
62115  -13.024  -30.418  73.067 0.0000000000
62106  -12.510  -30.608  73.868 0.0000000000
57862  -11.827  -33.408  70.394 0.0000000000
59238  -11.987  -32.562  71.571 0.0000000000
57841  -11.615  -32.976  71.909 0.0000000000
60646  -12.338  -31.684  72.843 0.0000000000
60624  -12.217  -31.176  73.672 0.0000000000
62095  -11.698  -29.859  74.693 0.0000000000
63733  -11.102  -29.855  74.204 0.0000000000
65402  -10.721  -29.745  74.135 0.0000000000
63741  -9.926  -29.948  73.711 0.0000000000
60644  -10.493  -31.123  73.386 0.0000000000
63740  -9.743  -29.529  73.405 0.0000000000
56552  -10.160  -34.909  72.084 0.0000000000
56563  -9.978  -35.469  71.694 0.0000000000
60643  -9.915  -32.015  72.098 0.0000000000
55261  -10.296  -35.127  71.879 0.0000000000
57831  -11.276  -32.728  72.624 0.0000000000
59222  -11.951  -31.904  72.956 0.0000000000
59228  -11.460  -32.558  72.600 0.0000000000
59239  -12.380  -31.942  71.849 0.0000000000
59263  -12.272  -33.023  70.052 0.0000000000
60621  -11.041  -30.934  73.902 0.0000000000
60622  -11.243  -31.062  73.895 0.0000000000
60625  -12.538  -30.994  73.509 0.0000000000
60635  -12.333  -31.540  73.135 0.0000000000
60636  -12.725  -30.995  73.238 0.0000000000
60645  -10.659  -31.265  73.492 0.0000000000
60648  -12.998  -30.976  72.679 0.0000000000
60661  -12.843  -31.409  72.085 0.0000000000
60675  -12.982  -31.407  70.577 0.0000000000
60689  -13.102  -31.494  70.375 0.0000000000
60690  -12.902  -31.548  70.424 0.0000000000
60713  -12.502  -31.866  69.380 0.0000000000
62096  -12.043  -30.084  74.671 0.0000000000
62097  -12.527  -30.102  74.313 0.0000000000
62098  -12.885  -30.080  73.996 0.0000000000
62104  -11.490  -30.381  74.307 0.0000000000
62105  -12.084  -30.661  74.182 0.0000000000
62107  -12.853  -30.388  73.543 0.0000000000
62113  -10.241  -30.735  73.354 0.0000000000
62114  -10.645  -30.821  73.706 0.0000000000
62125  -10.283  -31.207  73.454 0.0000000000
62126  -10.608  -31.069  73.567 0.0000000000
62127  -12.988  -30.817  72.812 0.0000000000
62128  -13.147  -30.402  72.591 0.0000000000
62138  -13.068  -31.149  71.601 0.0000000000
62152  -13.149  -31.386  70.514 0.0000000000
62153  -13.140  -31.249  70.682 0.0000000000
62154  -13.161  -31.033  71.066 0.0000000000
62155  -13.270  -30.869  71.505 0.0000000000
62167  -13.324  -31.384  70.394 0.0000000000
62168  -13.259  -31.478  70.194 0.0000000000
62170  -13.488  -30.569  70.217 0.0000000000
62181  -13.423  -30.875  69.975 0.0000000000
62194  -13.209  -31.106  69.787 0.0000000000
63724  -11.434  -29.459  74.657 0.0000000000
63726  -12.569  -29.433  74.705 0.0000000000
63732  -11.088  -30.079  74.068 0.0000000000
63734  -13.330  -29.494  73.803 0.0000000000
63743  -10.994  -29.884  74.055 0.0000000000
63744  -13.126  -29.936  73.408 0.0000000000
63745  -13.354  -29.361  73.224 0.0000000000
63755  -13.553  -28.644  72.658 0.0000000000
63767  -13.318  -29.798  72.036 0.0000000000
63781  -13.349  -30.400  71.323 0.0000000000
63807  -13.414  -30.071  69.445 0.0000000000
63827  -13.055  -30.750  68.801 0.0000000000
63828  -13.241  -30.397  69.080 0.0000000000
65380  -12.048  -28.407  75.631 0.0000000000
65383  -11.815  -28.763  75.381 0.0000000000
65384  -12.548  -28.682  75.112 0.0000000000
65385  -13.168  -28.658  74.653 0.0000000000
65386  -13.487  -28.196  74.234 0.0000000000
65391  -10.069  -29.008  74.771 0.0000000000
65394  -13.597  -28.382  73.841 0.0000000000
65400  -10.010  -28.955  74.110 0.0000000000
65401  -10.340  -29.478  74.149 0.0000000000
65403  -13.669  -28.288  73.349 0.0000000000
65404  -13.897  -27.944  72.925 0.0000000000
65506  -14.753  -28.215  68.140 0.0000000000
66974  -11.723  -27.822  75.767 0.0000000000
66975  -12.024  -28.061  75.621 0.0000000000
66976  -12.650  -27.852  75.185 0.0000000000
66977  -13.134  -27.513  74.804 0.0000000000
66981  -11.684  -28.437  75.611 0.0000000000
66987  -10.517  -28.710  75.149 0.0000000000
66988  -10.846  -28.737  75.088 0.0000000000
66989  -13.861  -27.502  73.622 0.0000000000
66990  -14.322  -27.086  73.573 0.0000000000
66998  -14.045  -27.558  73.301 0.0000000000
67042  -14.411  -27.016  70.834 0.0000000000
67055  -15.606  -26.511  70.137 0.0000000000
67056  -16.180  -26.284  70.135 0.0000000000
67062  -15.084  -27.297  69.402 0.0000000000
67078  -15.211  -27.320  69.210 0.0000000000
67079  -15.183  -27.448  68.908 0.0000000000
67132  -15.054  -27.621  66.715 0.0000000000
68507  -11.988  -27.357  75.542 0.0000000000
68508  -12.452  -27.299  75.229 0.0000000000
68514  -13.578  -26.972  74.617 0.0000000000
68515  -13.968  -26.931  74.141 0.0000000000
68530  -15.086  -25.638  72.669 0.0000000000
68562  -15.782  -25.929  71.442 0.0000000000
68573  -16.370  -25.798  70.440 0.0000000000
68580  -15.333  -26.752  69.702 0.0000000000
68590  -15.241  -27.169  69.297 0.0000000000
68591  -15.547  -26.867  69.321 0.0000000000
68593  -16.685  -25.748  68.939 0.0000000000
68613  -17.212  -25.372  68.180 0.0000000000
68638  -18.734  -25.153  67.078 0.0000000000
68640  -20.850  -24.847  66.552 0.0000000000
68662  -22.371  -24.836  65.768 0.0000000000
68663  -22.988  -24.523  65.660 0.0000000000
68677  -14.977  -27.531  64.982 0.0000000000
68680  -16.917  -25.818  65.464 0.0000000000
68681  -17.216  -25.776  65.128 0.0000000000
68683  -20.970  -25.316  65.145 0.0000000000
68706  -16.785  -26.125  64.805 0.0000000000
68708  -21.110  -25.399  64.552 0.0000000000
68712  -24.129  -25.112  64.449 0.0000000000
68739  -24.446  -24.758  63.790 0.0000000000
68761  -21.404  -25.445  61.804 0.0000000000
70063  -13.508  -26.486  74.789 0.0000000000
70078  -15.092  -25.311  73.197 0.0000000000
70091  -16.422  -25.236  71.954 0.0000000000
70139  -19.199  -24.471  68.393 0.0000000000
70160  -22.319  -24.494  67.308 0.0000000000
70162  -23.369  -24.459  67.042 0.0000000000
70174  -17.707  -25.485  66.588 0.0000000000
70179  -23.755  -24.417  66.543 0.0000000000
70180  -24.278  -24.340  66.163 0.0000000000
70186  -17.327  -25.575  66.082 0.0000000000
70187  -18.033  -25.386  66.108 0.0000000000
70191  -23.464  -24.514  65.999 0.0000000000
70194  -25.065  -24.397  65.224 0.0000000000
70205  -20.106  -25.292  64.920 0.0000000000
70206  -20.466  -25.398  64.512 0.0000000000
70207  -23.914  -24.835  65.419 0.0000000000
70209  -24.772  -24.686  64.915 0.0000000000
70224  -18.126  -25.630  64.707 0.0000000000
70228  -24.478  -24.852  64.595 0.0000000000
70229  -24.732  -24.567  64.263 0.0000000000
70230  -25.206  -24.250  64.090 0.0000000000
70248  -21.089  -25.440  63.434 0.0000000000
70249  -24.887  -24.413  63.560 0.0000000000
70250  -25.343  -24.173  63.456 0.0000000000
70251  -25.707  -23.792  63.357 0.0000000000
70274  -25.300  -24.071  62.689 0.0000000000
70295  -25.123  -24.024  61.901 0.0000000000
70296  -25.488  -23.631  62.164 0.0000000000
70384  -24.201  -24.695  57.623 0.0000000000
71626  -15.728  -24.921  73.384 0.0000000000
71668  -18.995  -24.065  69.377 0.0000000000
71685  -19.762  -24.101  69.016 0.0000000000
71702  -19.914  -24.395  68.819 0.0000000000
71705  -21.869  -23.964  67.895 0.0000000000
71713  -19.879  -24.478  68.722 0.0000000000
71714  -19.906  -24.524  68.311 0.0000000000
71715  -20.582  -24.504  67.979 0.0000000000
71720  -24.935  -22.929  66.819 0.0000000000
71726  -22.354  -24.947  66.925 0.0000000000
71727  -22.532  -24.903  66.878 0.0000000000
71736  -17.738  -25.476  66.157 0.0000000000
71738  -22.191  -25.008  66.783 0.0000000000
71739  -22.387  -24.937  66.756 0.0000000000
71742  -25.945  -22.889  65.938 0.0000000000
71753  -17.465  -25.560  65.787 0.0000000000
71757  -20.418  -25.443  64.169 0.0000000000
71758  -25.481  -24.280  65.080 0.0000000000
71780  -20.563  -25.442  63.701 0.0000000000
71798  -20.631  -25.401  63.119 0.0000000000
71800  -26.333  -22.914  63.043 0.0000000000
71816  -20.636  -25.418  62.840 0.0000000000
71818  -26.221  -22.859  62.641 0.0000000000
71831  -25.614  -23.317  61.730 0.0000000000
71874  -25.350  -23.484  59.254 0.0000000000
71912  -24.518  -23.720  57.434 0.0000000000
73028  -12.856  -26.035  74.939 0.0000000000
73037  -13.265  -25.643  75.057 0.0000000000
73049  -16.381  -24.583  73.397 0.0000000000
73050  -16.449  -24.510  72.624 0.0000000000
73062  -17.291  -24.285  71.052 0.0000000000
73079  -17.877  -24.109  70.330 0.0000000000
73098  -18.571  -23.996  69.801 0.0000000000
73134  -20.003  -24.340  68.735 0.0000000000
73135  -20.188  -24.419  68.688 0.0000000000
73136  -20.473  -24.409  68.465 0.0000000000
73148  -20.002  -24.476  68.525 0.0000000000
73149  -20.165  -24.643  68.119 0.0000000000
73150  -21.022  -24.427  68.284 0.0000000000
73170  -25.754  -22.453  66.669 0.0000000000
73198  -27.250  -22.113  64.848 0.0000000000
73219  -26.964  -22.558  63.472 0.0000000000
73220  -27.218  -22.164  63.733 0.0000000000
73227  -26.229  -22.809  62.394 0.0000000000
73230  -34.951  -21.990  61.253 0.0000000000
73238  -26.030  -22.885  61.995 0.0000000000
73241  -34.646  -22.309  60.395 0.0000000000
73242  -34.988  -22.286  60.665 0.0000000000
73243  -35.164  -22.045  61.033 0.0000000000
73252  -26.309  -22.587  61.741 0.0000000000
73256  -35.079  -22.591  59.981 0.0000000000
73267  -33.182  -23.708  58.599 0.0000000000
73271  -35.319  -22.612  59.659 0.0000000000
73304  -25.499  -22.924  58.457 0.0000000000
73331  -33.342  -24.052  56.229 0.0000000000
74523  -16.438  -23.938  73.961 0.0000000000
74542  -17.613  -23.868  70.660 0.0000000000
74555  -20.798  -23.117  68.902 0.0000000000
74650  -34.892  -21.117  62.970 0.0000000000
74651  -35.172  -20.890  63.392 0.0000000000
74684  -27.409  -21.721  63.266 0.0000000000
74686  -34.117  -21.603  61.456 0.0000000000
74687  -34.636  -21.737  61.587 0.0000000000
74689  -35.215  -21.562  61.752 0.0000000000
74698  -27.016  -22.363  61.913 0.0000000000
74701  -34.084  -21.932  60.615 0.0000000000
74712  -33.111  -21.294  59.372 0.0000000000
74716  -35.454  -21.823  60.462 0.0000000000
74727  -35.438  -22.337  59.627 0.0000000000
74728  -35.468  -21.897  60.074 0.0000000000
74737  -32.102  -21.211  58.203 0.0000000000
74740  -35.895  -22.698  58.781 0.0000000000
74755  -35.284  -23.695  57.323 0.0000000000
74793  -34.388  -22.236  56.883 0.0000000000
74817  -31.754  -23.131  53.658 0.0000000000
74840  -29.444  -22.615  52.269 0.0000000000
74842  -30.991  -23.509  53.158 0.0000000000
76084  -19.367  -23.083  70.230 0.0000000000
76237  -27.196  -21.891  61.581 0.0000000000
76239  -32.573  -20.705  59.638 0.0000000000
76252  -35.508  -21.427  60.339 0.0000000000
76281  -31.254  -20.523  57.394 0.0000000000
76310  -26.799  -21.130  55.449 0.0000000000
76311  -29.542  -20.677  55.057 0.0000000000
76314  -34.342  -22.078  56.538 0.0000000000
76337  -31.703  -22.807  53.444 0.0000000000
76338  -31.982  -23.022  53.406 0.0000000000
76340  -34.314  -21.701  56.470 0.0000000000
76362  -29.928  -22.027  52.277 0.0000000000
76364  -31.421  -22.535  53.107 0.0000000000
76365  -31.688  -22.791  53.195 0.0000000000
76382  -28.511  -21.816  51.872 0.0000000000
76384  -30.510  -22.562  52.397 0.0000000000
76385  -31.006  -22.385  52.562 0.0000000000
77513  -19.663  -22.726  70.094 0.0000000000
77521  -19.464  -22.570  70.079 0.0000000000
77522  -20.072  -22.408  69.695 0.0000000000
77550  -19.658  -22.367  68.729 0.0000000000
77566  -19.795  -22.311  68.428 0.0000000000
77660  -27.758  -20.114  63.760 0.0000000000
77676  -27.782  -20.864  62.417 0.0000000000
77688  -27.853  -21.126  62.018 0.0000000000
77689  -31.262  -19.130  60.600 0.0000000000
77690  -31.964  -19.140  61.041 0.0000000000
77720  -30.482  -19.265  58.946 0.0000000000
77735  -29.271  -19.318  57.874 0.0000000000
77739  -35.578  -21.030  59.270 0.0000000000
77798  -30.244  -21.262  54.413 0.0000000000
77835  -30.825  -21.717  53.347 0.0000000000
77847  -28.861  -21.476  52.238 0.0000000000
77860  -38.608  -20.288  51.152 0.0000000000
77873  -38.295  -19.997  50.916 0.0000000000
77877  -39.761  -19.701  50.407 0.0000000000
77916  -40.001  -19.342  48.912 0.0000000000
77942  -40.233  -18.842  48.950 0.0000000000
77965  -39.702  -18.990  48.141 0.0000000000
78950  -19.781  -22.399  69.683 0.0000000000
78993  -19.329  -22.327  69.091 0.0000000000
79018  -19.494  -22.229  68.235 0.0000000000
79040  -19.755  -22.258  68.230 0.0000000000
79106  -28.473  -19.464  63.822 0.0000000000
79158  -28.051  -20.645  62.131 0.0000000000
79201  -35.581  -19.789  61.478 0.0000000000
79272  -35.323  -20.628  58.356 0.0000000000
79314  -34.494  -20.345  56.455 0.0000000000
79377  -37.339  -20.122  52.244 0.0000000000
79392  -32.756  -20.439  52.500 0.0000000000
79413  -37.833  -19.485  50.579 0.0000000000
79414  -40.160  -19.936  50.899 0.0000000000
79437  -38.332  -19.595  49.345 0.0000000000
79462  -40.147  -18.678  49.440 0.0000000000
80741  -35.254  -19.203  59.743 0.0000000000
80755  -35.026  -19.086  58.629 0.0000000000
80768  -35.232  -19.590  58.349 0.0000000000
80852  -33.859  -19.877  54.180 0.0000000000
80854  -37.512  -19.295  53.477 0.0000000000
80896  -35.746  -18.529  50.786 0.0000000000
80934  -36.587  -19.140  48.756 0.0000000000
80935  -40.263  -18.126  49.671 0.0000000000
82202  -34.835  -17.980  59.339 0.0000000000
82235  -34.527  -17.316  57.359 0.0000000000
82263  -33.507  -18.547  54.162 0.0000000000
82279  -33.676  -17.756  53.987 0.0000000000
82309  -34.990  -17.584  52.553 0.0000000000
82361  -39.940  -17.150  49.966 0.0000000000
83757  -34.954  -17.506  59.709 0.0000000000
83777  -35.153  -16.660  59.533 0.0000000000
83808  -34.725  -17.121  57.638 0.0000000000
83809  -34.860  -17.384  58.143 0.0000000000
83855  -33.846  -17.626  53.589 0.0000000000
83908  -35.157  -17.574  51.032 0.0000000000
83930  -34.793  -17.542  50.732 0.0000000000
83931  -41.868  -16.123  51.659 0.0000000000
83972  -40.423  -17.169  50.453 0.0000000000
85400  -35.095  -16.796  58.436 0.0000000000
85424  -34.921  -16.776  57.449 0.0000000000
85538  -40.372  -15.275  49.955 0.0000000000
85539  -40.409  -15.501  50.146 0.0000000000
85560  -40.326  -15.816  50.270 0.0000000000
85577  -38.404  -16.222  47.978 0.0000000000
85578  -38.463  -16.069  48.186 0.0000000000
87060  -40.548  -15.231  50.143 0.0000000000
87104  -38.510  -15.840  48.169 0.0000000000
88611  -44.121  -11.726  39.630 0.0000000000
89859  -40.943  -13.522  49.253 0.0000000000
89901  -37.963  -14.181  46.444 0.0000000000
89902  -38.141  -14.017  46.458 0.0000000000
89911  -38.219  -13.897  46.228 0.0000000000
92972  -49.886  -11.030  39.253 0.0000000000
94321  -43.105  -10.093  44.328 0.0000000000
94415  -48.438  -10.138  37.977 0.0000000000
95697  -43.228  -10.109  44.040 0.0000000000
95771  -52.303  -8.477  38.811 0.0000000000
97100  -52.567  -7.940  38.544 0.0000000000
97163  -50.784  -7.729  30.780 0.0000000000
99701  -50.709  -6.569  31.587 0.0000000000
100980  -54.415  -5.132  34.474 0.0000000000
101005  -51.911  -6.061  30.475 0.0000000000
103505  -56.191  -3.526  29.456 0.0000000000
103513  -55.204  -3.649  28.746 0.0000000000
158990  -39.082  -19.468  48.259 0.0000000000
