#!ascii label  , from subject sub-01 vox2ras=TkReg
1121
74905  -38.847  -23.767  50.224 0.0000000000
65708  -23.547  -29.822  55.597 0.0000000000
70504  -30.311  -26.967  52.354 0.0000000000
98410  -49.038  -7.419  33.675 0.0000000000
97221  -53.792  -8.108  26.824 0.0000000000
70247  -17.828  -25.849  63.995 0.0000000000
95779  -46.678  -9.962  36.000 0.0000000000
74949  -43.647  -24.229  48.840 0.0000000000
70528  -34.721  -27.189  50.977 0.0000000000
68848  -19.294  -27.168  58.251 0.0000000000
62316  -19.660  -32.084  61.141 0.0000000000
77936  -32.574  -21.088  47.511 0.0000000000
78009  -35.666  -21.826  44.666 0.0000000000
70454  -27.373  -27.770  53.584 0.0000000000
73433  -31.517  -24.097  50.969 0.0000000000
85778  -43.231  -16.687  38.108 0.0000000000
87316  -47.466  -15.577  36.217 0.0000000000
88739  -51.059  -14.077  35.785 0.0000000000
59323  -13.474  -33.486  65.596 0.0000000000
57888  -11.873  -34.669  68.737 0.0000000000
76556  -39.303  -22.309  42.766 0.0000000000
84121  -38.357  -17.870  41.551 0.0000000000
85748  -39.955  -16.762  39.412 0.0000000000
60795  -16.327  -33.090  62.820 0.0000000000
65646  -24.829  -31.114  59.548 0.0000000000
65665  -27.098  -30.103  58.158 0.0000000000
73447  -36.301  -25.274  49.844 0.0000000000
68868  -22.509  -26.222  56.781 0.0000000000
67280  -21.215  -29.039  56.280 0.0000000000
63991  -21.223  -30.929  58.233 0.0000000000
80881  -32.095  -19.198  51.482 0.0000000000
74920  -31.678  -22.661  49.475 0.0000000000
88703  -43.855  -14.486  37.408 0.0000000000
85811  -45.423  -16.496  37.331 0.0000000000
90068  -45.413  -13.838  36.255 0.0000000000
91552  -47.978  -12.091  34.639 0.0000000000
94453  -49.057  -10.588  33.625 0.0000000000
91539  -52.539  -12.517  35.053 0.0000000000
94472  -50.987  -10.631  33.101 0.0000000000
95831  -51.648  -10.004  31.917 0.0000000000
77988  -37.442  -21.008  45.501 0.0000000000
75067  -38.473  -23.431  43.506 0.0000000000
78011  -38.258  -21.082  44.242 0.0000000000
84096  -35.593  -17.568  42.719 0.0000000000
87206  -36.440  -15.647  41.365 0.0000000000
87209  -39.123  -16.489  40.880 0.0000000000
89982  -37.379  -14.294  39.905 0.0000000000
90030  -39.875  -13.732  38.227 0.0000000000
71984  -28.919  -26.569  52.841 0.0000000000
65568  -14.115  -29.571  63.972 0.0000000000
65596  -15.183  -29.271  62.305 0.0000000000
55298  -11.605  -36.986  70.229 0.0000000000
53839  -11.199  -37.080  70.884 0.0000000000
92967  -45.653  -11.636  37.320 0.0000000000
76492  -45.154  -22.799  47.108 0.0000000000
70506  -32.430  -27.391  52.151 0.0000000000
68758  -18.360  -25.893  61.640 0.0000000000
65629  -16.599  -29.727  59.998 0.0000000000
65644  -19.010  -29.926  58.705 0.0000000000
98465  -54.932  -7.582  25.794 0.0000000000
73482  -35.305  -24.560  47.589 0.0000000000
75003  -36.899  -24.692  46.797 0.0000000000
77983  -33.777  -21.141  45.640 0.0000000000
68887  -23.234  -26.384  55.383 0.0000000000
67297  -25.587  -29.091  54.508 0.0000000000
71962  -24.479  -26.127  53.674 0.0000000000
73411  -26.263  -24.131  51.951 0.0000000000
73441  -28.444  -24.226  50.157 0.0000000000
74882  -30.469  -23.068  50.811 0.0000000000
70541  -30.339  -26.378  49.971 0.0000000000
72030  -32.069  -26.073  48.536 0.0000000000
72033  -33.988  -25.196  48.122 0.0000000000
81130  -44.153  -19.378  40.011 0.0000000000
91533  -46.279  -12.551  35.464 0.0000000000
88725  -49.105  -15.000  35.882 0.0000000000
95851  -53.127  -10.200  30.480 0.0000000000
59297  -12.357  -34.294  67.330 0.0000000000
55333  -13.318  -36.719  68.597 0.0000000000
73508  -39.958  -25.584  45.967 0.0000000000
73538  -41.552  -24.863  44.739 0.0000000000
76550  -42.636  -22.514  44.176 0.0000000000
81056  -37.582  -19.956  43.627 0.0000000000
79577  -39.399  -20.491  42.049 0.0000000000
81058  -42.284  -19.745  43.131 0.0000000000
84074  -41.089  -18.017  42.611 0.0000000000
85716  -40.484  -17.390  41.292 0.0000000000
82526  -41.960  -18.497  40.704 0.0000000000
84186  -41.667  -17.325  38.394 0.0000000000
87290  -41.928  -14.828  37.759 0.0000000000
68871  -28.424  -28.756  56.833 0.0000000000
63893  -13.508  -30.284  65.553 0.0000000000
59339  -14.808  -33.495  64.419 0.0000000000
62299  -17.381  -32.575  61.583 0.0000000000
53838  -10.120  -37.489  70.716 0.0000000000
65680  -24.072  -30.922  57.346 0.0000000000
65664  -26.242  -30.754  58.292 0.0000000000
65696  -25.376  -30.236  56.211 0.0000000000
74885  -37.615  -24.512  50.883 0.0000000000
70428  -22.530  -27.436  55.477 0.0000000000
68867  -21.693  -26.739  56.780 0.0000000000
67281  -22.083  -28.991  55.668 0.0000000000
65679  -22.734  -30.960  57.562 0.0000000000
90035  -44.172  -13.315  37.836 0.0000000000
88720  -44.488  -14.545  36.976 0.0000000000
91509  -44.665  -13.054  36.827 0.0000000000
98409  -48.518  -7.876  34.204 0.0000000000
95800  -47.947  -9.797  33.834 0.0000000000
94470  -49.244  -9.999  33.326 0.0000000000
94471  -49.996  -10.513  33.201 0.0000000000
95829  -49.861  -9.072  32.466 0.0000000000
97149  -49.902  -8.311  31.950 0.0000000000
77989  -38.039  -20.587  45.446 0.0000000000
88574  -36.195  -14.493  42.857 0.0000000000
89961  -36.819  -14.341  40.512 0.0000000000
91418  -37.435  -12.997  41.050 0.0000000000
91436  -38.432  -12.916  39.496 0.0000000000
70503  -29.522  -26.724  52.550 0.0000000000
70458  -30.082  -27.309  54.414 0.0000000000
70459  -31.003  -27.077  54.362 0.0000000000
68705  -16.054  -26.672  64.646 0.0000000000
67212  -15.640  -27.910  61.780 0.0000000000
97183  -53.737  -8.921  27.866 0.0000000000
55286  -11.224  -36.587  70.625 0.0000000000
74929  -43.742  -24.232  49.931 0.0000000000
74976  -44.477  -23.733  47.988 0.0000000000
70527  -33.839  -27.500  51.236 0.0000000000
70489  -35.754  -26.824  52.888 0.0000000000
68831  -20.891  -26.070  58.831 0.0000000000
68783  -19.905  -25.492  60.613 0.0000000000
70271  -19.962  -25.395  62.207 0.0000000000
68829  -18.813  -26.680  58.962 0.0000000000
67242  -17.654  -28.639  58.924 0.0000000000
67265  -18.788  -28.769  57.948 0.0000000000
63977  -22.858  -31.302  59.616 0.0000000000
63958  -21.633  -30.950  60.067 0.0000000000
76461  -33.283  -22.236  46.870 0.0000000000
76462  -33.768  -22.741  46.130 0.0000000000
79479  -32.788  -20.120  46.890 0.0000000000
70409  -23.880  -24.964  56.442 0.0000000000
70453  -23.909  -25.691  54.502 0.0000000000
73350  -24.258  -23.713  55.565 0.0000000000
74838  -25.477  -22.884  52.808 0.0000000000
76399  -26.864  -22.804  51.477 0.0000000000
73430  -27.308  -24.100  50.943 0.0000000000
74880  -28.518  -22.656  51.289 0.0000000000
73416  -31.697  -23.610  52.417 0.0000000000
73432  -30.989  -24.300  51.112 0.0000000000
73443  -30.393  -23.901  50.075 0.0000000000
73444  -30.732  -23.946  50.087 0.0000000000
70542  -31.149  -26.662  49.524 0.0000000000
72023  -30.989  -24.639  49.270 0.0000000000
79456  -32.376  -20.528  49.462 0.0000000000
74940  -32.200  -22.988  48.219 0.0000000000
74965  -33.019  -23.245  47.239 0.0000000000
73467  -34.314  -24.715  47.724 0.0000000000
82588  -43.444  -18.346  39.025 0.0000000000
82566  -45.407  -19.239  39.532 0.0000000000
84162  -45.242  -18.262  38.884 0.0000000000
87295  -46.721  -16.289  36.949 0.0000000000
85781  -46.788  -17.429  38.117 0.0000000000
94412  -46.438  -10.577  36.568 0.0000000000
91523  -45.846  -12.144  35.956 0.0000000000
93008  -46.785  -11.490  35.399 0.0000000000
90095  -49.390  -12.920  34.607 0.0000000000
90083  -48.423  -13.536  34.908 0.0000000000
88738  -50.303  -14.254  35.608 0.0000000000
87319  -50.678  -15.283  36.844 0.0000000000
95842  -52.078  -9.918  30.980 0.0000000000
97165  -51.651  -9.053  30.366 0.0000000000
95859  -52.530  -9.227  29.353 0.0000000000
62239  -12.731  -31.710  66.465 0.0000000000
62221  -12.619  -31.791  67.351 0.0000000000
59308  -12.869  -33.930  66.362 0.0000000000
56610  -13.589  -36.334  67.926 0.0000000000
53862  -13.452  -37.561  69.993 0.0000000000
75034  -35.932  -23.995  45.216 0.0000000000
73506  -37.676  -24.835  46.323 0.0000000000
73535  -38.065  -25.106  45.118 0.0000000000
75068  -39.026  -23.049  43.203 0.0000000000
73564  -39.862  -24.722  44.098 0.0000000000
75098  -41.150  -23.552  43.472 0.0000000000
75071  -42.533  -23.264  44.462 0.0000000000
76558  -41.631  -22.297  43.264 0.0000000000
82458  -36.542  -18.561  44.555 0.0000000000
82524  -36.817  -18.135  41.754 0.0000000000
82502  -37.257  -18.774  42.128 0.0000000000
82504  -39.261  -18.885  41.828 0.0000000000
79579  -41.228  -20.471  42.482 0.0000000000
82505  -40.278  -18.764  41.966 0.0000000000
82482  -42.118  -18.881  43.249 0.0000000000
84099  -39.358  -17.997  41.692 0.0000000000
87226  -39.124  -16.493  40.144 0.0000000000
87193  -40.130  -17.035  41.260 0.0000000000
84123  -40.494  -17.473  40.615 0.0000000000
84124  -41.081  -17.923  40.980 0.0000000000
84138  -40.711  -18.045  39.912 0.0000000000
82562  -41.234  -18.160  39.108 0.0000000000
85749  -40.536  -16.982  38.831 0.0000000000
91487  -40.657  -12.934  38.401 0.0000000000
90031  -40.686  -13.706  38.203 0.0000000000
90032  -41.534  -13.409  38.477 0.0000000000
68916  -26.245  -28.162  53.769 0.0000000000
67284  -27.819  -29.130  55.855 0.0000000000
68903  -28.075  -28.309  54.558 0.0000000000
62284  -14.632  -31.726  63.267 0.0000000000
62264  -13.993  -31.662  64.345 0.0000000000
60771  -15.727  -33.244  63.535 0.0000000000
62331  -17.962  -31.358  60.523 0.0000000000
62330  -17.227  -31.241  60.589 0.0000000000
60840  -18.792  -32.566  61.726 0.0000000000
65630  -24.542  -31.212  60.457 0.0000000000
65632  -26.256  -30.616  60.522 0.0000000000
65648  -26.974  -30.216  59.430 0.0000000000
67244  -28.273  -29.891  59.507 0.0000000000
72000  -35.844  -25.827  50.475 0.0000000000
71968  -36.145  -26.264  52.057 0.0000000000
68833  -22.865  -25.546  59.104 0.0000000000
68850  -21.290  -26.396  57.810 0.0000000000
67252  -20.110  -27.878  57.129 0.0000000000
65676  -20.172  -29.625  57.259 0.0000000000
65678  -21.634  -30.508  57.006 0.0000000000
65661  -23.098  -31.309  58.285 0.0000000000
80913  -31.416  -18.945  49.553 0.0000000000
82377  -32.831  -18.209  48.330 0.0000000000
74883  -31.727  -22.513  51.914 0.0000000000
74902  -31.556  -22.563  50.749 0.0000000000
79410  -32.078  -20.321  51.272 0.0000000000
85809  -43.785  -15.964  37.774 0.0000000000
85780  -44.942  -16.726  37.869 0.0000000000
87293  -44.246  -15.354  37.266 0.0000000000
87314  -45.487  -15.655  36.619 0.0000000000
88722  -45.894  -14.821  36.126 0.0000000000
94437  -47.053  -10.637  35.319 0.0000000000
95799  -47.593  -9.886  34.500 0.0000000000
93026  -48.910  -11.563  34.008 0.0000000000
91554  -49.777  -12.421  34.379 0.0000000000
91538  -51.619  -12.823  34.933 0.0000000000
93028  -50.903  -11.596  33.996 0.0000000000
93029  -51.779  -11.548  33.944 0.0000000000
94473  -51.826  -10.812  33.161 0.0000000000
95815  -51.255  -10.273  32.565 0.0000000000
95840  -50.610  -8.965  31.466 0.0000000000
57936  -15.289  -34.681  65.507 0.0000000000
57922  -13.793  -35.137  65.949 0.0000000000
56639  -15.387  -35.655  66.668 0.0000000000
76519  -36.618  -21.670  44.828 0.0000000000
75066  -37.597  -23.593  43.885 0.0000000000
76521  -37.544  -21.672  44.576 0.0000000000
76548  -38.367  -22.245  43.419 0.0000000000
78025  -38.423  -21.495  43.186 0.0000000000
85647  -35.556  -16.989  43.999 0.0000000000
87173  -35.855  -15.415  43.280 0.0000000000
85711  -36.035  -16.524  41.768 0.0000000000
85712  -36.844  -16.734  41.245 0.0000000000
85690  -38.547  -16.941  41.308 0.0000000000
87207  -37.283  -16.189  41.001 0.0000000000
88628  -37.530  -15.164  40.151 0.0000000000
88651  -38.262  -15.143  39.368 0.0000000000
87244  -39.692  -15.890  38.782 0.0000000000
91458  -38.750  -13.319  38.899 0.0000000000
71944  -28.275  -27.280  53.245 0.0000000000
70433  -28.654  -27.797  54.741 0.0000000000
71946  -29.307  -27.415  54.489 0.0000000000
65581  -14.633  -29.273  63.325 0.0000000000
63919  -15.472  -31.138  61.971 0.0000000000
56599  -11.657  -35.713  69.444 0.0000000000
56588  -11.226  -34.932  70.389 0.0000000000
56587  -11.298  -35.992  70.253 0.0000000000
55275  -10.722  -35.881  70.940 0.0000000000
56564  -10.471  -35.134  71.737 0.0000000000
77967  -45.021  -21.941  46.219 0.0000000000
70505  -31.269  -27.326  52.208 0.0000000000
70460  -31.897  -26.934  54.324 0.0000000000
71756  -19.981  -25.399  64.419 0.0000000000
71812  -18.200  -25.554  63.142 0.0000000000
67213  -16.338  -27.369  61.575 0.0000000000
67231  -16.990  -28.390  59.807 0.0000000000
63971  -17.944  -30.171  59.452 0.0000000000
62347  -19.055  -31.416  59.777 0.0000000000
63974  -20.660  -31.044  58.769 0.0000000000
62334  -20.367  -31.470  60.067 0.0000000000
62317  -20.448  -31.583  61.021 0.0000000000
97222  -54.485  -8.296  26.427 0.0000000000
74922  -36.985  -24.708  49.023 0.0000000000
74944  -38.276  -24.224  48.538 0.0000000000
74968  -36.305  -24.671  47.309 0.0000000000
75032  -34.517  -22.758  45.392 0.0000000000
77984  -34.545  -21.390  45.057 0.0000000000
82400  -33.858  -18.561  47.346 0.0000000000
79497  -34.718  -19.940  46.151 0.0000000000
77959  -35.970  -20.616  45.244 0.0000000000
77937  -36.966  -20.162  46.725 0.0000000000
68900  -23.062  -27.507  54.978 0.0000000000
67296  -24.214  -28.798  54.575 0.0000000000
68901  -23.812  -27.306  54.380 0.0000000000
68930  -25.082  -27.372  53.619 0.0000000000
70480  -25.909  -26.908  52.984 0.0000000000
74813  -24.615  -23.208  54.202 0.0000000000
71980  -25.222  -24.679  52.754 0.0000000000
71964  -26.305  -26.253  52.386 0.0000000000
71982  -27.152  -25.297  52.080 0.0000000000
71998  -27.981  -25.546  51.291 0.0000000000
70523  -29.499  -26.541  51.373 0.0000000000
74860  -29.363  -23.029  51.930 0.0000000000
74900  -29.215  -23.231  50.494 0.0000000000
73442  -29.385  -24.178  49.863 0.0000000000
70524  -30.243  -27.126  51.098 0.0000000000
70525  -31.496  -27.379  50.790 0.0000000000
69007  -32.275  -27.417  49.473 0.0000000000
70559  -33.623  -27.066  49.261 0.0000000000
73456  -31.902  -23.812  48.601 0.0000000000
73465  -32.373  -24.915  48.281 0.0000000000
70560  -34.607  -26.190  49.070 0.0000000000
72025  -35.285  -25.493  48.888 0.0000000000
73457  -36.258  -25.127  49.228 0.0000000000
68869  -23.264  -25.643  56.728 0.0000000000
84190  -46.073  -17.647  38.306 0.0000000000
91522  -45.389  -12.702  36.139 0.0000000000
90080  -45.728  -13.477  35.873 0.0000000000
88735  -47.185  -14.641  35.664 0.0000000000
91534  -47.445  -12.495  34.920 0.0000000000
88736  -48.282  -14.668  35.359 0.0000000000
87317  -48.603  -15.532  36.163 0.0000000000
87299  -50.380  -15.924  37.255 0.0000000000
94524  -53.878  -10.639  30.215 0.0000000000
95860  -53.523  -9.726  29.210 0.0000000000
98454  -52.760  -7.587  27.884 0.0000000000
59288  -11.917  -32.891  68.470 0.0000000000
59287  -12.021  -33.928  68.175 0.0000000000
57907  -13.111  -35.446  66.909 0.0000000000
56623  -12.597  -35.394  67.764 0.0000000000
56609  -12.432  -35.918  68.256 0.0000000000
55316  -12.570  -37.003  69.253 0.0000000000
74945  -39.181  -24.533  48.760 0.0000000000
74972  -39.830  -25.285  48.073 0.0000000000
73487  -41.472  -25.232  46.942 0.0000000000
73536  -39.278  -25.302  44.936 0.0000000000
73509  -41.374  -25.180  45.896 0.0000000000
73510  -41.899  -24.930  46.533 0.0000000000
75037  -42.994  -23.832  45.611 0.0000000000
76524  -43.463  -22.936  45.170 0.0000000000
77990  -43.929  -21.680  44.853 0.0000000000
79544  -37.998  -20.440  43.805 0.0000000000
78034  -38.491  -20.735  42.722 0.0000000000
81054  -36.511  -18.974  43.090 0.0000000000
79576  -38.620  -20.356  42.460 0.0000000000
78036  -39.881  -21.274  42.234 0.0000000000
78037  -40.847  -21.440  42.537 0.0000000000
78012  -42.783  -21.399  43.728 0.0000000000
85692  -39.694  -17.381  41.504 0.0000000000
84101  -41.145  -17.631  42.003 0.0000000000
82544  -43.220  -18.822  40.206 0.0000000000
82587  -42.828  -18.159  38.844 0.0000000000
84187  -42.593  -17.408  38.434 0.0000000000
87264  -40.390  -15.704  38.356 0.0000000000
87265  -41.276  -15.446  37.884 0.0000000000
87266  -42.139  -15.487  37.720 0.0000000000
87291  -42.620  -14.975  37.611 0.0000000000
90034  -43.636  -13.395  38.124 0.0000000000
65697  -26.487  -29.971  56.110 0.0000000000
67253  -28.041  -29.514  58.091 0.0000000000
70386  -28.935  -27.820  56.648 0.0000000000
62240  -13.275  -31.641  65.349 0.0000000000
65548  -13.973  -29.291  64.772 0.0000000000
62241  -13.617  -31.011  64.952 0.0000000000
59324  -14.308  -33.832  65.083 0.0000000000
59325  -15.430  -34.108  64.829 0.0000000000
65597  -15.762  -29.344  61.503 0.0000000000
63929  -15.905  -30.722  61.257 0.0000000000
60820  -16.947  -33.058  62.072 0.0000000000
52457  -11.680  -38.592  71.214 0.0000000000
53830  -10.958  -37.227  70.965 0.0000000000
55273  -10.280  -35.849  71.328 0.0000000000
65695  -24.296  -30.390  56.272 0.0000000000
74904  -37.932  -23.844  50.150 0.0000000000
67294  -22.635  -28.466  55.463 0.0000000000
67282  -22.932  -29.278  55.603 0.0000000000
65694  -23.069  -30.213  56.224 0.0000000000
90051  -44.242  -13.688  37.421 0.0000000000
91490  -44.590  -12.860  37.708 0.0000000000
97140  -48.592  -8.475  33.413 0.0000000000
95813  -49.335  -9.429  32.957 0.0000000000
97141  -49.180  -8.314  32.714 0.0000000000
89946  -36.929  -13.147  41.737 0.0000000000
70484  -30.262  -27.001  53.434 0.0000000000
70485  -31.150  -27.035  53.346 0.0000000000
68707  -17.376  -25.775  64.979 0.0000000000
68733  -16.969  -26.442  63.925 0.0000000000
95872  -54.442  -9.551  27.966 0.0000000000
97198  -54.193  -8.805  27.213 0.0000000000
74950  -44.600  -23.848  49.075 0.0000000000
74975  -43.596  -24.428  47.679 0.0000000000
70508  -34.699  -27.328  52.020 0.0000000000
68830  -19.866  -26.409  58.886 0.0000000000
68808  -20.419  -25.645  59.732 0.0000000000
68807  -19.417  -26.173  59.811 0.0000000000
68847  -18.562  -27.592  58.584 0.0000000000
67250  -18.958  -28.081  58.055 0.0000000000
71928  -23.776  -24.580  55.811 0.0000000000
76381  -27.464  -21.733  52.438 0.0000000000
76400  -27.408  -22.477  51.627 0.0000000000
76401  -27.932  -22.037  51.652 0.0000000000
73415  -31.599  -24.204  52.145 0.0000000000
72015  -30.783  -24.299  49.610 0.0000000000
73445  -30.946  -23.825  49.823 0.0000000000
77910  -32.330  -20.614  48.555 0.0000000000
76442  -32.731  -22.060  48.018 0.0000000000
84188  -43.747  -17.770  38.501 0.0000000000
84161  -44.527  -18.138  38.650 0.0000000000
87296  -47.212  -16.189  36.972 0.0000000000
85813  -47.817  -16.784  37.540 0.0000000000
87297  -48.228  -16.136  36.942 0.0000000000
94425  -46.698  -10.154  36.489 0.0000000000
94424  -46.634  -10.461  35.983 0.0000000000
90085  -50.511  -13.574  35.301 0.0000000000
90084  -49.552  -13.563  35.006 0.0000000000
88727  -51.223  -14.768  36.442 0.0000000000
97173  -51.814  -8.509  29.468 0.0000000000
60749  -13.012  -32.690  65.917 0.0000000000
60734  -12.492  -32.607  66.862 0.0000000000
75064  -35.758  -23.169  44.623 0.0000000000
73561  -36.676  -24.330  44.865 0.0000000000
75065  -36.587  -23.585  44.360 0.0000000000
75097  -39.851  -23.385  43.281 0.0000000000
76557  -40.495  -22.623  43.023 0.0000000000
82525  -37.621  -18.254  41.707 0.0000000000
82503  -38.296  -18.805  41.866 0.0000000000
84098  -38.834  -18.399  41.687 0.0000000000
85747  -39.416  -16.552  39.707 0.0000000000
87227  -39.630  -16.857  40.302 0.0000000000
85726  -39.584  -16.848  39.944 0.0000000000
84137  -40.515  -17.625  40.333 0.0000000000
84159  -40.351  -17.443  39.841 0.0000000000
84160  -40.626  -17.494  39.293 0.0000000000
68932  -26.672  -27.595  53.317 0.0000000000
68902  -27.361  -28.586  54.375 0.0000000000
68918  -27.828  -27.995  54.034 0.0000000000
60794  -15.353  -32.585  63.157 0.0000000000
59341  -16.672  -33.870  63.930 0.0000000000
62332  -18.793  -31.610  60.337 0.0000000000
62315  -18.590  -32.088  61.124 0.0000000000
60841  -19.305  -32.416  61.621 0.0000000000
59275  -11.782  -33.561  69.054 0.0000000000
59262  -11.971  -33.332  69.682 0.0000000000
74927  -41.603  -23.985  49.510 0.0000000000
65631  -25.375  -31.079  60.478 0.0000000000
65649  -27.514  -29.968  60.058 0.0000000000
67243  -27.683  -30.096  58.755 0.0000000000
72001  -36.387  -25.427  50.916 0.0000000000
71986  -36.668  -25.679  51.740 0.0000000000
68852  -23.067  -25.479  57.961 0.0000000000
68851  -22.172  -25.805  57.847 0.0000000000
68884  -21.603  -27.916  56.239 0.0000000000
68866  -20.833  -27.531  56.783 0.0000000000
67268  -20.429  -28.771  56.764 0.0000000000
65677  -20.904  -29.850  56.868 0.0000000000
65692  -21.441  -29.882  56.604 0.0000000000
65662  -23.763  -31.262  58.703 0.0000000000
65645  -24.158  -31.382  59.770 0.0000000000
82321  -31.816  -18.716  50.878 0.0000000000
82338  -32.457  -17.864  50.399 0.0000000000
76405  -32.415  -21.681  52.005 0.0000000000
80867  -32.934  -19.314  52.725 0.0000000000
79409  -31.938  -19.965  50.529 0.0000000000
87292  -43.406  -15.137  37.546 0.0000000000
88721  -45.101  -14.672  36.484 0.0000000000
87313  -44.783  -15.248  36.770 0.0000000000
95792  -47.138  -9.785  35.268 0.0000000000
97118  -47.520  -9.107  34.905 0.0000000000
94452  -48.116  -10.675  34.100 0.0000000000
93027  -49.925  -11.626  33.741 0.0000000000
91555  -50.770  -12.281  34.376 0.0000000000
95814  -50.319  -9.927  32.684 0.0000000000
93042  -50.938  -11.055  33.580 0.0000000000
97150  -50.416  -8.732  31.649 0.0000000000
77987  -36.893  -21.173  45.338 0.0000000000
76520  -36.984  -21.773  44.771 0.0000000000
76522  -38.000  -21.622  44.248 0.0000000000
78010  -38.290  -20.875  43.764 0.0000000000
88593  -36.350  -14.423  41.829 0.0000000000
87189  -35.927  -15.470  42.258 0.0000000000
87223  -36.824  -15.516  40.804 0.0000000000
89981  -37.143  -14.689  40.256 0.0000000000
88650  -37.734  -14.936  39.712 0.0000000000
88629  -37.991  -15.457  39.838 0.0000000000
90005  -37.823  -14.587  39.478 0.0000000000
90006  -38.110  -14.007  39.071 0.0000000000
91437  -38.968  -12.149  39.996 0.0000000000
71966  -28.515  -26.951  53.032 0.0000000000
71945  -28.734  -27.447  53.931 0.0000000000
71967  -29.077  -27.158  53.623 0.0000000000
70435  -30.918  -27.203  55.236 0.0000000000
70434  -30.339  -27.366  55.277 0.0000000000
67211  -14.941  -28.297  62.726 0.0000000000
68731  -14.819  -27.562  63.719 0.0000000000
63918  -14.764  -30.600  62.561 0.0000000000
63928  -15.413  -30.220  61.924 0.0000000000
55315  -11.778  -36.729  69.659 0.0000000000
56598  -11.529  -36.339  69.897 0.0000000000
55285  -11.102  -36.668  70.891 0.0000000000
55274  -10.537  -35.947  71.108 0.0000000000
76463  -45.292  -23.137  48.311 0.0000000000
76493  -45.581  -22.116  47.212 0.0000000000
70486  -32.144  -27.234  53.290 0.0000000000
68759  -19.415  -25.444  61.434 0.0000000000
71797  -20.100  -25.387  63.299 0.0000000000
70270  -19.086  -25.451  62.181 0.0000000000
71813  -18.827  -25.508  62.980 0.0000000000
68781  -17.845  -26.767  60.935 0.0000000000
68805  -17.397  -27.509  59.906 0.0000000000
65643  -18.259  -29.551  58.874 0.0000000000
65642  -17.594  -29.472  59.242 0.0000000000
63972  -18.799  -30.640  59.331 0.0000000000
63956  -18.672  -31.178  59.822 0.0000000000
63990  -20.372  -30.411  57.916 0.0000000000
63943  -21.799  -30.887  61.166 0.0000000000
63957  -20.934  -31.202  59.671 0.0000000000
63942  -21.031  -31.087  60.659 0.0000000000
74921  -36.298  -25.090  48.451 0.0000000000
74942  -36.738  -24.901  48.132 0.0000000000
74941  -35.857  -24.856  47.740 0.0000000000
76489  -33.574  -21.961  45.936 0.0000000000
75000  -34.392  -23.129  45.791 0.0000000000
76516  -34.046  -21.876  45.382 0.0000000000
76517  -34.545  -22.321  45.057 0.0000000000
79520  -34.314  -20.573  45.600 0.0000000000
83969  -33.460  -17.591  48.997 0.0000000000
82399  -33.105  -18.447  47.529 0.0000000000
82378  -34.073  -17.887  48.280 0.0000000000
80953  -35.672  -19.256  47.523 0.0000000000
79481  -35.857  -19.643  46.959 0.0000000000
79480  -35.253  -19.733  46.560 0.0000000000
77960  -36.607  -20.491  45.785 0.0000000000
71942  -24.157  -25.761  54.005 0.0000000000
70452  -24.171  -26.475  54.132 0.0000000000
70479  -25.038  -26.679  53.487 0.0000000000
71963  -24.825  -25.458  53.225 0.0000000000
74858  -26.022  -23.278  52.141 0.0000000000
73410  -25.553  -24.285  52.525 0.0000000000
71981  -25.840  -25.028  52.412 0.0000000000
73440  -27.783  -24.159  50.565 0.0000000000
71997  -27.430  -24.819  51.133 0.0000000000
72011  -27.839  -24.893  50.502 0.0000000000
71999  -28.742  -26.322  51.706 0.0000000000
72012  -28.782  -25.555  50.307 0.0000000000
73413  -30.625  -24.132  52.391 0.0000000000
74841  -30.486  -23.872  52.699 0.0000000000
74861  -30.267  -23.339  52.133 0.0000000000
76383  -29.851  -22.835  52.405 0.0000000000
74881  -29.784  -22.625  51.137 0.0000000000
76403  -30.032  -22.780  50.650 0.0000000000
72013  -29.798  -25.196  49.735 0.0000000000
70540  -29.693  -26.178  50.413 0.0000000000
72022  -31.283  -25.621  48.865 0.0000000000
69006  -31.741  -27.144  49.475 0.0000000000
70557  -31.865  -26.754  48.979 0.0000000000
69008  -32.954  -27.516  49.486 0.0000000000
70577  -32.346  -26.650  48.754 0.0000000000
73446  -31.361  -23.389  49.712 0.0000000000
73466  -32.992  -24.403  47.680 0.0000000000
72032  -33.268  -25.420  48.155 0.0000000000
70579  -33.529  -26.171  48.599 0.0000000000
70580  -34.002  -25.725  48.497 0.0000000000
70561  -35.294  -25.846  49.385 0.0000000000
72024  -34.535  -25.550  48.580 0.0000000000
73481  -34.752  -24.280  47.430 0.0000000000
73468  -35.390  -24.967  48.099 0.0000000000
70408  -23.442  -25.561  55.936 0.0000000000
70383  -23.832  -25.292  56.841 0.0000000000
81116  -44.299  -19.644  40.533 0.0000000000
82546  -45.975  -19.826  39.975 0.0000000000
84211  -45.271  -16.941  37.830 0.0000000000
84212  -45.641  -17.160  37.723 0.0000000000
91510  -45.060  -12.230  37.064 0.0000000000
92983  -45.616  -11.775  36.648 0.0000000000
91532  -45.821  -13.100  35.608 0.0000000000
90081  -46.356  -13.691  35.630 0.0000000000
88734  -46.417  -14.440  35.892 0.0000000000
93009  -47.371  -11.471  34.766 0.0000000000
88737  -49.298  -14.328  35.454 0.0000000000
87327  -48.368  -15.202  35.665 0.0000000000
88724  -48.619  -15.147  35.709 0.0000000000
87298  -49.335  -16.138  36.981 0.0000000000
87318  -49.708  -15.474  36.514 0.0000000000
85817  -51.444  -16.172  38.092 0.0000000000
95832  -52.592  -10.640  31.995 0.0000000000
95843  -53.126  -10.631  31.408 0.0000000000
94503  -53.749  -11.055  31.673 0.0000000000
97181  -52.320  -8.337  28.759 0.0000000000
97174  -52.589  -8.952  28.963 0.0000000000
97182  -53.043  -8.639  28.350 0.0000000000
59298  -12.238  -33.310  67.493 0.0000000000
60723  -12.398  -32.330  67.880 0.0000000000
56638  -14.544  -35.633  66.560 0.0000000000
56637  -13.966  -35.584  66.510 0.0000000000
56625  -13.927  -35.965  67.064 0.0000000000
74969  -37.156  -24.767  47.637 0.0000000000
74970  -37.910  -24.557  47.682 0.0000000000
73507  -38.799  -25.105  46.080 0.0000000000
73485  -39.326  -25.343  47.041 0.0000000000
74973  -40.972  -24.990  47.810 0.0000000000
73486  -40.529  -25.561  47.021 0.0000000000
73563  -38.566  -24.556  43.937 0.0000000000
73565  -41.004  -24.534  44.023 0.0000000000
73537  -40.541  -25.168  44.893 0.0000000000
75006  -42.448  -24.542  45.963 0.0000000000
76523  -42.792  -23.124  44.691 0.0000000000
76551  -43.376  -22.173  44.597 0.0000000000
81028  -37.103  -19.394  44.259 0.0000000000
81029  -37.870  -19.673  44.838 0.0000000000
78024  -38.334  -20.899  43.113 0.0000000000
79561  -38.071  -20.405  42.981 0.0000000000
85665  -35.359  -16.989  43.438 0.0000000000
84073  -35.701  -18.072  43.580 0.0000000000
82478  -35.763  -18.194  43.171 0.0000000000
81083  -38.860  -19.671  41.989 0.0000000000
81082  -37.820  -19.605  42.590 0.0000000000
79578  -40.349  -20.514  42.151 0.0000000000
79562  -41.945  -20.457  42.944 0.0000000000
79563  -42.593  -20.489  43.418 0.0000000000
79546  -42.984  -20.530  44.172 0.0000000000
82481  -41.409  -18.442  42.865 0.0000000000
87190  -38.780  -16.855  41.257 0.0000000000
85691  -38.997  -17.281  41.365 0.0000000000
87191  -39.135  -16.881  41.208 0.0000000000
85693  -40.290  -17.354  41.569 0.0000000000
84125  -42.290  -18.197  41.411 0.0000000000
84126  -43.070  -18.406  41.459 0.0000000000
82528  -43.307  -18.893  40.979 0.0000000000
82527  -42.694  -18.641  40.832 0.0000000000
82585  -41.445  -17.802  38.653 0.0000000000
82563  -42.146  -18.514  39.277 0.0000000000
82586  -41.956  -18.038  38.621 0.0000000000
88674  -39.646  -14.462  38.448 0.0000000000
88653  -39.856  -15.124  38.569 0.0000000000
88676  -41.418  -14.383  38.153 0.0000000000
88701  -42.430  -14.474  38.014 0.0000000000
88678  -42.803  -13.998  38.256 0.0000000000
65710  -25.391  -29.708  55.239 0.0000000000
65711  -26.317  -29.598  55.167 0.0000000000
65698  -27.368  -29.627  56.337 0.0000000000
68854  -28.360  -29.039  57.493 0.0000000000
67254  -28.671  -29.342  58.695 0.0000000000
71913  -29.086  -27.495  55.599 0.0000000000
70411  -28.786  -27.665  55.789 0.0000000000
70412  -29.096  -27.624  56.473 0.0000000000
63892  -13.088  -30.862  66.295 0.0000000000
67159  -14.648  -28.106  65.346 0.0000000000
67131  -14.597  -28.079  66.241 0.0000000000
60770  -14.751  -32.859  63.750 0.0000000000
60769  -14.042  -32.890  64.434 0.0000000000
62263  -13.673  -32.246  64.757 0.0000000000
68803  -16.541  -28.278  60.581 0.0000000000
67221  -16.290  -28.363  60.993 0.0000000000
65614  -16.260  -29.591  60.768 0.0000000000
62313  -16.696  -31.684  60.991 0.0000000000
62298  -16.290  -32.025  61.905 0.0000000000
60821  -17.730  -33.090  62.274 0.0000000000
52455  -10.449  -37.774  70.838 0.0000000000
52456  -10.800  -37.977  70.933 0.0000000000
53829  -10.350  -37.168  70.750 0.0000000000
65663  -25.079  -31.112  58.415 0.0000000000
65681  -25.309  -30.820  57.213 0.0000000000
65682  -26.357  -30.391  57.173 0.0000000000
73448  -36.843  -25.099  50.206 0.0000000000
68885  -22.190  -27.413  55.740 0.0000000000
65693  -22.017  -30.002  56.473 0.0000000000
82308  -33.076  -18.452  51.912 0.0000000000
90050  -43.676  -13.939  37.605 0.0000000000
90067  -44.891  -13.853  36.812 0.0000000000
97126  -47.693  -9.351  34.355 0.0000000000
97127  -47.930  -8.674  34.219 0.0000000000
95812  -48.587  -9.497  33.446 0.0000000000
94454  -49.812  -11.017  33.428 0.0000000000
79523  -38.193  -20.185  45.157 0.0000000000
88610  -36.513  -14.792  40.980 0.0000000000
89945  -36.452  -13.922  41.077 0.0000000000
89962  -37.070  -13.511  40.660 0.0000000000
89963  -37.526  -13.063  40.610 0.0000000000
89983  -37.615  -13.286  39.976 0.0000000000
91419  -38.009  -12.500  40.700 0.0000000000
70457  -29.468  -27.320  53.990 0.0000000000
70483  -29.536  -27.007  53.483 0.0000000000
68732  -15.941  -27.049  63.678 0.0000000000
68756  -15.469  -27.484  62.870 0.0000000000
95871  -53.663  -9.235  28.335 0.0000000000
53850  -11.870  -37.541  70.590 0.0000000000
53840  -11.741  -37.588  70.766 0.0000000000
75008  -44.314  -23.694  47.013 0.0000000000
70526  -32.813  -27.408  51.128 0.0000000000
70507  -33.584  -27.436  52.167 0.0000000000
70488  -34.443  -27.369  53.136 0.0000000000
70463  -35.224  -27.256  54.132 0.0000000000
68809  -21.476  -25.524  59.876 0.0000000000
68784  -20.970  -25.217  60.740 0.0000000000
68760  -20.444  -25.376  61.560 0.0000000000
68782  -18.810  -25.904  60.639 0.0000000000
68806  -18.326  -26.607  59.849 0.0000000000
68827  -17.625  -27.889  59.199 0.0000000000
68828  -18.102  -27.336  59.202 0.0000000000
67249  -18.345  -28.555  58.424 0.0000000000
63976  -22.210  -30.956  59.405 0.0000000000
63975  -21.456  -31.021  59.122 0.0000000000
63959  -22.381  -31.024  60.307 0.0000000000
63944  -22.626  -30.993  61.105 0.0000000000
74967  -35.339  -24.245  47.068 0.0000000000
74966  -34.185  -23.460  46.751 0.0000000000
77958  -33.160  -21.112  46.413 0.0000000000
70430  -23.625  -26.218  55.007 0.0000000000
70431  -23.668  -25.484  55.208 0.0000000000
71943  -23.785  -24.911  54.572 0.0000000000
73372  -24.309  -24.010  54.336 0.0000000000
76334  -25.912  -21.665  54.398 0.0000000000
76359  -26.172  -21.980  53.177 0.0000000000
76380  -26.524  -22.591  52.144 0.0000000000
74878  -26.523  -23.259  51.557 0.0000000000
73429  -26.807  -23.817  51.302 0.0000000000
74898  -27.607  -23.742  50.753 0.0000000000
74899  -28.122  -23.521  50.655 0.0000000000
73414  -31.072  -24.295  52.189 0.0000000000
73431  -30.557  -23.999  51.447 0.0000000000
72014  -30.574  -25.029  49.473 0.0000000000
73454  -31.700  -25.419  48.606 0.0000000000
76427  -31.992  -21.818  49.083 0.0000000000
73480  -33.858  -24.024  47.321 0.0000000000
82565  -44.125  -18.729  39.457 0.0000000000
81131  -44.595  -19.530  39.882 0.0000000000
85828  -46.066  -16.318  36.841 0.0000000000
85812  -46.572  -16.894  37.381 0.0000000000
92984  -46.144  -10.975  37.073 0.0000000000
92999  -46.167  -11.473  36.161 0.0000000000
91553  -48.745  -12.330  34.439 0.0000000000
91535  -48.296  -12.694  34.725 0.0000000000
90094  -48.870  -13.049  34.640 0.0000000000
88726  -50.031  -14.788  36.191 0.0000000000
87320  -51.243  -15.236  36.954 0.0000000000
97158  -51.461  -9.316  30.799 0.0000000000
95850  -52.412  -9.482  29.952 0.0000000000
59307  -12.641  -34.691  66.799 0.0000000000
55317  -13.776  -37.251  69.259 0.0000000000
73505  -36.765  -24.614  45.966 0.0000000000
73483  -37.864  -24.734  47.069 0.0000000000
73534  -37.161  -24.697  45.322 0.0000000000
75096  -39.147  -23.665  43.329 0.0000000000
73573  -38.877  -24.071  43.424 0.0000000000
73574  -39.446  -24.208  43.484 0.0000000000
73575  -40.295  -24.176  43.550 0.0000000000
73566  -41.729  -24.358  44.195 0.0000000000
75035  -42.071  -24.306  44.593 0.0000000000
75070  -42.179  -23.659  43.967 0.0000000000
75099  -41.771  -23.117  43.620 0.0000000000
82523  -36.249  -17.914  41.875 0.0000000000
82501  -36.187  -18.424  42.532 0.0000000000
81084  -39.847  -19.681  41.854 0.0000000000
81085  -40.720  -19.637  42.261 0.0000000000
81057  -41.595  -19.489  42.667 0.0000000000
82506  -41.013  -18.921  42.373 0.0000000000
82480  -40.897  -18.372  42.346 0.0000000000
87210  -39.831  -16.844  40.781 0.0000000000
85715  -40.379  -17.243  40.846 0.0000000000
82542  -41.516  -18.472  40.008 0.0000000000
84185  -41.003  -17.474  38.662 0.0000000000
91486  -40.188  -13.233  38.323 0.0000000000
88675  -40.430  -14.650  38.206 0.0000000000
88677  -42.131  -14.155  38.477 0.0000000000
67311  -25.875  -28.459  54.009 0.0000000000
67298  -26.933  -29.170  54.634 0.0000000000
67312  -26.689  -28.495  54.137 0.0000000000
67299  -27.850  -28.748  54.989 0.0000000000
68888  -28.407  -28.294  55.789 0.0000000000
63906  -14.146  -30.473  63.696 0.0000000000
65549  -13.793  -29.926  64.177 0.0000000000
59340  -15.586  -33.659  64.141 0.0000000000
63954  -17.353  -30.483  59.949 0.0000000000
63941  -16.607  -30.615  60.546 0.0000000000
62314  -17.644  -31.935  61.027 0.0000000000
62300  -18.161  -32.378  61.562 0.0000000000
74928  -42.673  -23.927  49.645 0.0000000000
74948  -42.558  -24.557  48.684 0.0000000000
65617  -24.707  -31.040  61.268 0.0000000000
65618  -25.504  -30.783  61.473 0.0000000000
65619  -26.316  -30.192  61.526 0.0000000000
65647  -25.997  -31.192  59.473 0.0000000000
65633  -27.031  -30.198  60.624 0.0000000000
70529  -35.393  -26.527  50.706 0.0000000000
70509  -35.502  -26.763  51.660 0.0000000000
68832  -21.895  -25.735  58.924 0.0000000000
68849  -20.151  -26.808  57.717 0.0000000000
67251  -19.572  -27.846  57.622 0.0000000000
67267  -19.770  -28.679  57.192 0.0000000000
64004  -20.609  -30.159  57.328 0.0000000000
64005  -21.038  -30.613  57.422 0.0000000000
64006  -21.831  -30.850  57.814 0.0000000000
64007  -22.341  -30.961  58.152 0.0000000000
63994  -23.255  -31.287  59.170 0.0000000000
63961  -23.828  -31.342  60.471 0.0000000000
79455  -32.116  -20.218  48.746 0.0000000000
79478  -32.247  -20.128  47.805 0.0000000000
82358  -32.098  -18.483  49.385 0.0000000000
83950  -33.004  -17.504  49.477 0.0000000000
74863  -31.762  -23.005  52.666 0.0000000000
73434  -31.270  -23.324  51.021 0.0000000000
76404  -32.001  -22.145  51.371 0.0000000000
76415  -32.071  -21.741  50.625 0.0000000000
77872  -32.351  -20.864  51.509 0.0000000000
77871  -32.348  -20.966  50.815 0.0000000000
79434  -32.324  -20.453  50.276 0.0000000000
79433  -32.107  -19.904  49.757 0.0000000000
85779  -44.229  -16.774  38.064 0.0000000000
85810  -44.579  -16.218  37.527 0.0000000000
87294  -44.890  -15.819  37.068 0.0000000000
87315  -46.496  -15.802  36.529 0.0000000000
88723  -46.677  -15.077  36.029 0.0000000000
95791  -46.776  -10.027  35.717 0.0000000000
94438  -47.474  -10.647  34.655 0.0000000000
93025  -48.086  -11.461  34.416 0.0000000000
91536  -49.992  -13.097  34.827 0.0000000000
91537  -50.691  -12.935  34.932 0.0000000000
90086  -51.501  -13.533  35.552 0.0000000000
91556  -51.684  -12.208  34.348 0.0000000000
93041  -50.332  -11.188  33.525 0.0000000000
95816  -52.215  -10.648  32.667 0.0000000000
95830  -50.556  -9.414  31.925 0.0000000000
95841  -51.008  -9.392  31.166 0.0000000000
57935  -14.427  -34.628  65.610 0.0000000000
59309  -13.759  -34.191  65.685 0.0000000000
76545  -36.268  -22.327  44.517 0.0000000000
76546  -37.065  -22.582  44.128 0.0000000000
76547  -37.787  -22.520  43.803 0.0000000000
85666  -35.665  -16.294  43.754 0.0000000000
85689  -35.524  -16.573  42.727 0.0000000000
84097  -35.877  -17.427  42.102 0.0000000000
84119  -36.475  -17.400  41.603 0.0000000000
84120  -37.340  -17.570  41.475 0.0000000000
84122  -38.827  -17.615  41.483 0.0000000000
85713  -37.912  -16.967  41.357 0.0000000000
87208  -38.361  -16.398  41.118 0.0000000000
88627  -36.957  -15.048  40.484 0.0000000000
87224  -37.519  -15.718  40.637 0.0000000000
87225  -38.305  -15.928  40.385 0.0000000000
87242  -38.500  -15.853  39.792 0.0000000000
87243  -39.057  -16.037  39.340 0.0000000000
88652  -39.059  -14.952  38.814 0.0000000000
90007  -39.130  -13.844  38.634 0.0000000000
91459  -39.570  -12.683  38.750 0.0000000000
92950  -40.164  -12.067  39.096 0.0000000000
91460  -40.632  -12.273  38.790 0.0000000000
70482  -27.903  -27.303  53.054 0.0000000000
70455  -28.154  -27.666  53.807 0.0000000000
71929  -28.923  -27.593  54.917 0.0000000000
71930  -29.386  -27.462  55.358 0.0000000000
71947  -29.805  -27.410  55.060 0.0000000000
67182  -14.472  -28.381  64.457 0.0000000000
68704  -15.268  -27.224  64.506 0.0000000000
68730  -14.555  -27.947  64.145 0.0000000000
65567  -14.382  -28.921  64.026 0.0000000000
62285  -15.397  -31.921  62.538 0.0000000000
62302  -20.541  -31.821  62.113 0.0000000000
57874  -11.771  -34.119  69.806 0.0000000000
56575  -10.821  -35.457  70.835 0.0000000000
56565  -10.654  -34.980  71.670 0.0000000000
92968  -46.228  -11.370  37.830 0.0000000000
94413  -46.911  -10.114  37.029 0.0000000000
95768  -47.183  -9.747  36.817 0.0000000000
79503  -44.779  -21.321  45.895 0.0000000000
71755  -19.480  -25.456  64.708 0.0000000000
71777  -18.544  -25.643  64.249 0.0000000000
71794  -17.872  -25.693  63.476 0.0000000000
68757  -16.868  -26.578  62.340 0.0000000000
68804  -16.773  -28.038  60.346 0.0000000000
67240  -16.765  -29.053  59.683 0.0000000000
67232  -17.346  -28.233  59.409 0.0000000000
67241  -17.168  -28.882  59.332 0.0000000000
65641  -17.099  -29.618  59.527 0.0000000000
63955  -18.275  -30.857  59.960 0.0000000000
62333  -19.660  -31.676  60.292 0.0000000000
65675  -19.542  -29.326  57.557 0.0000000000
65659  -19.396  -29.760  58.130 0.0000000000
63973  -19.736  -30.579  58.706 0.0000000000
62349  -20.272  -31.268  59.288 0.0000000000
62348  -19.622  -31.311  59.505 0.0000000000
74924  -38.578  -23.945  49.377 0.0000000000
74923  -37.676  -24.030  49.245 0.0000000000
74943  -37.464  -24.454  48.418 0.0000000000
75001  -35.133  -23.726  46.059 0.0000000000
75002  -36.036  -24.436  46.299 0.0000000000
75033  -35.019  -23.070  45.145 0.0000000000
76518  -34.928  -22.554  44.855 0.0000000000
76544  -35.346  -22.465  44.649 0.0000000000
80950  -32.553  -19.287  47.477 0.0000000000
80951  -33.500  -19.216  46.913 0.0000000000
79496  -33.740  -20.061  46.180 0.0000000000
80932  -34.937  -18.473  47.984 0.0000000000
80971  -34.300  -19.599  46.463 0.0000000000
79521  -35.023  -20.545  45.404 0.0000000000
77985  -35.428  -21.086  44.857 0.0000000000
77986  -36.259  -21.290  44.898 0.0000000000
77961  -37.253  -20.442  46.237 0.0000000000
67295  -23.306  -28.830  55.181 0.0000000000
65709  -24.331  -29.804  55.357 0.0000000000
67310  -24.768  -28.358  53.855 0.0000000000
68915  -24.555  -27.502  53.817 0.0000000000
67328  -25.182  -27.974  53.610 0.0000000000
67329  -25.663  -27.953  53.599 0.0000000000
68931  -25.929  -27.625  53.391 0.0000000000
74787  -24.405  -23.355  54.903 0.0000000000
74812  -24.394  -23.576  54.571 0.0000000000
74837  -24.912  -23.025  53.450 0.0000000000
73391  -24.969  -23.895  53.168 0.0000000000
70481  -27.142  -27.265  53.011 0.0000000000
71965  -27.651  -26.736  52.604 0.0000000000
71983  -28.134  -26.309  52.191 0.0000000000
73412  -26.956  -24.438  51.451 0.0000000000
74859  -29.109  -22.397  51.886 0.0000000000
74901  -29.911  -23.347  50.314 0.0000000000
68964  -31.833  -27.457  50.470 0.0000000000
68965  -32.156  -27.497  50.546 0.0000000000
68983  -32.809  -27.685  50.211 0.0000000000
70544  -33.815  -27.497  50.299 0.0000000000
73455  -31.487  -24.590  48.823 0.0000000000
73464  -32.049  -25.369  48.450 0.0000000000
72031  -32.677  -25.810  48.276 0.0000000000
70545  -34.738  -26.978  49.937 0.0000000000
70546  -35.382  -26.216  49.839 0.0000000000
72016  -35.773  -25.527  49.731 0.0000000000
72034  -34.722  -25.156  48.298 0.0000000000
73458  -36.919  -24.924  49.574 0.0000000000
74903  -37.316  -24.479  49.874 0.0000000000
68886  -22.671  -26.634  55.665 0.0000000000
68899  -22.715  -27.833  55.327 0.0000000000
81117  -45.154  -19.953  40.398 0.0000000000
84189  -44.975  -17.416  38.242 0.0000000000
84163  -46.281  -18.472  39.136 0.0000000000
91521  -45.055  -13.351  36.486 0.0000000000
90069  -45.991  -14.020  36.023 0.0000000000
90082  -47.295  -13.613  35.239 0.0000000000
87326  -47.942  -15.259  35.655 0.0000000000
94525  -54.710  -10.712  29.831 0.0000000000
97197  -53.429  -8.281  27.506 0.0000000000
99717  -52.796  -6.429  27.786 0.0000000000
57921  -12.954  -35.075  66.354 0.0000000000
56624  -12.992  -35.760  67.500 0.0000000000
57906  -12.596  -35.106  67.282 0.0000000000
57897  -12.362  -34.854  67.961 0.0000000000
53861  -12.786  -37.586  70.097 0.0000000000
55299  -12.137  -37.365  69.921 0.0000000000
74971  -38.756  -24.902  47.920 0.0000000000
74974  -42.289  -24.817  47.328 0.0000000000
73562  -37.379  -24.446  44.469 0.0000000000
75007  -43.448  -24.009  46.359 0.0000000000
75036  -42.517  -23.754  44.991 0.0000000000
76491  -44.275  -22.871  46.254 0.0000000000
77966  -44.436  -21.953  45.553 0.0000000000
79545  -38.075  -20.412  44.488 0.0000000000
78035  -38.931  -21.217  42.486 0.0000000000
81027  -36.597  -19.087  43.782 0.0000000000
81055  -37.029  -19.470  43.323 0.0000000000
81081  -36.858  -19.094  42.693 0.0000000000
76572  -39.569  -21.700  42.501 0.0000000000
76574  -40.798  -22.102  42.830 0.0000000000
76559  -42.366  -21.904  43.562 0.0000000000
78027  -42.194  -21.308  43.261 0.0000000000
78013  -43.324  -21.503  44.295 0.0000000000
79547  -43.723  -20.616  44.692 0.0000000000
79524  -44.460  -20.717  45.465 0.0000000000
84100  -40.576  -17.883  42.038 0.0000000000
87192  -39.725  -16.929  41.258 0.0000000000
82529  -43.791  -19.287  41.338 0.0000000000
82545  -43.763  -19.220  40.403 0.0000000000
82543  -42.419  -18.675  40.079 0.0000000000
82564  -43.033  -18.578  39.455 0.0000000000
85775  -40.254  -16.439  38.665 0.0000000000
85776  -40.912  -16.649  38.149 0.0000000000
85777  -42.096  -16.413  38.020 0.0000000000
85808  -42.875  -15.767  37.792 0.0000000000
88702  -43.160  -14.314  37.727 0.0000000000
91489  -44.222  -13.196  38.042 0.0000000000
67283  -27.082  -29.639  55.567 0.0000000000
65683  -27.274  -29.889  57.142 0.0000000000
70410  -28.591  -28.012  55.054 0.0000000000
68872  -28.774  -28.216  56.823 0.0000000000
70387  -29.362  -27.726  57.072 0.0000000000
70362  -29.117  -28.040  57.346 0.0000000000
68855  -28.900  -28.607  58.079 0.0000000000
70436  -31.626  -26.922  55.271 0.0000000000
60750  -13.517  -32.828  65.090 0.0000000000
65526  -14.019  -28.932  66.190 0.0000000000
63894  -13.706  -30.451  64.546 0.0000000000
57937  -16.405  -34.724  65.306 0.0000000000
60823  -19.511  -32.700  62.330 0.0000000000
60796  -17.453  -33.468  62.710 0.0000000000
59360  -17.247  -33.801  63.279 0.0000000000
53831  -11.882  -37.973  70.974 0.0000000000
55261  -10.296  -35.127  71.879 0.0000000000
53837  -9.814  -37.136  70.526 0.0000000000
55284  -9.779  -36.530  70.735 0.0000000000
55272  -9.904  -36.260  71.045 0.0000000000
56563  -9.978  -35.469  71.694 0.0000000000
53828  -9.907  -36.843  70.618 0.0000000000
55262  -10.343  -35.303  71.696 0.0000000000
56627  -16.109  -35.926  67.203 0.0000000000
57908  -13.557  -35.453  66.546 0.0000000000
57920  -12.763  -35.105  66.805 0.0000000000
63960  -23.083  -31.342  60.428 0.0000000000
63970  -17.473  -29.953  59.497 0.0000000000
63978  -23.518  -31.404  59.693 0.0000000000
63989  -19.860  -30.124  58.151 0.0000000000
63992  -21.981  -30.931  58.567 0.0000000000
63993  -22.779  -31.190  58.676 0.0000000000
65580  -14.553  -28.687  63.670 0.0000000000
65658  -18.719  -29.344  58.237 0.0000000000
65660  -19.867  -29.854  57.789 0.0000000000
65674  -19.058  -29.213  57.799 0.0000000000
67197  -14.484  -28.264  63.882 0.0000000000
67198  -14.663  -28.297  63.396 0.0000000000
67222  -16.256  -27.745  61.328 0.0000000000
67230  -16.543  -28.756  60.280 0.0000000000
67266  -19.239  -28.646  57.624 0.0000000000
67269  -27.886  -29.288  56.977 0.0000000000
68682  -19.937  -25.269  65.558 0.0000000000
68703  -14.723  -27.741  64.532 0.0000000000
68734  -17.399  -25.927  64.453 0.0000000000
68755  -14.866  -27.840  63.123 0.0000000000
68779  -16.528  -27.993  60.681 0.0000000000
68780  -16.609  -27.373  60.877 0.0000000000
68846  -17.988  -27.959  58.810 0.0000000000
68889  -28.658  -27.925  56.296 0.0000000000
68917  -27.029  -28.167  53.829 0.0000000000
68982  -31.844  -27.504  50.054 0.0000000000
68984  -33.340  -27.575  49.787 0.0000000000
70203  -17.854  -25.511  65.482 0.0000000000
70225  -18.901  -25.549  64.632 0.0000000000
70246  -17.393  -26.039  63.370 0.0000000000
70268  -17.618  -25.759  62.970 0.0000000000
70269  -18.310  -25.666  62.527 0.0000000000
70293  -18.772  -25.518  62.638 0.0000000000
70294  -18.908  -25.516  62.429 0.0000000000
70406  -22.528  -27.165  55.466 0.0000000000
70407  -22.699  -27.125  55.291 0.0000000000
70429  -22.707  -27.393  55.311 0.0000000000
70432  -28.350  -27.955  54.429 0.0000000000
70456  -28.658  -27.652  54.376 0.0000000000
70543  -33.317  -27.524  50.736 0.0000000000
70558  -32.648  -27.100  49.001 0.0000000000
70578  -32.831  -26.559  48.623 0.0000000000
71737  -17.859  -25.436  65.890 0.0000000000
71754  -17.678  -25.504  65.775 0.0000000000
71778  -19.286  -25.558  64.170 0.0000000000
71779  -19.987  -25.457  63.892 0.0000000000
71795  -18.558  -25.607  63.665 0.0000000000
71796  -19.394  -25.478  63.473 0.0000000000
71814  -19.510  -25.432  62.745 0.0000000000
71815  -20.315  -25.381  62.800 0.0000000000
71829  -19.051  -25.492  62.638 0.0000000000
71830  -19.182  -25.454  62.438 0.0000000000
72010  -27.586  -24.489  50.764 0.0000000000
72017  -36.231  -25.399  50.247 0.0000000000
73349  -24.235  -23.700  54.916 0.0000000000
73371  -24.282  -23.750  54.676 0.0000000000
73392  -25.593  -23.682  52.465 0.0000000000
73393  -30.673  -24.137  52.886 0.0000000000
73484  -38.379  -24.896  47.029 0.0000000000
73504  -36.308  -24.422  45.696 0.0000000000
73533  -36.560  -24.436  45.385 0.0000000000
74786  -24.343  -23.547  54.812 0.0000000000
74814  -25.109  -22.354  53.813 0.0000000000
74879  -27.296  -23.206  50.991 0.0000000000
75004  -37.504  -24.731  47.136 0.0000000000
75005  -42.121  -24.672  45.191 0.0000000000
75069  -41.581  -24.120  43.820 0.0000000000
76361  -29.205  -21.832  52.114 0.0000000000
76402  -29.758  -22.802  50.656 0.0000000000
76413  -29.825  -22.968  50.493 0.0000000000
76414  -30.107  -22.973  50.490 0.0000000000
76490  -34.126  -22.477  45.597 0.0000000000
76543  -34.889  -22.248  44.724 0.0000000000
76549  -42.044  -22.916  43.762 0.0000000000
76573  -40.161  -21.949  42.589 0.0000000000
77889  -32.379  -21.099  49.838 0.0000000000
77911  -32.499  -21.000  48.704 0.0000000000
77935  -32.282  -20.642  48.244 0.0000000000
78007  -34.692  -21.956  44.753 0.0000000000
78008  -35.067  -21.817  44.624 0.0000000000
78026  -41.578  -21.200  42.908 0.0000000000
79411  -32.466  -20.571  51.917 0.0000000000
79498  -35.720  -20.088  45.927 0.0000000000
79522  -35.545  -20.562  45.320 0.0000000000
80880  -31.793  -19.045  50.928 0.0000000000
80893  -31.444  -18.861  49.930 0.0000000000
80894  -31.589  -19.187  50.361 0.0000000000
80895  -31.760  -19.724  50.983 0.0000000000
80914  -31.664  -19.449  49.254 0.0000000000
80930  -31.523  -18.989  48.918 0.0000000000
80931  -31.959  -19.336  48.351 0.0000000000
80970  -34.059  -19.398  46.568 0.0000000000
81080  -36.520  -18.853  42.761 0.0000000000
82336  -31.585  -18.721  50.076 0.0000000000
82337  -31.973  -18.308  50.163 0.0000000000
82357  -31.666  -18.665  49.722 0.0000000000
82375  -31.720  -18.719  49.258 0.0000000000
82376  -32.141  -18.663  48.741 0.0000000000
82398  -32.417  -18.723  48.007 0.0000000000
82479  -36.089  -18.508  43.566 0.0000000000
82500  -35.692  -17.994  42.906 0.0000000000
83927  -32.554  -17.754  49.965 0.0000000000
83949  -32.505  -17.960  49.447 0.0000000000
83967  -32.487  -18.155  48.919 0.0000000000
83968  -32.987  -17.688  48.801 0.0000000000
84054  -35.520  -17.346  43.737 0.0000000000
84072  -35.523  -17.653  43.340 0.0000000000
85688  -35.316  -17.203  43.017 0.0000000000
85714  -38.545  -17.318  41.428 0.0000000000
85727  -40.072  -17.145  40.272 0.0000000000
85829  -46.472  -16.312  36.915 0.0000000000
87211  -40.242  -17.038  41.063 0.0000000000
88700  -41.992  -14.510  38.202 0.0000000000
88704  -51.524  -15.204  37.007 0.0000000000
92951  -40.638  -11.692  39.305 0.0000000000
92998  -45.738  -12.005  36.228 0.0000000000
94455  -52.198  -11.311  33.613 0.0000000000
95780  -47.010  -9.686  36.301 0.0000000000
