#!ascii label  , from subject sub-01 vox2ras=TkReg
1440
123542  -52.689  13.591  11.385 0.0000000000
145014  -44.532  37.763  21.744 0.0000000000
133122  -45.754  23.683  20.898 0.0000000000
135015  -50.555  25.438  14.462 0.0000000000
141733  -46.747  33.733  18.912 0.0000000000
138232  -53.049  29.804  22.629 0.0000000000
137455  -52.411  29.263  17.070 0.0000000000
134170  -45.470  24.029  10.972 0.0000000000
127608  -56.459  18.045  25.761 0.0000000000
125490  -54.294  15.585  19.550 0.0000000000
145090  -38.787  37.548  16.550 0.0000000000
146643  -44.091  40.102  18.055 0.0000000000
142666  -45.085  34.647  13.232 0.0000000000
126658  -49.262  16.683  15.151 0.0000000000
137416  -47.579  29.006  20.714 0.0000000000
134082  -52.329  23.970  18.882 0.0000000000
130568  -51.971  20.199  12.028 0.0000000000
128766  -46.738  19.260  10.588 0.0000000000
127754  -44.009  17.756  14.859 0.0000000000
125614  -52.049  15.325  8.135 0.0000000000
143472  -50.570  35.519  17.086 0.0000000000
141746  -52.751  33.251  18.276 0.0000000000
139972  -51.224  31.965  17.461 0.0000000000
136646  -48.655  27.597  16.778 0.0000000000
127679  -56.041  17.497  22.786 0.0000000000
128648  -53.146  17.859  23.504 0.0000000000
145074  -34.065  36.940  16.885 0.0000000000
144303  -41.797  36.112  14.897 0.0000000000
127713  -48.236  17.023  18.984 0.0000000000
130496  -47.391  20.617  17.520 0.0000000000
142601  -42.381  35.362  20.295 0.0000000000
140775  -46.408  33.028  22.474 0.0000000000
135823  -54.005  26.714  17.544 0.0000000000
134924  -54.560  26.484  22.336 0.0000000000
134094  -52.856  24.376  17.493 0.0000000000
131375  -52.081  21.425  15.180 0.0000000000
132287  -49.791  21.937  14.670 0.0000000000
130565  -48.883  19.980  11.795 0.0000000000
132297  -47.507  22.609  12.717 0.0000000000
130545  -43.276  20.796  12.315 0.0000000000
145036  -46.591  36.985  20.872 0.0000000000
141679  -49.231  33.944  23.658 0.0000000000
140816  -49.604  31.795  20.972 0.0000000000
139112  -53.897  29.971  18.500 0.0000000000
137493  -53.197  28.214  13.622 0.0000000000
134164  -49.078  25.301  10.952 0.0000000000
135859  -49.078  26.263  12.537 0.0000000000
133169  -46.205  23.994  14.616 0.0000000000
126590  -58.209  16.257  21.385 0.0000000000
125524  -56.085  15.493  17.847 0.0000000000
124478  -53.718  14.274  16.069 0.0000000000
143451  -32.887  35.626  20.059 0.0000000000
145044  -36.692  37.208  19.329 0.0000000000
146614  -39.706  39.121  20.498 0.0000000000
147366  -43.684  40.549  20.472 0.0000000000
142611  -42.739  35.869  19.042 0.0000000000
142638  -45.710  34.517  16.454 0.0000000000
142669  -48.587  35.298  13.755 0.0000000000
142697  -48.906  34.434  11.114 0.0000000000
126582  -51.008  16.335  21.377 0.0000000000
124462  -50.737  14.488  17.230 0.0000000000
124528  -50.776  15.272  12.963 0.0000000000
135756  -48.203  26.091  23.945 0.0000000000
138230  -51.113  29.847  22.541 0.0000000000
134913  -51.494  25.808  23.468 0.0000000000
134970  -49.255  24.777  19.112 0.0000000000
131365  -50.383  20.960  16.641 0.0000000000
129655  -51.942  19.147  13.492 0.0000000000
127801  -52.269  17.969  10.104 0.0000000000
129732  -50.178  18.867  7.702 0.0000000000
127799  -48.535  17.924  9.982 0.0000000000
126676  -48.106  16.791  12.441 0.0000000000
131420  -45.636  21.712  10.805 0.0000000000
128740  -45.085  19.185  12.337 0.0000000000
126655  -46.741  16.409  15.219 0.0000000000
123517  -54.229  13.527  13.077 0.0000000000
123543  -53.680  13.530  11.202 0.0000000000
124549  -52.527  14.414  9.904 0.0000000000
143495  -50.749  35.402  15.620 0.0000000000
141762  -51.386  33.821  16.574 0.0000000000
140838  -50.390  32.679  16.770 0.0000000000
139135  -49.311  30.901  17.528 0.0000000000
132238  -47.003  22.909  19.080 0.0000000000
159320  -43.263  36.289  20.863 0.0000000000
135836  -52.625  26.524  15.636 0.0000000000
135822  -53.702  26.138  17.442 0.0000000000
134107  -50.792  24.800  15.939 0.0000000000
132267  -50.445  23.036  16.003 0.0000000000
133172  -49.546  23.592  15.506 0.0000000000
132286  -48.975  22.284  14.249 0.0000000000
133201  -48.760  24.070  13.494 0.0000000000
142604  -46.185  34.723  19.732 0.0000000000
141700  -47.841  34.108  21.317 0.0000000000
140814  -48.092  32.697  19.928 0.0000000000
139974  -53.240  31.892  17.790 0.0000000000
139959  -53.324  32.025  18.201 0.0000000000
138306  -53.735  29.925  17.073 0.0000000000
138325  -54.074  29.361  16.870 0.0000000000
137483  -52.617  28.408  14.805 0.0000000000
136675  -51.180  27.328  12.881 0.0000000000
136657  -51.201  27.441  15.124 0.0000000000
135002  -47.990  26.024  15.530 0.0000000000
126586  -55.084  16.607  21.444 0.0000000000
126604  -55.892  16.482  20.554 0.0000000000
125491  -55.150  15.780  19.261 0.0000000000
124466  -55.026  15.191  17.206 0.0000000000
124451  -53.930  15.049  18.109 0.0000000000
144281  -36.258  36.596  16.439 0.0000000000
145065  -35.120  36.745  17.972 0.0000000000
145067  -37.147  37.014  17.575 0.0000000000
145831  -38.282  38.296  20.189 0.0000000000
145856  -39.173  38.354  18.390 0.0000000000
148745  -44.179  42.307  19.432 0.0000000000
148062  -43.596  41.571  20.361 0.0000000000
147378  -43.720  40.628  19.123 0.0000000000
159344  -43.239  38.811  19.727 0.0000000000
145858  -42.686  38.309  18.508 0.0000000000
143510  -43.271  35.095  13.508 0.0000000000
142646  -43.854  34.487  15.743 0.0000000000
142657  -45.536  34.643  14.380 0.0000000000
142649  -47.007  35.212  15.290 0.0000000000
142668  -47.445  34.927  13.596 0.0000000000
142679  -48.289  34.843  12.763 0.0000000000
142678  -47.142  34.579  12.551 0.0000000000
127633  -46.582  17.459  24.393 0.0000000000
128619  -47.612  18.106  25.644 0.0000000000
127636  -49.082  17.658  24.209 0.0000000000
127652  -50.384  17.313  23.153 0.0000000000
127673  -49.799  17.005  22.092 0.0000000000
126649  -48.530  16.426  16.611 0.0000000000
124446  -49.469  15.131  17.937 0.0000000000
125536  -49.515  15.366  15.903 0.0000000000
124504  -51.102  14.276  14.849 0.0000000000
125567  -49.930  16.051  13.639 0.0000000000
137414  -45.596  28.586  20.720 0.0000000000
136574  -46.585  26.909  22.803 0.0000000000
136575  -47.883  26.772  23.184 0.0000000000
139905  -51.391  31.832  23.244 0.0000000000
139904  -50.324  32.143  23.122 0.0000000000
139052  -52.334  30.753  23.705 0.0000000000
134950  -53.665  25.513  20.870 0.0000000000
134914  -52.631  26.163  23.352 0.0000000000
134932  -51.905  25.820  21.808 0.0000000000
134931  -50.758  25.649  21.845 0.0000000000
134067  -50.707  25.051  19.157 0.0000000000
132246  -49.968  22.793  17.974 0.0000000000
132259  -51.565  22.053  17.666 0.0000000000
130537  -51.925  20.602  13.561 0.0000000000
130529  -52.253  20.261  14.520 0.0000000000
129667  -52.579  19.584  12.950 0.0000000000
128756  -51.923  18.423  11.484 0.0000000000
128770  -52.414  18.840  10.765 0.0000000000
128795  -51.854  18.448  8.508 0.0000000000
129697  -51.064  19.765  10.189 0.0000000000
129676  -47.780  19.888  10.948 0.0000000000
129710  -48.613  19.104  9.860 0.0000000000
127798  -47.948  18.445  10.347 0.0000000000
127785  -48.678  17.196  11.308 0.0000000000
128755  -47.061  18.209  11.511 0.0000000000
134162  -46.993  24.352  10.722 0.0000000000
133224  -47.136  23.772  10.842 0.0000000000
132325  -45.282  22.829  10.472 0.0000000000
129653  -43.670  19.636  13.063 0.0000000000
129654  -44.314  19.219  12.831 0.0000000000
128722  -45.155  18.163  13.810 0.0000000000
127763  -45.993  17.627  13.696 0.0000000000
127746  -45.268  17.306  15.165 0.0000000000
126647  -45.951  16.170  16.134 0.0000000000
124495  -57.335  14.698  15.330 0.0000000000
124582  -51.042  14.817  7.928 0.0000000000
141753  -48.418  33.954  17.548 0.0000000000
140831  -49.267  32.976  18.433 0.0000000000
142616  -51.089  34.531  18.039 0.0000000000
139973  -52.338  31.990  17.582 0.0000000000
139137  -51.655  30.999  17.839 0.0000000000
137468  -50.834  28.125  16.944 0.0000000000
137453  -50.296  28.944  17.531 0.0000000000
128652  -56.657  18.357  24.097 0.0000000000
128626  -55.265  19.130  25.420 0.0000000000
126585  -53.857  16.370  21.545 0.0000000000
145103  -37.428  37.471  14.748 0.0000000000
145877  -42.700  38.207  16.334 0.0000000000
142675  -43.841  34.876  11.881 0.0000000000
142686  -45.623  34.547  11.170 0.0000000000
127704  -47.855  17.724  20.381 0.0000000000
128700  -47.498  18.510  17.619 0.0000000000
128709  -48.475  18.329  16.141 0.0000000000
139944  -46.561  31.314  20.916 0.0000000000
136613  -53.955  27.897  20.786 0.0000000000
136579  -54.389  28.438  22.986 0.0000000000
135800  -54.511  26.372  19.833 0.0000000000
134973  -54.523  24.949  18.947 0.0000000000
133150  -53.162  23.717  18.189 0.0000000000
131344  -52.619  22.320  17.447 0.0000000000
132269  -52.112  22.553  16.378 0.0000000000
131374  -51.448  21.526  15.122 0.0000000000
130526  -50.809  20.580  13.987 0.0000000000
129664  -50.299  20.019  11.884 0.0000000000
130534  -49.266  20.474  13.212 0.0000000000
131409  -47.973  21.016  12.701 0.0000000000
130563  -47.251  20.475  11.258 0.0000000000
132318  -43.907  22.518  11.221 0.0000000000
133098  -46.125  23.493  23.310 0.0000000000
145792  -46.661  38.696  21.948 0.0000000000
143430  -46.787  35.802  22.596 0.0000000000
143442  -48.068  36.134  22.139 0.0000000000
141702  -49.659  33.662  22.439 0.0000000000
139948  -51.423  30.995  21.464 0.0000000000
140827  -51.246  32.208  19.080 0.0000000000
139109  -51.784  31.163  19.730 0.0000000000
138274  -52.677  29.528  19.742 0.0000000000
137438  -54.043  28.520  18.250 0.0000000000
136659  -53.807  27.705  15.335 0.0000000000
135854  -51.839  26.455  13.583 0.0000000000
135030  -50.565  25.574  12.307 0.0000000000
135047  -50.834  26.423  11.563 0.0000000000
135882  -48.909  25.896  11.134 0.0000000000
135027  -47.706  25.298  11.951 0.0000000000
135844  -48.899  26.414  14.750 0.0000000000
135020  -47.911  25.084  13.264 0.0000000000
127695  -57.485  17.353  22.210 0.0000000000
126634  -57.605  16.246  19.252 0.0000000000
125540  -57.413  15.399  16.771 0.0000000000
124480  -56.771  14.987  16.149 0.0000000000
124493  -54.965  14.344  15.132 0.0000000000
123516  -53.209  13.493  13.259 0.0000000000
142595  -34.944  34.716  19.929 0.0000000000
144259  -34.958  36.246  19.468 0.0000000000
142597  -36.799  34.881  19.524 0.0000000000
144263  -38.946  36.836  19.900 0.0000000000
145047  -40.160  37.728  20.146 0.0000000000
159333  -42.244  38.577  21.129 0.0000000000
146654  -40.668  39.268  17.690 0.0000000000
147375  -40.924  40.408  19.155 0.0000000000
147353  -42.454  40.417  21.381 0.0000000000
146586  -44.138  38.868  21.143 0.0000000000
145805  -45.130  38.476  21.017 0.0000000000
143464  -44.136  36.417  19.580 0.0000000000
142613  -45.146  34.662  18.895 0.0000000000
143478  -41.709  35.852  17.190 0.0000000000
142636  -43.483  34.496  16.987 0.0000000000
142626  -46.397  34.389  17.300 0.0000000000
142640  -47.877  35.158  16.582 0.0000000000
143493  -48.976  36.089  15.490 0.0000000000
142681  -49.982  34.610  13.078 0.0000000000
142690  -49.568  34.386  12.366 0.0000000000
142696  -47.852  34.256  10.680 0.0000000000
127676  -52.462  16.858  22.544 0.0000000000
126601  -52.335  16.057  20.860 0.0000000000
126616  -49.599  16.159  19.881 0.0000000000
125487  -51.335  15.481  19.618 0.0000000000
124449  -52.366  14.651  18.158 0.0000000000
124477  -52.446  13.995  16.503 0.0000000000
123514  -51.890  13.781  14.098 0.0000000000
123527  -51.655  14.263  11.982 0.0000000000
134036  -47.360  24.329  22.370 0.0000000000
141688  -47.323  33.837  23.157 0.0000000000
139929  -48.778  31.585  22.135 0.0000000000
138242  -48.938  29.545  21.366 0.0000000000
137363  -53.445  27.968  24.364 0.0000000000
136578  -51.366  28.092  22.890 0.0000000000
136576  -49.196  27.264  22.807 0.0000000000
135757  -49.462  26.013  23.922 0.0000000000
134929  -48.783  25.096  21.871 0.0000000000
134958  -47.893  25.221  20.183 0.0000000000
132245  -48.716  22.773  18.050 0.0000000000
131364  -49.156  21.025  16.562 0.0000000000
130517  -49.917  19.637  15.570 0.0000000000
130508  -51.904  20.732  16.001 0.0000000000
129641  -51.334  19.814  15.109 0.0000000000
127759  -50.449  17.780  13.659 0.0000000000
127775  -50.988  17.538  12.516 0.0000000000
125574  -51.249  15.722  11.826 0.0000000000
124548  -52.101  14.838  10.771 0.0000000000
125599  -51.957  15.877  9.102 0.0000000000
127833  -51.025  17.264  7.688 0.0000000000
127822  -50.455  17.405  7.951 0.0000000000
129711  -49.377  19.178  9.414 0.0000000000
128783  -49.273  18.488  8.811 0.0000000000
126705  -49.843  16.215  9.088 0.0000000000
126685  -49.341  16.200  10.528 0.0000000000
126677  -48.576  16.279  12.173 0.0000000000
133215  -48.111  23.763  11.891 0.0000000000
132309  -46.791  22.454  11.671 0.0000000000
130562  -46.254  20.459  11.012 0.0000000000
130560  -44.529  21.116  10.696 0.0000000000
129674  -45.368  19.679  11.319 0.0000000000
128753  -45.851  19.313  11.388 0.0000000000
128733  -46.365  17.998  12.856 0.0000000000
126662  -46.988  16.700  13.871 0.0000000000
123529  -53.395  13.526  12.233 0.0000000000
123557  -53.004  13.726  10.503 0.0000000000
123556  -52.303  13.984  10.698 0.0000000000
141766  -50.583  34.049  15.693 0.0000000000
141767  -51.068  33.989  15.992 0.0000000000
140850  -49.829  32.934  16.285 0.0000000000
132237  -46.419  22.466  19.422 0.0000000000
133130  -46.748  23.444  19.331 0.0000000000
159323  -43.598  36.943  21.190 0.0000000000
144239  -43.923  36.279  21.365 0.0000000000
144241  -45.153  36.649  22.122 0.0000000000
135016  -51.228  26.058  14.619 0.0000000000
135004  -51.621  25.916  15.827 0.0000000000
135003  -50.816  25.422  15.258 0.0000000000
134123  -50.107  24.744  15.236 0.0000000000
134122  -49.521  24.443  14.703 0.0000000000
133187  -48.970  23.943  14.431 0.0000000000
134134  -49.470  24.651  13.661 0.0000000000
141719  -46.835  33.752  19.881 0.0000000000
141734  -47.659  33.198  19.262 0.0000000000
139138  -52.756  30.942  17.776 0.0000000000
139139  -53.483  30.708  17.493 0.0000000000
138305  -53.097  29.967  17.080 0.0000000000
138323  -53.566  29.475  16.635 0.0000000000
137475  -52.495  28.474  15.689 0.0000000000
136667  -51.915  28.000  14.324 0.0000000000
136649  -51.913  28.234  15.876 0.0000000000
127624  -56.821  17.813  25.242 0.0000000000
126603  -54.564  16.041  20.489 0.0000000000
126618  -54.872  15.889  19.774 0.0000000000
125522  -54.321  15.256  18.147 0.0000000000
125507  -53.784  15.362  18.685 0.0000000000
145075  -37.630  37.092  16.360 0.0000000000
145076  -38.209  37.437  16.950 0.0000000000
145068  -38.213  38.028  18.031 0.0000000000
145069  -38.869  38.176  17.707 0.0000000000
147393  -45.218  41.552  17.978 0.0000000000
148759  -44.842  42.131  18.595 0.0000000000
147392  -44.497  41.090  18.186 0.0000000000
147379  -44.144  41.346  19.533 0.0000000000
147391  -43.920  40.419  18.459 0.0000000000
145846  -42.909  39.162  18.618 0.0000000000
145859  -42.996  39.037  17.929 0.0000000000
142656  -44.111  34.657  14.317 0.0000000000
142658  -46.676  34.901  14.458 0.0000000000
142667  -46.292  34.616  13.435 0.0000000000
142677  -45.928  34.493  12.307 0.0000000000
127647  -45.945  17.527  23.474 0.0000000000
127649  -47.534  17.329  23.389 0.0000000000
127635  -48.137  17.401  24.234 0.0000000000
127650  -48.416  17.195  23.313 0.0000000000
127651  -49.378  17.317  23.177 0.0000000000
126657  -48.814  16.612  15.770 0.0000000000
125535  -48.881  15.779  16.194 0.0000000000
125549  -49.198  16.045  15.611 0.0000000000
125551  -50.064  15.288  14.722 0.0000000000
126664  -49.597  16.680  14.535 0.0000000000
138258  -46.806  29.724  20.655 0.0000000000
137415  -46.624  28.741  20.634 0.0000000000
137400  -46.391  27.866  21.172 0.0000000000
137401  -47.430  28.080  21.198 0.0000000000
139933  -52.360  30.993  22.678 0.0000000000
139883  -52.314  31.222  23.650 0.0000000000
139074  -53.243  30.001  23.101 0.0000000000
134069  -52.871  24.459  19.516 0.0000000000
134949  -52.721  25.723  20.825 0.0000000000
134962  -52.351  25.348  19.957 0.0000000000
134961  -51.196  25.533  19.917 0.0000000000
134068  -51.806  24.701  19.384 0.0000000000
134081  -51.262  24.212  18.667 0.0000000000
133141  -51.747  23.287  18.514 0.0000000000
130550  -51.666  20.483  12.646 0.0000000000
130551  -52.417  20.274  12.761 0.0000000000
129681  -52.196  19.601  11.749 0.0000000000
129680  -51.554  19.746  11.302 0.0000000000
129698  -51.937  19.286  10.261 0.0000000000
129693  -47.139  19.677  10.611 0.0000000000
129694  -48.008  19.372  10.376 0.0000000000
128767  -47.256  18.791  10.451 0.0000000000
134171  -45.881  24.194  10.326 0.0000000000
134172  -46.331  24.059  10.143 0.0000000000
133230  -45.006  23.449  10.692 0.0000000000
128721  -44.152  18.554  13.982 0.0000000000
127755  -44.761  17.754  14.601 0.0000000000
126653  -45.047  17.023  15.716 0.0000000000
127745  -44.525  17.342  15.529 0.0000000000
124507  -55.877  14.294  14.180 0.0000000000
124584  -52.135  14.548  7.976 0.0000000000
125625  -51.767  15.368  7.939 0.0000000000
143471  -49.584  35.461  17.149 0.0000000000
142630  -50.353  34.667  17.661 0.0000000000
142631  -51.468  34.988  17.548 0.0000000000
140852  -51.259  33.240  16.954 0.0000000000
140840  -51.816  33.041  17.401 0.0000000000
138303  -50.947  29.940  17.818 0.0000000000
139136  -50.476  30.938  17.575 0.0000000000
138301  -48.720  29.813  17.592 0.0000000000
129567  -54.583  19.788  26.096 0.0000000000
126568  -54.283  16.991  22.349 0.0000000000
126549  -53.532  17.082  22.821 0.0000000000
145101  -35.662  37.478  14.549 0.0000000000
143517  -42.710  35.687  13.058 0.0000000000
142684  -43.879  35.249  11.411 0.0000000000
143536  -43.583  36.017  10.918 0.0000000000
130495  -46.905  20.341  18.056 0.0000000000
129615  -46.831  19.916  18.414 0.0000000000
129623  -47.146  19.504  17.850 0.0000000000
128708  -47.976  18.481  16.760 0.0000000000
129629  -47.667  19.341  16.874 0.0000000000
142600  -40.660  34.760  19.620 0.0000000000
140795  -46.677  32.331  22.098 0.0000000000
136621  -54.259  27.352  18.940 0.0000000000
136614  -54.245  27.396  20.109 0.0000000000
134988  -53.299  25.392  17.416 0.0000000000
134972  -53.974  25.258  18.143 0.0000000000
134095  -53.399  24.308  18.075 0.0000000000
134083  -54.011  24.330  18.767 0.0000000000
133149  -52.847  23.417  17.693 0.0000000000
133148  -52.479  23.684  17.296 0.0000000000
132277  -50.060  22.440  15.434 0.0000000000
132278  -50.992  22.233  15.624 0.0000000000
132288  -50.601  21.664  14.994 0.0000000000
131385  -51.066  20.971  14.562 0.0000000000
131384  -50.172  21.049  14.296 0.0000000000
130535  -50.191  20.490  13.378 0.0000000000
131396  -49.497  20.846  13.793 0.0000000000
132298  -48.065  22.465  13.602 0.0000000000
131395  -48.615  21.258  13.510 0.0000000000
131394  -47.632  21.691  13.036 0.0000000000
130546  -47.788  20.577  12.116 0.0000000000
131408  -47.328  21.236  12.179 0.0000000000
145807  -47.044  38.172  21.611 0.0000000000
145017  -47.531  37.860  22.289 0.0000000000
144243  -47.941  36.761  21.772 0.0000000000
140797  -49.088  32.732  21.494 0.0000000000
140798  -50.055  32.586  22.060 0.0000000000
139931  -51.149  31.577  22.136 0.0000000000
139930  -50.430  31.721  21.601 0.0000000000
140833  -51.008  33.030  18.647 0.0000000000
140832  -49.933  33.003  18.607 0.0000000000
140834  -52.062  32.903  18.622 0.0000000000
139111  -53.319  30.601  18.653 0.0000000000
139953  -52.724  31.638  18.776 0.0000000000
138273  -51.904  29.879  20.395 0.0000000000
138275  -53.524  29.452  18.947 0.0000000000
137437  -53.731  28.746  18.838 0.0000000000
138285  -53.970  29.421  18.325 0.0000000000
137477  -53.874  28.499  15.324 0.0000000000
137472  -54.067  28.761  16.550 0.0000000000
137485  -53.774  28.121  14.325 0.0000000000
135856  -53.200  27.091  14.137 0.0000000000
135863  -52.705  26.953  13.037 0.0000000000
135862  -51.906  26.563  12.505 0.0000000000
136687  -52.332  27.279  12.524 0.0000000000
135861  -50.573  26.921  12.778 0.0000000000
135872  -50.415  26.808  12.042 0.0000000000
135036  -48.446  25.626  11.400 0.0000000000
136647  -50.110  27.494  16.010 0.0000000000
135834  -49.799  27.164  15.324 0.0000000000
135833  -49.228  26.940  15.648 0.0000000000
134120  -47.007  24.432  14.677 0.0000000000
135013  -48.036  25.460  14.768 0.0000000000
127658  -56.414  18.005  23.346 0.0000000000
127680  -57.013  17.537  22.660 0.0000000000
126570  -56.648  17.251  22.156 0.0000000000
126620  -56.761  16.270  19.606 0.0000000000
126633  -57.258  16.189  18.969 0.0000000000
125511  -57.801  15.929  18.586 0.0000000000
125525  -57.122  15.606  17.708 0.0000000000
125539  -56.394  15.368  16.996 0.0000000000
124492  -53.938  13.975  14.805 0.0000000000
124505  -53.946  13.753  14.238 0.0000000000
123505  -53.270  13.635  14.227 0.0000000000
144248  -31.763  36.120  20.131 0.0000000000
142580  -32.176  34.693  20.889 0.0000000000
143446  -33.021  35.096  20.075 0.0000000000
142582  -33.780  34.264  20.361 0.0000000000
142594  -34.080  34.789  19.881 0.0000000000
145062  -32.237  37.837  17.188 0.0000000000
145063  -33.261  37.084  17.515 0.0000000000
145043  -36.055  37.105  19.156 0.0000000000
144269  -34.790  36.540  18.990 0.0000000000
144260  -35.852  36.613  19.477 0.0000000000
143455  -36.354  35.794  19.655 0.0000000000
144261  -36.931  36.697  19.525 0.0000000000
143456  -37.379  35.838  19.480 0.0000000000
144262  -37.906  36.801  19.720 0.0000000000
145832  -39.063  38.780  20.006 0.0000000000
145032  -38.904  38.145  20.308 0.0000000000
145034  -40.613  38.432  20.599 0.0000000000
145820  -41.261  38.565  20.856 0.0000000000
145803  -40.978  39.331  21.101 0.0000000000
147388  -41.020  40.045  18.564 0.0000000000
147389  -41.713  40.327  18.350 0.0000000000
148060  -42.553  41.269  20.669 0.0000000000
147354  -43.229  40.464  21.416 0.0000000000
159339  -42.759  39.626  21.495 0.0000000000
147355  -43.584  40.000  21.335 0.0000000000
146603  -45.114  38.637  21.216 0.0000000000
159343  -43.779  39.158  20.642 0.0000000000
159335  -43.030  37.264  19.337 0.0000000000
159328  -44.372  37.072  20.083 0.0000000000
159325  -43.695  36.438  19.497 0.0000000000
142612  -44.293  35.699  19.351 0.0000000000
145092  -42.261  37.547  15.713 0.0000000000
145079  -42.082  37.382  16.890 0.0000000000
144295  -41.680  36.348  15.891 0.0000000000
142647  -45.004  34.349  15.467 0.0000000000
142637  -44.588  34.320  16.726 0.0000000000
142625  -45.311  34.281  17.657 0.0000000000
142627  -47.308  34.560  16.951 0.0000000000
142639  -46.895  35.000  16.223 0.0000000000
142659  -47.737  35.321  14.612 0.0000000000
143502  -48.006  35.426  15.137 0.0000000000
143504  -49.179  35.808  14.749 0.0000000000
143505  -49.908  35.998  14.523 0.0000000000
143513  -50.040  35.506  13.886 0.0000000000
143519  -49.710  35.354  13.516 0.0000000000
142689  -49.042  34.627  12.055 0.0000000000
141802  -49.673  33.754  11.855 0.0000000000
142698  -49.612  34.260  11.452 0.0000000000
142687  -46.845  34.274  11.444 0.0000000000
128636  -50.315  18.007  24.681 0.0000000000
127674  -50.911  16.892  22.532 0.0000000000
127653  -51.395  17.352  23.170 0.0000000000
126565  -51.443  16.458  22.040 0.0000000000
126566  -52.246  16.699  22.024 0.0000000000
126600  -51.438  16.038  20.854 0.0000000000
127705  -48.368  17.039  19.988 0.0000000000
126597  -49.097  16.559  20.378 0.0000000000
126615  -48.864  16.501  19.531 0.0000000000
124447  -50.237  14.942  18.037 0.0000000000
124448  -51.286  14.728  18.116 0.0000000000
125505  -51.806  15.171  18.851 0.0000000000
124463  -51.870  14.384  17.295 0.0000000000
124464  -53.007  14.496  17.263 0.0000000000
124503  -50.634  14.810  14.355 0.0000000000
123503  -51.716  13.840  14.655 0.0000000000
124516  -51.339  14.275  13.893 0.0000000000
124530  -51.767  14.028  13.274 0.0000000000
124529  -51.204  14.660  12.617 0.0000000000
135775  -47.520  26.307  23.799 0.0000000000
134031  -47.262  24.411  23.746 0.0000000000
143421  -48.094  34.912  23.101 0.0000000000
142563  -47.460  34.868  22.899 0.0000000000
141678  -48.390  33.822  23.497 0.0000000000
139089  -50.722  30.537  22.725 0.0000000000
139069  -49.737  31.468  22.541 0.0000000000
139088  -50.040  30.627  22.376 0.0000000000
139087  -49.078  30.648  21.659 0.0000000000
137404  -50.418  29.421  21.930 0.0000000000
135777  -54.490  26.926  22.908 0.0000000000
137365  -54.409  28.472  24.096 0.0000000000
135737  -54.221  27.419  24.168 0.0000000000
135759  -52.025  26.591  23.657 0.0000000000
136557  -51.396  27.212  23.427 0.0000000000
136577  -50.457  27.532  22.811 0.0000000000
135758  -50.741  26.236  23.756 0.0000000000
136556  -50.013  26.736  23.439 0.0000000000
134960  -50.050  25.647  19.855 0.0000000000
134930  -49.737  25.452  21.830 0.0000000000
134946  -49.397  25.505  20.877 0.0000000000
134928  -48.201  25.180  21.461 0.0000000000
134065  -48.177  24.692  19.467 0.0000000000
134078  -47.662  24.203  18.889 0.0000000000
134079  -48.736  24.369  18.716 0.0000000000
132258  -50.498  22.116  17.596 0.0000000000
131353  -49.824  21.546  17.101 0.0000000000
130506  -49.682  20.190  16.094 0.0000000000
130518  -50.675  19.937  15.606 0.0000000000
132270  -52.466  22.214  16.659 0.0000000000
131367  -52.304  21.423  16.352 0.0000000000
131376  -52.330  21.152  15.520 0.0000000000
129656  -52.425  19.699  14.075 0.0000000000
129649  -51.960  19.921  14.817 0.0000000000
128726  -51.388  18.922  13.878 0.0000000000
129647  -50.714  19.039  14.471 0.0000000000
128735  -51.333  18.687  13.483 0.0000000000
127767  -50.581  17.449  13.125 0.0000000000
128744  -50.959  18.001  12.845 0.0000000000
127787  -51.766  17.704  10.949 0.0000000000
127776  -51.391  17.658  11.806 0.0000000000
126686  -51.461  16.740  11.337 0.0000000000
125582  -51.696  15.792  10.965 0.0000000000
126693  -51.738  16.840  10.378 0.0000000000
125588  -52.002  15.697  9.908 0.0000000000
126706  -51.984  16.963  9.340 0.0000000000
129734  -51.004  18.368  7.968 0.0000000000
128805  -51.273  17.981  8.164 0.0000000000
128804  -50.783  18.031  7.754 0.0000000000
127823  -50.833  16.888  7.700 0.0000000000
129678  -49.591  19.721  11.312 0.0000000000
129696  -50.009  19.589  10.284 0.0000000000
129695  -49.031  19.432  10.363 0.0000000000
128782  -48.808  18.608  9.528 0.0000000000
127812  -48.963  18.117  9.249 0.0000000000
127813  -49.493  17.376  8.980 0.0000000000
127800  -49.222  17.028  10.250 0.0000000000
126692  -49.502  16.285  9.721 0.0000000000
127774  -48.199  16.880  12.012 0.0000000000
126670  -48.521  15.861  12.823 0.0000000000
126669  -47.937  16.476  13.235 0.0000000000
135029  -49.840  25.225  11.797 0.0000000000
134145  -49.035  24.492  12.416 0.0000000000
134156  -48.517  24.315  11.560 0.0000000000
131434  -45.953  22.270  10.758 0.0000000000
132320  -46.980  23.180  11.453 0.0000000000
131421  -46.234  21.693  11.230 0.0000000000
131418  -43.462  21.740  11.558 0.0000000000
130559  -43.769  20.963  11.258 0.0000000000
128731  -44.855  18.823  12.928 0.0000000000
129662  -44.600  19.509  12.174 0.0000000000
129663  -45.207  19.398  12.028 0.0000000000
128741  -45.588  18.919  12.044 0.0000000000
128742  -46.413  18.114  12.261 0.0000000000
128732  -45.899  18.232  13.125 0.0000000000
127757  -46.312  17.163  14.204 0.0000000000
126663  -47.375  16.055  14.314 0.0000000000
124518  -54.893  13.667  13.323 0.0000000000
123530  -54.430  13.562  12.016 0.0000000000
123558  -53.858  13.643  10.173 0.0000000000
143484  -50.605  35.789  16.313 0.0000000000
143473  -51.121  35.390  16.810 0.0000000000
142642  -51.429  34.803  16.659 0.0000000000
140839  -50.916  32.714  17.103 0.0000000000
139971  -50.002  32.052  17.185 0.0000000000
131341  -46.720  21.387  18.871 0.0000000000
131342  -47.193  21.480  18.276 0.0000000000
143438  -43.342  35.319  21.254 0.0000000000
142561  -45.274  34.405  22.392 0.0000000000
135838  -53.784  26.768  16.988 0.0000000000
135837  -53.374  26.684  16.402 0.0000000000
135005  -52.566  25.915  16.462 0.0000000000
134108  -51.453  24.653  16.632 0.0000000000
133157  -50.830  23.790  16.383 0.0000000000
133156  -50.204  23.642  16.048 0.0000000000
132276  -49.328  22.594  15.073 0.0000000000
133171  -48.939  23.119  14.735 0.0000000000
133186  -48.682  23.242  13.887 0.0000000000
133200  -48.159  23.602  12.859 0.0000000000
144266  -46.327  36.195  20.357 0.0000000000
143440  -47.173  35.870  21.386 0.0000000000
142588  -46.937  34.394  20.487 0.0000000000
141720  -47.572  33.573  20.637 0.0000000000
140815  -48.923  32.347  20.306 0.0000000000
140842  -53.453  32.684  17.918 0.0000000000
140835  -52.931  32.596  18.638 0.0000000000
139975  -53.529  32.374  17.976 0.0000000000
139122  -53.570  30.959  17.876 0.0000000000
139140  -54.029  30.362  17.417 0.0000000000
139124  -54.333  29.915  17.560 0.0000000000
138324  -53.892  29.435  16.646 0.0000000000
137471  -53.638  28.956  16.141 0.0000000000
137492  -52.666  28.387  13.978 0.0000000000
136676  -52.023  27.795  13.228 0.0000000000
136666  -50.954  27.395  13.958 0.0000000000
135852  -50.041  26.786  13.781 0.0000000000
135832  -48.103  26.635  15.925 0.0000000000
126572  -57.578  16.951  22.923 0.0000000000
126569  -55.580  17.024  22.216 0.0000000000
126587  -56.315  16.892  21.438 0.0000000000
126619  -55.529  16.080  19.807 0.0000000000
125509  -55.599  15.666  18.574 0.0000000000
125538  -55.585  15.258  17.274 0.0000000000
125523  -55.059  15.384  17.853 0.0000000000
124465  -54.238  14.863  17.428 0.0000000000
144256  -32.201  36.454  19.542 0.0000000000
144279  -34.685  36.773  16.534 0.0000000000
144273  -34.844  36.745  17.216 0.0000000000
144275  -36.178  36.657  17.187 0.0000000000
145066  -35.998  36.783  17.975 0.0000000000
145057  -37.450  37.785  19.012 0.0000000000
145045  -37.538  37.655  19.855 0.0000000000
145844  -39.010  38.682  19.269 0.0000000000
145833  -39.513  39.119  19.682 0.0000000000
148099  -43.677  41.690  17.754 0.0000000000
147377  -42.619  41.488  19.286 0.0000000000
148074  -43.690  42.242  19.988 0.0000000000
147367  -44.146  41.437  20.106 0.0000000000
159342  -43.504  39.609  20.103 0.0000000000
146628  -43.163  39.333  19.475 0.0000000000
159321  -42.245  36.509  18.667 0.0000000000
144304  -42.093  35.806  14.278 0.0000000000
143500  -42.361  35.230  14.997 0.0000000000
142655  -43.217  34.760  15.059 0.0000000000
142648  -46.112  34.821  15.375 0.0000000000
142688  -48.033  34.577  11.755 0.0000000000
127646  -45.130  17.415  23.505 0.0000000000
127632  -45.787  17.365  24.481 0.0000000000
127617  -46.533  17.607  25.419 0.0000000000
127618  -47.193  17.584  25.140 0.0000000000
128635  -49.699  17.837  24.567 0.0000000000
127637  -49.945  17.648  23.954 0.0000000000
126581  -50.102  16.519  21.308 0.0000000000
126641  -48.537  16.285  17.576 0.0000000000
126631  -48.724  16.223  18.620 0.0000000000
125520  -48.944  15.594  17.097 0.0000000000
124461  -49.636  14.890  17.138 0.0000000000
124475  -50.280  14.718  16.169 0.0000000000
124491  -50.981  14.218  15.637 0.0000000000
124490  -50.494  14.732  15.193 0.0000000000
125568  -50.392  15.804  13.218 0.0000000000
136589  -46.057  27.254  21.893 0.0000000000
136590  -47.102  27.426  22.068 0.0000000000
136554  -48.318  26.450  23.633 0.0000000000
140779  -50.548  32.859  23.177 0.0000000000
140778  -49.881  32.859  23.516 0.0000000000
139071  -51.354  30.788  23.319 0.0000000000
138231  -51.742  30.055  23.231 0.0000000000
134934  -53.905  25.863  21.746 0.0000000000
134916  -54.092  26.323  23.277 0.0000000000
134922  -53.303  25.961  22.643 0.0000000000
134921  -52.244  25.850  22.681 0.0000000000
134920  -51.065  25.524  22.714 0.0000000000
134948  -51.582  25.745  20.847 0.0000000000
134971  -49.763  25.167  19.169 0.0000000000
134080  -49.967  24.469  18.601 0.0000000000
133140  -50.609  23.468  18.367 0.0000000000
132247  -51.123  22.619  18.153 0.0000000000
131354  -50.996  21.494  17.207 0.0000000000
131386  -51.791  20.907  14.474 0.0000000000
131387  -52.116  20.718  14.700 0.0000000000
130538  -52.444  20.301  13.802 0.0000000000
128746  -52.159  19.205  12.644 0.0000000000
128745  -51.615  18.561  12.649 0.0000000000
128757  -52.140  19.139  12.035 0.0000000000
127802  -52.642  18.595  9.998 0.0000000000
127814  -52.339  17.876  9.278 0.0000000000
128784  -52.687  18.996  9.697 0.0000000000
129714  -52.187  19.220  9.042 0.0000000000
129724  -50.669  19.201  8.271 0.0000000000
129677  -48.543  19.780  11.029 0.0000000000
128768  -48.125  18.729  9.987 0.0000000000
127784  -47.814  18.000  10.930 0.0000000000
127773  -47.541  17.344  12.185 0.0000000000
135043  -47.942  24.995  10.483 0.0000000000
134163  -48.283  24.581  10.720 0.0000000000
133232  -46.567  23.872  10.273 0.0000000000
133223  -46.371  23.459  10.464 0.0000000000
131433  -45.448  22.228  10.664 0.0000000000
129661  -43.853  20.116  11.742 0.0000000000
128730  -44.250  19.066  13.216 0.0000000000
128723  -45.631  17.866  13.727 0.0000000000
127756  -45.599  17.615  14.349 0.0000000000
127747  -46.054  17.294  15.063 0.0000000000
126648  -46.348  15.822  15.769 0.0000000000
126654  -45.606  16.770  15.608 0.0000000000
126646  -44.792  16.595  16.477 0.0000000000
124482  -58.156  15.083  15.994 0.0000000000
141741  -47.577  33.547  18.169 0.0000000000
141742  -48.616  33.231  18.315 0.0000000000
141754  -49.405  33.971  17.707 0.0000000000
141744  -50.638  33.907  18.090 0.0000000000
141745  -51.758  33.830  18.076 0.0000000000
141756  -51.740  34.016  17.375 0.0000000000
141757  -52.453  33.350  17.843 0.0000000000
140841  -52.913  32.788  17.648 0.0000000000
138304  -52.108  30.018  17.601 0.0000000000
137469  -51.940  28.537  16.502 0.0000000000
137454  -51.450  29.060  17.380 0.0000000000
137467  -49.654  28.115  17.126 0.0000000000
138302  -49.802  29.892  17.643 0.0000000000
137452  -49.249  28.912  17.530 0.0000000000
128628  -56.562  18.340  25.453 0.0000000000
128627  -56.077  18.825  25.510 0.0000000000
128641  -55.963  18.651  24.760 0.0000000000
128651  -55.731  18.376  23.991 0.0000000000
128625  -54.201  19.135  25.335 0.0000000000
128650  -54.703  18.277  23.894 0.0000000000
127657  -55.404  17.989  23.292 0.0000000000
127678  -54.992  17.499  22.765 0.0000000000
145085  -34.264  37.173  15.899 0.0000000000
144292  -35.666  36.640  15.686 0.0000000000
145087  -36.927  37.141  15.187 0.0000000000
145088  -37.649  37.255  15.482 0.0000000000
145867  -43.247  38.855  16.951 0.0000000000
144309  -41.916  36.301  14.157 0.0000000000
143509  -42.605  35.485  13.948 0.0000000000
142665  -43.991  34.681  12.915 0.0000000000
142676  -44.745  34.471  12.067 0.0000000000
142685  -44.417  34.921  11.000 0.0000000000
128694  -47.346  18.496  18.642 0.0000000000
127720  -47.625  17.656  18.335 0.0000000000
127729  -47.777  17.684  17.360 0.0000000000
127740  -48.507  17.416  16.101 0.0000000000
128715  -48.931  18.243  15.525 0.0000000000
139943  -45.530  31.298  20.832 0.0000000000
139097  -47.082  30.560  20.799 0.0000000000
137405  -52.901  29.089  21.801 0.0000000000
138233  -53.533  29.494  22.787 0.0000000000
136603  -53.902  27.947  21.716 0.0000000000
136604  -54.488  27.361  21.291 0.0000000000
135793  -54.679  26.581  20.930 0.0000000000
135808  -54.130  26.180  18.645 0.0000000000
134964  -54.584  25.410  19.654 0.0000000000
134951  -54.418  25.647  20.670 0.0000000000
134056  -54.159  24.832  20.286 0.0000000000
134070  -53.835  24.344  19.495 0.0000000000
133131  -53.209  23.905  19.015 0.0000000000
133142  -52.708  23.447  18.307 0.0000000000
132260  -52.649  22.564  17.286 0.0000000000
132268  -51.381  22.862  16.150 0.0000000000
132279  -51.851  22.145  15.634 0.0000000000
130527  -51.465  20.676  14.013 0.0000000000
130536  -51.167  20.512  13.339 0.0000000000
130566  -50.905  20.309  11.841 0.0000000000
130549  -50.746  20.349  12.399 0.0000000000
130548  -49.656  20.110  12.401 0.0000000000
130547  -48.594  20.447  12.513 0.0000000000
130564  -48.123  20.175  11.601 0.0000000000
130583  -46.676  20.091  10.743 0.0000000000
133229  -44.323  22.990  10.944 0.0000000000
133221  -43.910  23.146  11.569 0.0000000000
130533  -43.202  20.315  12.992 0.0000000000
129652  -43.148  20.145  13.320 0.0000000000
129646  -43.293  19.119  14.332 0.0000000000
128714  -43.340  18.270  15.060 0.0000000000
145015  -45.368  37.903  22.187 0.0000000000
144231  -45.875  36.829  22.383 0.0000000000
144232  -47.137  37.042  22.953 0.0000000000
144233  -47.838  36.844  22.524 0.0000000000
142564  -48.934  34.788  22.973 0.0000000000
143441  -47.655  35.586  21.598 0.0000000000
142575  -48.723  34.729  22.359 0.0000000000
142566  -50.133  34.053  23.048 0.0000000000
140799  -50.763  32.361  22.580 0.0000000000
139932  -51.838  31.382  22.471 0.0000000000
139090  -51.880  30.627  21.877 0.0000000000
140825  -48.869  32.625  19.097 0.0000000000
140826  -50.053  32.142  19.471 0.0000000000
139950  -50.739  31.738  19.552 0.0000000000
140828  -52.102  32.164  19.001 0.0000000000
139951  -51.304  31.413  19.643 0.0000000000
139946  -50.416  31.470  20.310 0.0000000000
139100  -51.356  30.813  20.273 0.0000000000
138261  -51.772  29.851  21.355 0.0000000000
138262  -52.233  29.268  20.859 0.0000000000
137427  -52.736  28.701  20.499 0.0000000000
137429  -53.948  28.053  19.163 0.0000000000
136636  -54.189  27.715  17.681 0.0000000000
137456  -54.146  28.875  17.440 0.0000000000
137478  -54.089  28.095  15.869 0.0000000000
136651  -53.947  27.533  16.596 0.0000000000
135848  -53.243  27.109  15.051 0.0000000000
135847  -52.714  26.760  14.747 0.0000000000
135024  -51.047  25.877  13.783 0.0000000000
135023  -50.389  25.370  13.434 0.0000000000
135031  -51.213  25.992  12.870 0.0000000000
135038  -50.523  25.764  11.429 0.0000000000
135037  -49.749  25.513  11.077 0.0000000000
136695  -51.161  27.032  11.677 0.0000000000
135884  -50.489  26.620  11.471 0.0000000000
135044  -48.727  25.433  10.930 0.0000000000
135035  -47.692  25.292  10.940 0.0000000000
134155  -46.968  24.700  11.555 0.0000000000
134161  -46.169  24.333  11.173 0.0000000000
136648  -51.365  27.800  16.042 0.0000000000
136656  -50.346  27.152  14.940 0.0000000000
135851  -49.203  26.291  13.564 0.0000000000
135843  -48.300  26.115  15.299 0.0000000000
135014  -48.678  25.997  14.146 0.0000000000
135021  -48.635  25.734  13.439 0.0000000000
128653  -57.123  18.111  24.376 0.0000000000
127681  -57.569  17.254  22.526 0.0000000000
126589  -58.025  16.740  21.867 0.0000000000
126605  -57.089  16.721  20.646 0.0000000000
126606  -57.966  16.705  20.879 0.0000000000
126622  -58.311  16.267  20.345 0.0000000000
125526  -58.014  15.471  17.460 0.0000000000
125541  -58.160  15.165  16.516 0.0000000000
124481  -57.711  15.148  15.994 0.0000000000
124494  -56.233  14.639  15.255 0.0000000000
124479  -55.384  14.813  16.464 0.0000000000
124506  -54.672  13.839  14.022 0.0000000000
123506  -53.872  13.617  13.790 0.0000000000
145042  -33.297  36.563  19.271 0.0000000000
145054  -34.598  36.666  18.535 0.0000000000
144268  -34.253  36.653  18.934 0.0000000000
144258  -33.991  36.322  19.373 0.0000000000
143453  -34.491  35.547  19.658 0.0000000000
142596  -35.860  34.862  19.640 0.0000000000
141729  -37.163  33.881  19.463 0.0000000000
142598  -37.890  34.775  19.574 0.0000000000
143457  -38.482  35.871  19.453 0.0000000000
143458  -39.764  36.031  19.385 0.0000000000
145046  -38.395  37.586  20.158 0.0000000000
144264  -40.016  37.218  19.854 0.0000000000
143459  -41.221  36.536  19.625 0.0000000000
145048  -40.972  37.806  20.351 0.0000000000
159318  -42.743  37.576  20.732 0.0000000000
159326  -43.222  38.111  21.313 0.0000000000
145863  -39.461  38.219  17.397 0.0000000000
145857  -39.958  38.909  17.963 0.0000000000
145845  -39.823  38.900  19.020 0.0000000000
146627  -40.241  39.679  19.696 0.0000000000
147376  -42.019  41.064  19.613 0.0000000000
147363  -41.168  40.397  20.220 0.0000000000
146601  -41.040  39.641  21.199 0.0000000000
146602  -41.939  39.923  21.316 0.0000000000
159327  -43.160  38.525  21.387 0.0000000000
145790  -44.729  38.378  21.771 0.0000000000
145791  -45.552  38.591  21.828 0.0000000000
146604  -45.436  38.549  21.250 0.0000000000
145806  -45.767  38.077  21.099 0.0000000000
159334  -43.919  38.188  20.387 0.0000000000
144252  -45.476  36.438  20.085 0.0000000000
143460  -45.900  35.710  19.905 0.0000000000
142614  -45.984  34.065  18.428 0.0000000000
145866  -42.631  38.263  17.381 0.0000000000
145070  -41.853  36.927  17.348 0.0000000000
142610  -41.776  36.029  18.214 0.0000000000
143490  -42.204  35.244  16.152 0.0000000000
142635  -42.451  34.890  17.136 0.0000000000
142623  -43.174  34.934  18.225 0.0000000000
142624  -44.274  34.566  18.045 0.0000000000
141740  -46.793  33.829  17.875 0.0000000000
141751  -46.979  34.215  17.390 0.0000000000
142628  -48.211  34.734  17.099 0.0000000000
143482  -48.735  35.752  16.424 0.0000000000
143480  -47.286  35.307  15.722 0.0000000000
144285  -49.417  36.362  16.085 0.0000000000
144287  -50.547  36.092  15.631 0.0000000000
144299  -50.644  36.024  15.047 0.0000000000
142680  -49.422  35.112  12.903 0.0000000000
128638  -52.626  18.346  24.112 0.0000000000
127638  -50.863  17.651  23.940 0.0000000000
127639  -51.766  17.738  23.822 0.0000000000
127654  -52.639  17.196  23.256 0.0000000000
126567  -53.107  16.812  22.275 0.0000000000
126602  -53.318  15.970  20.856 0.0000000000
125475  -53.665  15.555  20.224 0.0000000000
127693  -48.776  17.033  21.130 0.0000000000
126580  -49.429  16.604  20.984 0.0000000000
126599  -50.574  16.134  20.720 0.0000000000
125503  -49.666  15.580  18.738 0.0000000000
125486  -50.335  15.737  19.687 0.0000000000
125472  -50.990  15.756  20.292 0.0000000000
125473  -51.860  15.750  20.261 0.0000000000
125488  -52.305  15.525  19.543 0.0000000000
125489  -53.260  15.482  19.520 0.0000000000
124450  -53.373  14.826  18.129 0.0000000000
123481  -52.709  13.753  15.801 0.0000000000
123479  -51.428  13.933  15.830 0.0000000000
123492  -52.232  13.677  15.233 0.0000000000
123493  -53.077  13.738  15.130 0.0000000000
123515  -52.348  13.657  13.660 0.0000000000
123528  -52.187  13.740  12.462 0.0000000000
133092  -46.380  23.883  23.841 0.0000000000
133104  -46.917  23.727  22.602 0.0000000000
134043  -46.884  24.421  21.864 0.0000000000
140776  -47.608  32.940  22.648 0.0000000000
140777  -48.790  33.062  23.315 0.0000000000
139902  -48.322  32.291  22.507 0.0000000000
140796  -47.478  32.175  22.173 0.0000000000
139928  -47.853  31.645  21.888 0.0000000000
139098  -47.869  30.595  21.057 0.0000000000
137417  -48.213  29.409  21.004 0.0000000000
138222  -53.645  29.533  23.393 0.0000000000
138220  -52.441  29.732  23.485 0.0000000000
137385  -51.695  29.122  22.877 0.0000000000
135736  -53.586  27.195  24.299 0.0000000000
137371  -52.210  28.365  23.446 0.0000000000
137384  -50.761  28.593  22.234 0.0000000000
137383  -49.874  27.909  22.205 0.0000000000
136592  -49.120  27.901  21.909 0.0000000000
136555  -48.862  26.498  23.532 0.0000000000
134911  -48.774  25.292  23.665 0.0000000000
134912  -50.047  25.381  23.410 0.0000000000
134034  -49.619  25.013  23.113 0.0000000000
134038  -48.931  24.619  22.750 0.0000000000
134045  -48.356  24.687  22.403 0.0000000000
134055  -47.076  24.911  21.058 0.0000000000
134064  -46.970  24.432  19.911 0.0000000000
134077  -47.163  23.884  19.226 0.0000000000
132244  -47.349  22.392  18.545 0.0000000000
132256  -48.159  22.037  17.835 0.0000000000
133139  -49.381  23.563  18.322 0.0000000000
131352  -48.463  21.415  17.173 0.0000000000
130497  -48.100  20.869  16.976 0.0000000000
129630  -48.659  19.280  16.127 0.0000000000
129638  -48.850  18.733  15.812 0.0000000000
128716  -49.889  18.305  14.987 0.0000000000
131343  -52.335  22.165  17.562 0.0000000000
131355  -51.957  21.641  17.126 0.0000000000
131366  -51.474  21.137  16.571 0.0000000000
130520  -52.067  20.540  15.256 0.0000000000
129642  -51.753  20.160  15.190 0.0000000000
130507  -50.987  20.512  16.119 0.0000000000
129640  -50.446  19.293  14.981 0.0000000000
128717  -50.437  18.779  14.656 0.0000000000
128724  -50.090  17.903  14.548 0.0000000000
127766  -50.172  17.209  13.618 0.0000000000
126672  -50.220  16.627  13.357 0.0000000000
125573  -50.800  15.756  12.539 0.0000000000
126679  -51.166  16.666  12.180 0.0000000000
124541  -51.618  14.872  11.577 0.0000000000
125613  -51.943  15.776  8.369 0.0000000000
127824  -51.964  17.755  8.666 0.0000000000
126719  -51.775  16.548  8.428 0.0000000000
126730  -51.545  16.271  7.891 0.0000000000
126729  -51.091  16.343  7.629 0.0000000000
126718  -50.685  16.388  7.863 0.0000000000
129712  -50.375  19.498  9.195 0.0000000000
129723  -49.826  19.081  8.403 0.0000000000
128794  -49.775  18.284  8.008 0.0000000000
126717  -50.241  16.432  8.470 0.0000000000
125611  -50.082  15.474  8.825 0.0000000000
125598  -49.750  15.408  9.481 0.0000000000
125587  -49.524  15.414  10.154 0.0000000000
127786  -49.275  16.751  10.914 0.0000000000
126684  -49.197  16.226  11.318 0.0000000000
135022  -49.895  25.035  12.694 0.0000000000
133199  -47.760  23.254  12.191 0.0000000000
133214  -47.561  23.497  11.570 0.0000000000
132310  -47.326  22.842  11.957 0.0000000000
132296  -47.048  22.326  12.254 0.0000000000
131407  -46.855  21.775  11.950 0.0000000000
131422  -46.766  21.116  11.552 0.0000000000
130582  -46.323  19.976  10.770 0.0000000000
132324  -44.568  22.639  10.743 0.0000000000
129673  -44.602  20.218  11.222 0.0000000000
130561  -45.400  20.869  10.837 0.0000000000
129675  -46.071  19.657  10.996 0.0000000000
128754  -46.405  18.974  11.208 0.0000000000
128743  -46.920  17.798  12.061 0.0000000000
127765  -47.394  17.118  13.006 0.0000000000
127764  -46.716  17.523  13.120 0.0000000000
126668  -47.237  16.934  13.323 0.0000000000
123480  -51.934  13.686  15.904 0.0000000000
123491  -51.536  13.878  15.352 0.0000000000
123504  -52.424  13.663  14.512 0.0000000000
123518  -55.087  13.613  12.733 0.0000000000
123541  -51.913  14.066  11.398 0.0000000000
124460  -49.217  15.255  17.558 0.0000000000
124474  -49.670  15.046  16.442 0.0000000000
124476  -51.367  14.146  16.392 0.0000000000
124515  -50.693  14.979  13.488 0.0000000000
124517  -51.814  13.897  13.730 0.0000000000
125471  -50.509  15.923  20.253 0.0000000000
125474  -52.775  15.690  20.246 0.0000000000
125485  -49.690  15.812  19.438 0.0000000000
125492  -55.945  15.956  19.168 0.0000000000
125502  -48.842  15.468  18.007 0.0000000000
125504  -50.770  15.257  18.859 0.0000000000
125506  -52.806  15.221  18.808 0.0000000000
125508  -54.678  15.548  18.668 0.0000000000
125510  -56.685  15.863  18.639 0.0000000000
125521  -49.310  15.312  16.557 0.0000000000
125537  -49.981  15.174  15.416 0.0000000000
125550  -49.636  15.882  15.102 0.0000000000
125559  -49.687  15.923  14.260 0.0000000000
125560  -50.318  15.505  13.990 0.0000000000
125623  -50.948  15.566  7.784 0.0000000000
125624  -51.394  15.551  7.798 0.0000000000
126550  -53.923  17.246  22.810 0.0000000000
126564  -50.633  16.540  21.912 0.0000000000
126571  -57.220  17.372  22.167 0.0000000000
126583  -51.870  16.396  21.415 0.0000000000
126584  -52.781  16.455  21.461 0.0000000000
126588  -57.422  17.161  21.619 0.0000000000
126598  -49.832  16.373  20.578 0.0000000000
126607  -58.307  16.324  21.022 0.0000000000
126617  -50.170  16.086  20.235 0.0000000000
126621  -57.852  16.455  19.878 0.0000000000
126632  -49.301  16.086  19.232 0.0000000000
126671  -49.826  16.663  13.882 0.0000000000
126678  -50.638  16.639  12.781 0.0000000000
126720  -51.801  15.973  8.134 0.0000000000
126731  -51.896  15.977  7.760 0.0000000000
127625  -57.137  17.828  24.928 0.0000000000
127634  -47.360  17.512  24.268 0.0000000000
127641  -57.034  17.548  24.783 0.0000000000
127642  -57.177  17.679  24.424 0.0000000000
127648  -46.719  17.382  23.420 0.0000000000
127655  -53.673  17.490  23.218 0.0000000000
127659  -57.116  17.601  23.536 0.0000000000
127675  -51.853  16.892  22.594 0.0000000000
127677  -54.253  17.418  22.876 0.0000000000
127694  -49.496  16.759  21.403 0.0000000000
127696  -57.771  17.223  22.055 0.0000000000
127721  -48.135  16.965  18.001 0.0000000000
127730  -48.249  17.093  17.056 0.0000000000
127739  -48.169  17.799  16.672 0.0000000000
127748  -49.089  17.458  15.307 0.0000000000
127749  -49.609  17.439  14.752 0.0000000000
127758  -50.007  17.474  14.149 0.0000000000
127772  -46.866  17.675  12.397 0.0000000000
127815  -52.547  18.413  9.478 0.0000000000
127825  -52.398  18.207  9.038 0.0000000000
127832  -50.666  17.782  7.690 0.0000000000
127834  -51.482  17.167  8.109 0.0000000000
128614  -56.137  18.589  26.281 0.0000000000
128618  -47.078  17.947  25.625 0.0000000000
128629  -57.025  18.013  25.160 0.0000000000
128640  -54.975  18.651  24.674 0.0000000000
128642  -56.720  18.480  24.863 0.0000000000
128643  -57.126  18.109  24.901 0.0000000000
128725  -50.647  18.479  14.131 0.0000000000
128734  -50.880  18.225  13.278 0.0000000000
128769  -52.164  18.268  10.817 0.0000000000
128796  -52.385  18.609  8.922 0.0000000000
128803  -50.406  18.203  7.643 0.0000000000
129622  -46.915  20.092  17.890 0.0000000000
129631  -49.389  19.583  15.765 0.0000000000
129639  -49.458  19.012  15.559 0.0000000000
129648  -51.403  19.321  14.365 0.0000000000
129665  -50.674  20.198  11.861 0.0000000000
129666  -52.129  19.195  12.936 0.0000000000
129672  -44.168  20.574  11.189 0.0000000000
129679  -50.701  19.944  11.328 0.0000000000
129692  -46.511  19.604  10.724 0.0000000000
129713  -51.354  19.401  9.135 0.0000000000
129725  -51.456  18.834  8.308 0.0000000000
129726  -52.078  18.844  8.612 0.0000000000
129733  -50.712  18.590  7.866 0.0000000000
130486  -46.838  20.647  18.457 0.0000000000
130487  -47.171  21.091  17.959 0.0000000000
130504  -47.429  19.985  17.079 0.0000000000
130505  -48.230  20.341  16.592 0.0000000000
130509  -52.381  20.897  15.810 0.0000000000
130519  -51.501  20.292  15.554 0.0000000000
130528  -51.801  20.743  14.017 0.0000000000
130567  -51.314  20.311  11.878 0.0000000000
131351  -47.612  21.453  17.765 0.0000000000
131356  -52.512  22.007  17.084 0.0000000000
131363  -48.469  20.947  16.784 0.0000000000
131383  -49.391  21.437  14.156 0.0000000000
131393  -47.039  21.904  12.620 0.0000000000
131397  -51.945  20.773  14.007 0.0000000000
131398  -52.136  20.655  14.094 0.0000000000
132243  -46.617  21.906  19.058 0.0000000000
132248  -52.131  22.582  18.109 0.0000000000
132249  -52.755  22.630  17.798 0.0000000000
132255  -47.585  21.843  18.114 0.0000000000
132257  -49.281  22.188  17.517 0.0000000000
132280  -52.323  21.840  15.912 0.0000000000
132319  -46.396  22.892  11.012 0.0000000000
132326  -45.914  22.883  10.455 0.0000000000
133093  -46.922  24.074  23.787 0.0000000000
133099  -47.176  23.860  23.420 0.0000000000
133100  -47.852  23.849  23.001 0.0000000000
133105  -47.511  23.766  23.010 0.0000000000
133132  -53.720  23.980  18.996 0.0000000000
133137  -47.357  23.380  18.920 0.0000000000
133138  -48.191  23.455  18.515 0.0000000000
133143  -53.371  23.968  18.592 0.0000000000
133158  -51.818  23.488  16.854 0.0000000000
133159  -52.555  22.967  16.967 0.0000000000
133170  -46.574  24.153  14.360 0.0000000000
133173  -50.204  24.145  15.942 0.0000000000
133225  -47.944  24.009  11.266 0.0000000000
133231  -45.907  23.573  10.162 0.0000000000
134027  -46.718  24.391  23.958 0.0000000000
134033  -49.205  24.795  23.265 0.0000000000
134037  -47.838  24.297  22.763 0.0000000000
134039  -49.451  24.765  23.004 0.0000000000
134044  -47.779  24.807  21.907 0.0000000000
134054  -46.371  24.394  20.981 0.0000000000
134057  -54.556  25.043  20.100 0.0000000000
134063  -46.248  23.969  20.412 0.0000000000
134066  -48.799  24.716  19.304 0.0000000000
134071  -54.455  24.720  19.647 0.0000000000
134084  -54.303  24.459  19.236 0.0000000000
134093  -52.187  24.447  17.161 0.0000000000
134135  -49.954  24.977  14.334 0.0000000000
134144  -48.428  24.085  12.172 0.0000000000
134157  -49.130  24.907  11.304 0.0000000000
134909  -46.874  24.911  24.069 0.0000000000
134915  -53.600  26.235  23.339 0.0000000000
134918  -49.327  25.076  22.375 0.0000000000
134919  -49.851  25.160  22.697 0.0000000000
134923  -54.210  26.166  22.696 0.0000000000
134933  -53.001  25.915  21.758 0.0000000000
134935  -54.466  26.239  21.725 0.0000000000
134944  -47.759  25.246  21.029 0.0000000000
134945  -48.489  25.382  20.890 0.0000000000
134947  -50.448  25.773  20.862 0.0000000000
134957  -47.410  24.994  20.531 0.0000000000
134959  -48.971  25.176  19.830 0.0000000000
134963  -53.354  25.017  20.130 0.0000000000
134986  -52.033  25.302  16.771 0.0000000000
134987  -52.631  25.242  17.142 0.0000000000
135006  -53.015  25.791  16.853 0.0000000000
135039  -51.217  26.163  11.970 0.0000000000
135045  -49.486  25.730  10.863 0.0000000000
135046  -50.230  26.078  10.880 0.0000000000
135738  -54.488  27.712  24.060 0.0000000000
135760  -53.107  26.613  23.944 0.0000000000
135761  -54.069  26.731  23.706 0.0000000000
135762  -54.495  27.450  23.710 0.0000000000
135774  -46.865  26.514  23.656 0.0000000000
135776  -54.271  26.483  23.175 0.0000000000
135784  -54.815  26.806  21.936 0.0000000000
135807  -53.920  26.039  17.970 0.0000000000
135835  -52.246  26.490  15.240 0.0000000000
135845  -49.734  26.910  14.799 0.0000000000
135846  -52.045  26.483  14.651 0.0000000000
135853  -50.690  27.134  13.317 0.0000000000
135855  -52.676  26.796  13.905 0.0000000000
135860  -49.835  26.602  12.719 0.0000000000
135864  -53.067  27.073  13.689 0.0000000000
135870  -48.942  26.181  11.595 0.0000000000
135871  -49.695  26.526  11.817 0.0000000000
135873  -51.674  26.831  11.877 0.0000000000
135874  -52.316  26.899  12.307 0.0000000000
135883  -49.488  26.228  10.989 0.0000000000
135885  -51.054  26.763  11.625 0.0000000000
136543  -53.419  27.585  24.389 0.0000000000
136544  -53.853  27.732  24.401 0.0000000000
136545  -54.334  27.961  24.228 0.0000000000
136558  -52.743  27.500  24.147 0.0000000000
136559  -54.544  28.058  23.891 0.0000000000
136580  -54.461  28.085  23.212 0.0000000000
136591  -48.248  27.445  21.927 0.0000000000
136593  -54.163  28.282  22.593 0.0000000000
136594  -54.425  27.531  22.291 0.0000000000
136650  -53.799  27.487  16.043 0.0000000000
136658  -51.890  28.116  15.285 0.0000000000
136660  -53.953  27.759  15.928 0.0000000000
136665  -50.257  27.050  14.363 0.0000000000
136668  -53.578  27.546  14.278 0.0000000000
136677  -52.835  27.555  13.352 0.0000000000
136678  -53.230  27.359  13.624 0.0000000000
136685  -50.967  27.168  12.134 0.0000000000
136686  -51.630  27.282  12.277 0.0000000000
136694  -50.790  26.944  11.742 0.0000000000
137364  -53.948  28.355  24.286 0.0000000000
137372  -53.200  28.692  24.009 0.0000000000
137373  -54.101  29.127  23.979 0.0000000000
137374  -54.476  28.587  23.675 0.0000000000
137386  -54.271  28.908  23.112 0.0000000000
137387  -54.454  28.551  23.388 0.0000000000
137402  -48.474  28.550  21.321 0.0000000000
137403  -49.694  28.758  21.610 0.0000000000
137406  -53.368  28.846  22.124 0.0000000000
137418  -52.754  28.857  21.410 0.0000000000
137419  -53.374  28.423  21.047 0.0000000000
137428  -53.463  28.452  19.839 0.0000000000
137466  -48.926  28.264  17.302 0.0000000000
137470  -52.864  28.927  16.297 0.0000000000
137476  -53.203  28.607  15.422 0.0000000000
137484  -53.311  28.436  14.493 0.0000000000
137494  -53.468  27.789  13.729 0.0000000000
138221  -53.257  29.571  23.652 0.0000000000
138243  -49.824  29.874  21.694 0.0000000000
138244  -50.451  30.086  22.189 0.0000000000
138245  -52.008  30.070  21.936 0.0000000000
138246  -52.543  29.544  22.006 0.0000000000
138247  -53.157  29.445  22.369 0.0000000000
138259  -47.659  29.904  20.813 0.0000000000
138260  -48.357  30.117  21.150 0.0000000000
138286  -54.279  29.475  17.765 0.0000000000
138307  -54.099  29.640  17.158 0.0000000000
139051  -51.943  31.184  23.717 0.0000000000
139053  -52.678  30.280  23.363 0.0000000000
139054  -53.221  29.864  23.421 0.0000000000
139070  -50.601  31.254  23.058 0.0000000000
139072  -51.960  30.556  23.710 0.0000000000
139073  -52.729  30.366  22.790 0.0000000000
139086  -48.238  31.067  21.494 0.0000000000
139091  -52.274  30.353  22.296 0.0000000000
139096  -46.132  30.550  20.540 0.0000000000
139099  -48.372  30.602  21.318 0.0000000000
139101  -51.508  30.394  20.812 0.0000000000
139110  -52.194  30.720  19.681 0.0000000000
139123  -54.301  30.247  18.003 0.0000000000
139141  -54.253  30.118  17.471 0.0000000000
139882  -52.046  31.454  23.560 0.0000000000
139884  -52.479  30.933  23.603 0.0000000000
139903  -49.371  32.290  22.853 0.0000000000
139906  -52.179  31.417  23.240 0.0000000000
139907  -52.543  30.999  23.303 0.0000000000
139927  -46.981  31.714  21.661 0.0000000000
139945  -47.441  31.190  21.235 0.0000000000
139947  -50.876  31.113  20.938 0.0000000000
139952  -52.161  31.575  19.297 0.0000000000
139960  -53.502  32.588  18.109 0.0000000000
140763  -49.017  33.563  23.614 0.0000000000
140764  -49.543  33.464  23.589 0.0000000000
140765  -50.067  33.412  23.430 0.0000000000
140824  -48.215  32.884  19.323 0.0000000000
140829  -52.515  32.045  18.865 0.0000000000
140836  -53.412  32.806  18.213 0.0000000000
140851  -50.751  33.186  16.660 0.0000000000
141677  -47.944  33.953  23.347 0.0000000000
141680  -49.832  33.838  23.435 0.0000000000
141687  -45.892  33.696  22.683 0.0000000000
141689  -48.067  33.462  23.168 0.0000000000
141690  -49.963  34.062  22.831 0.0000000000
141691  -50.223  33.802  23.101 0.0000000000
141701  -48.498  33.762  21.549 0.0000000000
141703  -50.475  33.192  22.698 0.0000000000
141721  -48.316  32.890  20.867 0.0000000000
141735  -48.316  32.980  18.992 0.0000000000
141743  -49.661  33.533  18.171 0.0000000000
141747  -53.238  33.055  18.331 0.0000000000
141752  -47.527  34.101  17.463 0.0000000000
141755  -50.062  34.004  17.839 0.0000000000
141758  -53.247  33.161  17.987 0.0000000000
141760  -50.197  33.644  15.889 0.0000000000
141761  -50.673  33.613  16.169 0.0000000000
142551  -48.013  34.282  23.286 0.0000000000
142552  -48.686  34.450  23.330 0.0000000000
142553  -49.486  34.250  23.331 0.0000000000
142554  -49.964  34.054  23.215 0.0000000000
142565  -49.744  34.283  22.988 0.0000000000
142574  -48.112  34.621  21.551 0.0000000000
142576  -49.621  34.198  22.720 0.0000000000
142583  -34.357  34.237  20.198 0.0000000000
142589  -47.434  34.687  21.157 0.0000000000
142593  -33.462  34.781  20.068 0.0000000000
142602  -45.055  35.883  19.589 0.0000000000
142603  -45.313  35.476  19.624 0.0000000000
142615  -50.755  34.457  17.996 0.0000000000
142622  -42.289  35.273  18.122 0.0000000000
142629  -49.123  34.747  17.446 0.0000000000
142641  -48.397  35.277  16.799 0.0000000000
142645  -42.841  34.685  15.985 0.0000000000
142652  -51.044  34.570  15.939 0.0000000000
142660  -48.371  35.444  14.410 0.0000000000
142670  -49.311  35.325  13.531 0.0000000000
143422  -48.339  35.105  22.944 0.0000000000
143431  -47.715  35.770  22.694 0.0000000000
143432  -48.103  35.676  22.482 0.0000000000
143439  -44.315  35.652  21.666 0.0000000000
143444  -31.743  35.349  20.755 0.0000000000
143445  -32.433  35.314  20.366 0.0000000000
143447  -46.921  35.438  20.921 0.0000000000
143448  -47.313  35.238  21.258 0.0000000000
143452  -33.537  35.489  19.798 0.0000000000
143454  -35.412  35.647  19.618 0.0000000000
143461  -46.354  35.752  20.253 0.0000000000
143469  -41.975  35.423  17.518 0.0000000000
143470  -48.770  35.331  17.122 0.0000000000
143479  -41.988  35.393  16.867 0.0000000000
143481  -47.733  35.472  16.004 0.0000000000
143483  -49.864  36.131  16.664 0.0000000000
143485  -51.045  35.318  16.320 0.0000000000
143489  -41.751  35.744  16.391 0.0000000000
143491  -47.648  35.387  15.386 0.0000000000
143492  -48.248  35.621  15.569 0.0000000000
143494  -49.558  36.197  15.084 0.0000000000
143496  -51.098  35.044  16.130 0.0000000000
143499  -41.864  35.668  15.637 0.0000000000
143501  -43.053  34.952  14.332 0.0000000000
143503  -48.464  35.578  14.920 0.0000000000
143511  -48.785  35.526  14.372 0.0000000000
143512  -49.384  35.515  14.037 0.0000000000
143518  -43.298  35.275  12.537 0.0000000000
143520  -50.135  35.239  13.243 0.0000000000
143526  -42.804  35.870  12.279 0.0000000000
144230  -45.039  36.043  22.180 0.0000000000
144234  -48.089  36.794  22.229 0.0000000000
144240  -44.651  36.471  21.787 0.0000000000
144242  -47.168  36.549  21.319 0.0000000000
144244  -48.227  36.871  21.994 0.0000000000
144249  -32.499  35.850  20.116 0.0000000000
144250  -39.285  37.616  20.173 0.0000000000
144251  -39.814  37.683  20.142 0.0000000000
144253  -46.229  36.564  20.431 0.0000000000
144254  -46.590  36.262  20.690 0.0000000000
144257  -32.879  36.225  19.776 0.0000000000
144265  -46.097  36.158  20.126 0.0000000000
144270  -35.286  36.569  19.117 0.0000000000
144274  -35.517  36.668  17.411 0.0000000000
144276  -36.663  36.667  16.940 0.0000000000
144280  -35.439  36.606  16.655 0.0000000000
144282  -36.959  36.704  16.470 0.0000000000
144283  -41.678  36.313  16.714 0.0000000000
144284  -41.808  36.753  16.484 0.0000000000
144286  -50.089  36.374  15.959 0.0000000000
144291  -34.935  36.652  15.996 0.0000000000
144293  -36.558  36.730  15.726 0.0000000000
144294  -37.178  36.924  15.819 0.0000000000
144296  -41.945  36.970  16.028 0.0000000000
144297  -49.632  36.359  15.573 0.0000000000
144298  -50.140  36.279  15.201 0.0000000000
144301  -34.873  36.766  15.329 0.0000000000
144302  -35.373  36.907  14.911 0.0000000000
144305  -50.376  36.038  14.767 0.0000000000
144306  -50.572  35.913  14.748 0.0000000000
144325  -43.427  36.597  11.319 0.0000000000
145016  -46.413  37.970  22.384 0.0000000000
145018  -47.966  37.313  22.308 0.0000000000
145023  -44.271  37.039  21.569 0.0000000000
145024  -45.015  37.155  21.969 0.0000000000
145025  -46.832  37.561  21.254 0.0000000000
145026  -47.610  37.537  21.657 0.0000000000
145027  -48.104  37.353  22.057 0.0000000000
145033  -39.894  38.171  20.334 0.0000000000
145035  -46.136  37.178  20.661 0.0000000000
145055  -35.504  36.812  18.777 0.0000000000
145056  -36.450  37.174  18.675 0.0000000000
145058  -38.017  38.258  18.860 0.0000000000
145064  -34.243  36.802  17.794 0.0000000000
145077  -38.912  37.695  17.200 0.0000000000
145078  -41.793  36.771  16.966 0.0000000000
145086  -36.134  37.091  15.071 0.0000000000
145089  -38.509  37.411  15.899 0.0000000000
145091  -41.809  36.940  15.236 0.0000000000
145105  -41.846  36.831  14.335 0.0000000000
145118  -41.949  36.651  13.831 0.0000000000
145804  -41.499  39.280  21.207 0.0000000000
145817  -38.750  38.387  20.245 0.0000000000
145818  -39.261  38.570  20.297 0.0000000000
145819  -40.436  39.015  20.881 0.0000000000
145821  -46.377  37.515  20.984 0.0000000000
145830  -37.734  38.114  20.130 0.0000000000
145842  -37.694  38.192  19.840 0.0000000000
145843  -38.238  38.368  19.491 0.0000000000
145855  -38.488  38.398  18.823 0.0000000000
145864  -40.346  38.500  16.964 0.0000000000
146587  -45.257  38.622  21.418 0.0000000000
146615  -40.439  39.717  20.649 0.0000000000
146616  -44.566  38.666  20.911 0.0000000000
146626  -39.731  39.330  20.171 0.0000000000
146629  -43.393  39.870  19.552 0.0000000000
146639  -40.534  39.546  18.632 0.0000000000
146640  -41.091  39.729  18.181 0.0000000000
146641  -43.096  39.477  19.086 0.0000000000
146642  -43.485  39.779  18.546 0.0000000000
146657  -43.708  39.529  17.559 0.0000000000
147352  -41.460  40.287  21.085 0.0000000000
147364  -42.235  40.991  20.747 0.0000000000
147365  -43.105  41.058  21.083 0.0000000000
148061  -42.855  41.395  20.619 0.0000000000
148063  -44.180  41.668  20.236 0.0000000000
148072  -42.562  41.288  20.353 0.0000000000
148073  -42.995  41.718  19.883 0.0000000000
148075  -44.458  41.769  19.845 0.0000000000
148086  -44.572  41.792  19.072 0.0000000000
148087  -45.097  41.778  18.384 0.0000000000
148735  -44.206  42.180  20.137 0.0000000000
148736  -44.402  42.023  20.087 0.0000000000
148744  -43.601  42.175  19.315 0.0000000000
148746  -44.519  42.093  19.615 0.0000000000
148758  -44.063  42.302  18.500 0.0000000000
148760  -45.383  42.018  18.181 0.0000000000
159319  -42.319  38.122  20.879 0.0000000000
159322  -41.929  38.175  20.746 0.0000000000
159324  -41.992  36.497  18.346 0.0000000000
159329  -42.093  37.020  18.085 0.0000000000
159330  -42.294  37.754  17.723 0.0000000000
159331  -41.767  36.472  17.427 0.0000000000
159332  -43.772  37.519  21.408 0.0000000000
159336  -43.320  39.426  19.753 0.0000000000
159337  -42.818  39.044  19.124 0.0000000000
159338  -43.785  38.172  21.433 0.0000000000
159340  -42.390  40.057  21.459 0.0000000000
159341  -44.793  38.158  20.747 0.0000000000
