#!ascii label  , from subject sub-01 vox2ras=TkReg
1090
60693  -22.062  -32.266  70.035 0.0000000000
82192  -47.587  -18.773  60.908 0.0000000000
88439  -54.274  -14.165  54.471 0.0000000000
88498  -59.886  -14.739  49.799 0.0000000000
79183  -42.581  -21.755  61.903 0.0000000000
91245  -56.282  -12.766  52.413 0.0000000000
78015  -59.395  -21.468  44.628 0.0000000000
79570  -63.627  -19.969  43.502 0.0000000000
82176  -50.234  -18.733  61.198 0.0000000000
80737  -54.227  -19.382  58.931 0.0000000000
85435  -51.314  -16.808  57.977 0.0000000000
70074  -22.019  -27.982  73.393 0.0000000000
73066  -27.184  -26.261  73.043 0.0000000000
73089  -31.963  -25.278  71.196 0.0000000000
71723  -36.594  -26.018  69.064 0.0000000000
67119  -41.104  -28.525  67.476 0.0000000000
70220  -44.901  -26.686  65.862 0.0000000000
76199  -47.531  -22.129  63.952 0.0000000000
76291  -57.693  -21.698  57.042 0.0000000000
81045  -64.361  -19.485  43.780 0.0000000000
85317  -49.749  -17.407  62.540 0.0000000000
86902  -51.183  -16.439  61.715 0.0000000000
85394  -49.400  -17.281  59.769 0.0000000000
68575  -21.949  -27.787  71.230 0.0000000000
71631  -24.372  -26.771  73.436 0.0000000000
67190  -41.934  -28.684  65.072 0.0000000000
67150  -43.574  -28.479  66.556 0.0000000000
71790  -43.590  -25.904  64.590 0.0000000000
79187  -45.050  -20.772  60.986 0.0000000000
79084  -45.028  -21.754  64.330 0.0000000000
80665  -47.776  -19.463  63.758 0.0000000000
77685  -48.735  -20.586  62.504 0.0000000000
86962  -54.655  -15.628  57.966 0.0000000000
80752  -55.657  -19.771  58.268 0.0000000000
86980  -56.238  -15.361  56.789 0.0000000000
92773  -58.248  -13.412  51.060 0.0000000000
87020  -58.613  -15.428  54.191 0.0000000000
87028  -58.039  -15.400  52.884 0.0000000000
83918  -57.271  -16.961  51.120 0.0000000000
76501  -61.433  -22.717  47.452 0.0000000000
77949  -60.034  -21.512  48.256 0.0000000000
73232  -43.387  -23.943  62.201 0.0000000000
87113  -55.454  -16.112  49.379 0.0000000000
78017  -61.419  -21.679  44.719 0.0000000000
76503  -63.366  -22.858  47.106 0.0000000000
78031  -66.148  -21.963  44.490 0.0000000000
80776  -51.380  -19.894  57.636 0.0000000000
82213  -52.892  -18.668  59.743 0.0000000000
88358  -53.016  -15.696  60.009 0.0000000000
65419  -21.923  -29.784  72.974 0.0000000000
65410  -29.423  -29.187  72.595 0.0000000000
73068  -29.374  -26.282  72.236 0.0000000000
68558  -30.679  -27.813  71.591 0.0000000000
71694  -32.832  -26.055  70.381 0.0000000000
70133  -35.362  -26.068  69.951 0.0000000000
67073  -38.353  -28.394  68.857 0.0000000000
70154  -38.925  -27.371  68.444 0.0000000000
65498  -42.789  -29.424  67.651 0.0000000000
74645  -43.836  -23.573  64.487 0.0000000000
73207  -45.936  -25.087  64.704 0.0000000000
71808  -47.329  -25.398  63.077 0.0000000000
158981  -47.752  -23.184  61.706 0.0000000000
79209  -48.939  -20.596  60.168 0.0000000000
86994  -58.315  -15.965  55.750 0.0000000000
82416  -59.254  -18.823  48.061 0.0000000000
83961  -60.746  -17.138  49.850 0.0000000000
60665  -22.451  -32.165  72.036 0.0000000000
85332  -48.403  -17.205  61.987 0.0000000000
85354  -49.344  -17.054  61.454 0.0000000000
83786  -48.758  -17.873  60.030 0.0000000000
68747  -41.872  -27.862  63.492 0.0000000000
68722  -42.832  -27.902  64.775 0.0000000000
70285  -43.160  -26.586  62.956 0.0000000000
80717  -46.639  -19.954  60.839 0.0000000000
82136  -46.147  -20.043  62.763 0.0000000000
82155  -47.305  -18.964  62.353 0.0000000000
83672  -48.351  -18.867  63.403 0.0000000000
86978  -55.233  -15.412  57.464 0.0000000000
89738  -55.256  -13.664  56.579 0.0000000000
89871  -59.385  -14.067  50.349 0.0000000000
88451  -59.168  -14.266  52.257 0.0000000000
88462  -59.591  -14.671  51.337 0.0000000000
87050  -57.852  -15.579  51.645 0.0000000000
87069  -59.649  -15.913  50.639 0.0000000000
74986  -62.377  -23.265  48.963 0.0000000000
76454  -60.956  -22.550  49.274 0.0000000000
73491  -60.119  -23.911  48.627 0.0000000000
79568  -60.962  -20.243  43.091 0.0000000000
78018  -62.524  -21.512  44.731 0.0000000000
76530  -62.761  -22.505  46.351 0.0000000000
77995  -63.169  -22.001  45.448 0.0000000000
76504  -64.294  -22.689  46.833 0.0000000000
79530  -64.547  -21.157  45.336 0.0000000000
81046  -65.007  -20.018  44.238 0.0000000000
82210  -50.661  -19.113  59.387 0.0000000000
80748  -52.466  -19.440  59.000 0.0000000000
82194  -51.217  -18.349  60.292 0.0000000000
88363  -50.987  -15.489  59.491 0.0000000000
88343  -51.802  -15.691  60.433 0.0000000000
89682  -51.858  -15.605  59.264 0.0000000000
89701  -52.792  -15.095  58.140 0.0000000000
86977  -52.592  -15.929  57.454 0.0000000000
67017  -22.507  -28.604  72.762 0.0000000000
68533  -22.827  -27.947  73.317 0.0000000000
73064  -25.491  -26.594  73.081 0.0000000000
74546  -30.946  -25.047  70.937 0.0000000000
73069  -30.464  -25.980  71.869 0.0000000000
70095  -30.223  -26.876  72.529 0.0000000000
71661  -31.174  -26.335  71.779 0.0000000000
68569  -31.452  -27.808  70.986 0.0000000000
71663  -32.578  -25.146  71.231 0.0000000000
70134  -36.068  -26.140  70.062 0.0000000000
68604  -36.537  -27.593  69.150 0.0000000000
70152  -37.184  -26.742  69.219 0.0000000000
68670  -40.290  -28.369  66.725 0.0000000000
70185  -38.916  -27.366  67.115 0.0000000000
68628  -40.220  -28.216  67.828 0.0000000000
67075  -40.406  -28.851  68.790 0.0000000000
67092  -40.949  -28.596  68.106 0.0000000000
65497  -42.181  -29.483  68.143 0.0000000000
68652  -42.805  -28.527  68.200 0.0000000000
68695  -44.389  -27.335  65.946 0.0000000000
67151  -44.196  -28.349  66.431 0.0000000000
68673  -45.402  -27.478  66.046 0.0000000000
70201  -45.805  -26.947  65.540 0.0000000000
74675  -43.562  -23.642  63.445 0.0000000000
76177  -43.222  -22.849  63.945 0.0000000000
77647  -46.515  -22.055  64.424 0.0000000000
76181  -45.375  -22.891  64.929 0.0000000000
74658  -46.293  -23.580  64.310 0.0000000000
71791  -46.698  -25.353  64.156 0.0000000000
74676  -47.086  -23.827  63.255 0.0000000000
74677  -47.859  -22.868  62.976 0.0000000000
80719  -49.519  -19.589  61.525 0.0000000000
79188  -49.024  -20.571  60.977 0.0000000000
80733  -49.292  -19.967  60.379 0.0000000000
79232  -50.127  -19.965  58.689 0.0000000000
68548  -20.786  -27.829  72.883 0.0000000000
68522  -21.204  -28.458  73.878 0.0000000000
65407  -21.812  -29.882  73.635 0.0000000000
77712  -54.365  -20.606  58.609 0.0000000000
76243  -54.898  -21.714  58.621 0.0000000000
77746  -56.595  -21.243  57.852 0.0000000000
91244  -55.192  -12.723  52.461 0.0000000000
89756  -56.881  -13.464  55.394 0.0000000000
91214  -57.893  -12.865  54.058 0.0000000000
82291  -58.123  -18.441  55.195 0.0000000000
82275  -58.440  -18.465  55.520 0.0000000000
77930  -61.328  -20.665  49.809 0.0000000000
80943  -59.548  -19.708  48.399 0.0000000000
80925  -60.933  -19.714  49.724 0.0000000000
83984  -59.872  -18.040  48.544 0.0000000000
82351  -60.351  -18.602  49.944 0.0000000000
82350  -59.841  -18.503  50.260 0.0000000000
82491  -63.468  -18.206  43.485 0.0000000000
81044  -63.963  -19.028  43.760 0.0000000000
82470  -63.846  -17.890  43.786 0.0000000000
85662  -63.801  -16.330  44.101 0.0000000000
82158  -50.169  -18.223  62.223 0.0000000000
83728  -51.042  -17.264  61.966 0.0000000000
88312  -50.134  -16.511  61.897 0.0000000000
88354  -50.362  -15.866  60.705 0.0000000000
85413  -50.463  -16.743  58.719 0.0000000000
70093  -21.843  -27.095  72.830 0.0000000000
71629  -22.752  -26.609  73.368 0.0000000000
71660  -25.452  -26.395  72.252 0.0000000000
67171  -41.906  -28.729  65.970 0.0000000000
67149  -42.904  -28.682  66.925 0.0000000000
67172  -42.875  -28.367  65.898 0.0000000000
70218  -43.694  -26.942  65.342 0.0000000000
71770  -43.743  -25.976  65.170 0.0000000000
80714  -43.890  -21.250  61.566 0.0000000000
80662  -44.150  -21.742  63.622 0.0000000000
80683  -44.927  -20.896  62.895 0.0000000000
80639  -46.804  -20.579  63.954 0.0000000000
77649  -47.715  -21.206  63.806 0.0000000000
74679  -48.324  -21.528  63.147 0.0000000000
79118  -48.656  -20.085  63.276 0.0000000000
80668  -49.148  -19.191  62.889 0.0000000000
67046  -20.830  -28.649  71.397 0.0000000000
83788  -54.241  -17.158  59.105 0.0000000000
80751  -54.922  -19.576  58.678 0.0000000000
82229  -54.891  -17.729  58.240 0.0000000000
83803  -55.772  -17.856  57.765 0.0000000000
83819  -56.795  -18.048  56.863 0.0000000000
91267  -57.769  -13.231  51.562 0.0000000000
89777  -58.611  -13.939  53.970 0.0000000000
91248  -58.932  -13.443  52.522 0.0000000000
85506  -58.442  -15.629  53.817 0.0000000000
77992  -59.828  -22.041  45.957 0.0000000000
77970  -59.589  -21.715  47.230 0.0000000000
76473  -60.368  -22.252  48.237 0.0000000000
76437  -61.079  -22.406  50.059 0.0000000000
82208  -47.173  -19.752  59.671 0.0000000000
79229  -45.668  -20.955  59.372 0.0000000000
91210  -54.795  -13.358  54.522 0.0000000000
91310  -54.441  -13.401  49.985 0.0000000000
89888  -54.792  -14.111  49.302 0.0000000000
88495  -56.820  -14.465  49.743 0.0000000000
87090  -57.240  -15.308  49.537 0.0000000000
78016  -60.369  -21.658  44.841 0.0000000000
76529  -61.738  -22.465  46.481 0.0000000000
76502  -62.400  -22.866  47.382 0.0000000000
76456  -63.078  -23.670  48.500 0.0000000000
79531  -64.883  -21.038  45.308 0.0000000000
77999  -65.793  -22.262  45.791 0.0000000000
79283  -52.622  -20.502  57.279 0.0000000000
79234  -53.542  -19.937  58.746 0.0000000000
82196  -53.356  -18.473  59.971 0.0000000000
83769  -51.882  -17.284  60.744 0.0000000000
85381  -52.790  -16.869  60.492 0.0000000000
83787  -53.791  -17.103  59.657 0.0000000000
86948  -53.817  -15.699  59.299 0.0000000000
91137  -54.092  -14.559  57.932 0.0000000000
82244  -48.596  -18.747  57.722 0.0000000000
83816  -49.746  -17.749  57.949 0.0000000000
85468  -51.354  -17.292  56.728 0.0000000000
62157  -21.900  -30.915  71.160 0.0000000000
63797  -22.361  -30.160  70.756 0.0000000000
62132  -29.929  -30.992  72.391 0.0000000000
70118  -26.199  -26.432  71.142 0.0000000000
73102  -26.857  -25.841  72.052 0.0000000000
73067  -28.206  -26.380  72.630 0.0000000000
65423  -30.078  -29.276  72.368 0.0000000000
70147  -32.973  -26.683  69.381 0.0000000000
70167  -34.471  -26.802  68.763 0.0000000000
71735  -36.689  -26.200  68.031 0.0000000000
70184  -38.368  -26.869  67.505 0.0000000000
70169  -37.493  -26.613  68.570 0.0000000000
68606  -38.291  -27.761  68.922 0.0000000000
67074  -39.246  -28.635  69.006 0.0000000000
67122  -43.111  -28.655  67.056 0.0000000000
71807  -43.633  -24.994  63.699 0.0000000000
73212  -43.780  -25.130  64.427 0.0000000000
73205  -44.645  -24.718  65.232 0.0000000000
76180  -44.621  -22.918  65.096 0.0000000000
74647  -44.947  -23.747  65.131 0.0000000000
71773  -45.733  -25.767  65.090 0.0000000000
70223  -46.483  -26.570  64.687 0.0000000000
70260  -47.140  -26.295  63.567 0.0000000000
76242  -47.601  -23.144  60.653 0.0000000000
77683  -48.285  -21.835  61.891 0.0000000000
77709  -47.784  -22.318  60.889 0.0000000000
76271  -48.366  -21.912  59.073 0.0000000000
77742  -49.054  -20.959  58.368 0.0000000000
63757  -22.134  -30.781  73.035 0.0000000000
91181  -56.020  -12.956  56.061 0.0000000000
85456  -57.304  -16.285  56.467 0.0000000000
82258  -57.996  -18.197  56.592 0.0000000000
85471  -58.863  -16.139  55.196 0.0000000000
83838  -58.752  -17.296  56.193 0.0000000000
77789  -58.521  -21.073  56.231 0.0000000000
87114  -56.511  -16.197  49.307 0.0000000000
87116  -58.756  -16.116  48.821 0.0000000000
79488  -58.662  -20.508  47.102 0.0000000000
80988  -58.175  -19.847  47.636 0.0000000000
85614  -58.663  -17.676  48.203 0.0000000000
85592  -60.120  -16.963  48.756 0.0000000000
87094  -60.701  -15.911  49.597 0.0000000000
85548  -60.114  -16.651  50.390 0.0000000000
59267  -22.589  -33.256  69.849 0.0000000000
83745  -48.159  -18.194  61.897 0.0000000000
85377  -48.756  -17.758  60.977 0.0000000000
83785  -48.245  -18.371  60.464 0.0000000000
68773  -41.355  -27.788  62.707 0.0000000000
70258  -42.617  -27.226  63.435 0.0000000000
82191  -47.073  -19.526  60.532 0.0000000000
82174  -46.835  -19.507  61.461 0.0000000000
82175  -47.700  -18.585  61.689 0.0000000000
83725  -47.849  -18.261  62.037 0.0000000000
89752  -54.094  -14.040  55.997 0.0000000000
89725  -54.989  -14.098  56.975 0.0000000000
89753  -54.639  -13.726  55.954 0.0000000000
89849  -59.579  -14.030  50.973 0.0000000000
88477  -59.992  -14.551  50.543 0.0000000000
87052  -59.972  -15.376  50.958 0.0000000000
87053  -60.297  -15.357  50.735 0.0000000000
73473  -61.884  -24.211  48.985 0.0000000000
73472  -61.114  -23.752  49.075 0.0000000000
79555  -63.048  -20.738  44.131 0.0000000000
78019  -63.448  -21.256  44.870 0.0000000000
77996  -64.131  -21.542  45.522 0.0000000000
82193  -50.393  -18.786  60.002 0.0000000000
82211  -51.329  -18.779  59.376 0.0000000000
86947  -50.903  -15.993  59.118 0.0000000000
89681  -51.347  -15.477  59.407 0.0000000000
88376  -52.088  -15.932  58.593 0.0000000000
86976  -52.063  -16.372  57.864 0.0000000000
68524  -22.084  -28.241  73.366 0.0000000000
73065  -26.266  -26.554  72.970 0.0000000000
71633  -25.995  -26.884  73.303 0.0000000000
74547  -32.049  -24.780  70.972 0.0000000000
73088  -30.907  -25.348  71.280 0.0000000000
73070  -31.274  -25.685  71.500 0.0000000000
71650  -30.903  -26.191  71.933 0.0000000000
73071  -32.004  -25.588  71.164 0.0000000000
71662  -31.923  -25.808  71.178 0.0000000000
73144  -35.821  -25.489  69.703 0.0000000000
71698  -35.996  -25.597  70.167 0.0000000000
71711  -36.382  -25.852  69.751 0.0000000000
70135  -36.410  -26.186  69.729 0.0000000000
68651  -40.278  -28.276  67.178 0.0000000000
67093  -41.810  -28.900  68.325 0.0000000000
67120  -42.087  -28.403  67.902 0.0000000000
68672  -44.810  -27.599  66.177 0.0000000000
70199  -45.201  -27.161  66.111 0.0000000000
68674  -45.743  -27.245  65.758 0.0000000000
76213  -42.752  -22.734  63.077 0.0000000000
77665  -42.648  -22.286  62.764 0.0000000000
76198  -46.809  -22.611  64.221 0.0000000000
74659  -47.090  -23.316  63.761 0.0000000000
73224  -47.253  -23.881  62.876 0.0000000000
80734  -49.713  -19.370  60.645 0.0000000000
80746  -49.875  -19.533  59.550 0.0000000000
70072  -21.390  -27.758  73.411 0.0000000000
68531  -20.868  -28.034  73.550 0.0000000000
68523  -21.614  -28.459  73.628 0.0000000000
79211  -54.435  -20.069  58.785 0.0000000000
77728  -54.690  -21.364  58.570 0.0000000000
79212  -55.248  -20.264  58.750 0.0000000000
77768  -57.351  -21.111  57.321 0.0000000000
76276  -56.776  -22.871  57.980 0.0000000000
76290  -57.207  -22.347  57.475 0.0000000000
74763  -57.406  -23.508  57.233 0.0000000000
91213  -57.012  -12.536  54.233 0.0000000000
91227  -57.209  -12.548  53.301 0.0000000000
77991  -58.804  -21.372  45.538 0.0000000000
79451  -61.517  -20.444  50.003 0.0000000000
79471  -61.074  -20.340  49.525 0.0000000000
82368  -60.452  -18.867  49.686 0.0000000000
83708  -50.061  -17.580  62.523 0.0000000000
83709  -51.065  -16.878  62.639 0.0000000000
86882  -49.703  -16.959  62.404 0.0000000000
86944  -49.565  -16.799  60.377 0.0000000000
86933  -49.827  -16.370  60.761 0.0000000000
86945  -49.926  -16.535  59.806 0.0000000000
86959  -50.335  -16.460  59.235 0.0000000000
85412  -50.029  -17.016  59.094 0.0000000000
70101  -21.502  -27.529  72.219 0.0000000000
70106  -25.446  -26.420  71.880 0.0000000000
68720  -41.449  -28.357  63.937 0.0000000000
67189  -40.985  -28.560  64.589 0.0000000000
67170  -41.010  -28.762  65.705 0.0000000000
67191  -42.426  -28.481  65.422 0.0000000000
70259  -43.171  -26.648  64.043 0.0000000000
68693  -43.392  -27.587  65.271 0.0000000000
70238  -43.370  -26.779  64.894 0.0000000000
80730  -44.392  -21.030  61.247 0.0000000000
80697  -44.391  -21.047  62.326 0.0000000000
80698  -45.247  -20.717  62.397 0.0000000000
82117  -46.612  -19.700  63.299 0.0000000000
82100  -46.098  -20.258  63.394 0.0000000000
82102  -46.978  -19.924  63.915 0.0000000000
79086  -47.071  -20.720  63.949 0.0000000000
79087  -47.719  -20.206  63.909 0.0000000000
79117  -48.013  -20.409  63.831 0.0000000000
79088  -48.257  -20.080  63.647 0.0000000000
83689  -49.113  -18.739  62.801 0.0000000000
80667  -49.190  -19.240  63.179 0.0000000000
83690  -49.380  -18.158  62.709 0.0000000000
82140  -49.564  -18.390  62.616 0.0000000000
68574  -21.275  -27.955  71.475 0.0000000000
68564  -21.020  -27.827  72.106 0.0000000000
85397  -54.492  -16.353  58.618 0.0000000000
83801  -54.671  -17.176  58.377 0.0000000000
86979  -55.767  -15.322  57.160 0.0000000000
85416  -55.447  -16.472  57.510 0.0000000000
85437  -55.884  -16.203  57.124 0.0000000000
82245  -56.607  -18.370  57.213 0.0000000000
85438  -56.556  -16.235  56.743 0.0000000000
92754  -57.776  -13.322  51.270 0.0000000000
91247  -58.304  -13.170  52.467 0.0000000000
91268  -58.634  -13.321  51.765 0.0000000000
88450  -58.915  -14.557  52.212 0.0000000000
88440  -58.855  -14.494  52.705 0.0000000000
87029  -58.404  -14.962  53.126 0.0000000000
83886  -57.967  -16.877  54.264 0.0000000000
85504  -57.227  -16.022  53.007 0.0000000000
76500  -60.489  -22.370  47.295 0.0000000000
76474  -61.182  -22.723  48.389 0.0000000000
76424  -60.746  -22.318  50.196 0.0000000000
79230  -46.137  -20.519  59.727 0.0000000000
89867  -55.191  -13.766  49.841 0.0000000000
87088  -55.115  -15.276  49.474 0.0000000000
87089  -56.096  -15.292  49.650 0.0000000000
88496  -57.931  -14.451  49.624 0.0000000000
79554  -61.883  -21.046  43.867 0.0000000000
79553  -60.702  -21.196  43.998 0.0000000000
79552  -59.999  -21.340  44.220 0.0000000000
77993  -61.006  -22.181  45.615 0.0000000000
76476  -62.974  -23.240  48.226 0.0000000000
76457  -63.338  -23.637  48.065 0.0000000000
73475  -63.111  -24.320  47.982 0.0000000000
76477  -63.800  -23.312  47.322 0.0000000000
76505  -65.078  -22.445  46.601 0.0000000000
79556  -64.148  -20.463  44.457 0.0000000000
79557  -64.850  -20.440  44.611 0.0000000000
79558  -65.382  -20.591  44.427 0.0000000000
78020  -65.671  -21.472  44.945 0.0000000000
79302  -51.628  -20.702  56.747 0.0000000000
79303  -52.268  -20.981  56.627 0.0000000000
80777  -51.801  -19.822  57.543 0.0000000000
82212  -52.209  -18.574  59.590 0.0000000000
80749  -52.930  -19.153  59.440 0.0000000000
80736  -53.618  -19.326  59.298 0.0000000000
85356  -51.314  -16.842  61.509 0.0000000000
83746  -51.501  -17.314  61.149 0.0000000000
88357  -52.373  -15.736  60.308 0.0000000000
86935  -52.197  -16.352  60.559 0.0000000000
86936  -52.954  -16.172  60.338 0.0000000000
83771  -53.537  -17.548  60.158 0.0000000000
85382  -53.402  -16.673  59.989 0.0000000000
85396  -53.925  -16.358  59.352 0.0000000000
88366  -53.325  -15.443  59.485 0.0000000000
89722  -53.131  -14.845  57.327 0.0000000000
91113  -53.169  -14.910  58.432 0.0000000000
63770  -22.044  -30.452  72.409 0.0000000000
63784  -22.083  -30.224  71.603 0.0000000000
65430  -22.162  -29.429  72.143 0.0000000000
67018  -23.446  -28.273  72.655 0.0000000000
71630  -23.486  -26.662  73.490 0.0000000000
70083  -24.503  -27.146  73.458 0.0000000000
65420  -28.386  -29.066  72.577 0.0000000000
65421  -29.049  -29.455  72.592 0.0000000000
62131  -29.399  -30.587  72.029 0.0000000000
63749  -29.662  -29.875  72.906 0.0000000000
70127  -26.708  -26.585  70.599 0.0000000000
71648  -28.850  -26.682  72.998 0.0000000000
70094  -29.621  -26.981  73.064 0.0000000000
70096  -30.677  -26.884  71.975 0.0000000000
68557  -30.286  -27.757  72.342 0.0000000000
67024  -30.285  -28.850  71.836 0.0000000000
63763  -30.971  -30.178  72.845 0.0000000000
65425  -31.041  -29.733  71.874 0.0000000000
63776  -31.349  -30.660  72.118 0.0000000000
70119  -31.860  -26.928  70.609 0.0000000000
68578  -31.843  -27.777  70.448 0.0000000000
70130  -32.429  -26.894  70.032 0.0000000000
68588  -32.023  -27.785  69.868 0.0000000000
71696  -34.816  -25.454  70.324 0.0000000000
70132  -34.404  -26.114  69.807 0.0000000000
70148  -33.872  -26.520  69.120 0.0000000000
70149  -34.951  -26.720  69.172 0.0000000000
68603  -35.577  -27.178  68.987 0.0000000000
68605  -37.421  -27.592  69.161 0.0000000000
67072  -37.524  -28.170  68.854 0.0000000000
65477  -38.017  -28.451  68.685 0.0000000000
65478  -38.393  -28.751  68.764 0.0000000000
70171  -38.979  -27.296  67.887 0.0000000000
70170  -38.383  -26.871  68.250 0.0000000000
70153  -38.326  -27.154  68.815 0.0000000000
65480  -39.942  -29.416  69.137 0.0000000000
63820  -39.765  -29.741  69.130 0.0000000000
63845  -42.480  -29.925  67.747 0.0000000000
67173  -43.327  -28.398  66.273 0.0000000000
67121  -43.097  -28.374  67.740 0.0000000000
71836  -43.560  -25.407  62.331 0.0000000000
71837  -43.710  -24.709  62.622 0.0000000000
74656  -43.709  -23.506  63.924 0.0000000000
73213  -43.819  -24.296  64.246 0.0000000000
73204  -44.118  -24.825  64.771 0.0000000000
80636  -44.248  -21.962  63.931 0.0000000000
79082  -44.144  -22.063  63.889 0.0000000000
77625  -44.439  -22.400  64.669 0.0000000000
74657  -45.587  -23.685  64.703 0.0000000000
73206  -45.406  -24.717  65.049 0.0000000000
71774  -46.313  -25.778  64.614 0.0000000000
71792  -47.071  -25.555  63.840 0.0000000000
158984  -47.586  -23.625  62.140 0.0000000000
76216  -48.431  -21.213  62.820 0.0000000000
158988  -48.401  -21.582  62.762 0.0000000000
77710  -48.492  -21.282  60.815 0.0000000000
77725  -48.460  -21.411  59.766 0.0000000000
77724  -47.984  -22.042  60.030 0.0000000000
79233  -50.750  -19.884  58.269 0.0000000000
79257  -50.308  -20.343  58.057 0.0000000000
79281  -50.709  -20.383  57.523 0.0000000000
63747  -22.108  -30.810  73.537 0.0000000000
62141  -22.237  -31.249  71.955 0.0000000000
79236  -55.520  -20.475  58.502 0.0000000000
77729  -55.426  -21.190  58.606 0.0000000000
76259  -55.727  -21.690  58.582 0.0000000000
91224  -54.450  -13.320  53.498 0.0000000000
89774  -55.063  -13.223  55.137 0.0000000000
88418  -57.546  -14.322  55.341 0.0000000000
88408  -57.134  -14.705  56.018 0.0000000000
86993  -57.806  -15.409  55.896 0.0000000000
83837  -58.250  -17.462  56.200 0.0000000000
88431  -58.591  -14.653  53.915 0.0000000000
88420  -58.521  -14.684  54.530 0.0000000000
87010  -58.727  -15.462  54.678 0.0000000000
82260  -58.672  -18.530  55.794 0.0000000000
77790  -58.953  -20.764  55.802 0.0000000000
80798  -58.753  -19.486  56.114 0.0000000000
76330  -58.269  -21.994  56.031 0.0000000000
87115  -57.658  -16.282  49.169 0.0000000000
79508  -59.078  -21.049  46.871 0.0000000000
79489  -59.196  -20.629  47.548 0.0000000000
80966  -58.765  -19.616  47.886 0.0000000000
82434  -58.829  -19.014  47.777 0.0000000000
82432  -57.951  -19.381  47.970 0.0000000000
82415  -58.743  -18.699  47.949 0.0000000000
84001  -58.326  -18.404  48.029 0.0000000000
84002  -59.008  -18.190  48.163 0.0000000000
83960  -60.618  -17.536  49.528 0.0000000000
85593  -60.694  -16.869  49.162 0.0000000000
87118  -60.637  -16.005  48.789 0.0000000000
85550  -60.989  -16.776  49.935 0.0000000000
83942  -60.756  -16.872  50.027 0.0000000000
85333  -48.515  -17.349  62.072 0.0000000000
86901  -49.368  -16.941  62.060 0.0000000000
85353  -48.728  -17.360  61.692 0.0000000000
85378  -49.209  -17.321  60.823 0.0000000000
68721  -42.025  -28.322  64.217 0.0000000000
68748  -42.490  -27.572  63.999 0.0000000000
80716  -45.955  -20.433  61.000 0.0000000000
82153  -45.863  -20.326  62.422 0.0000000000
82154  -46.477  -19.772  62.323 0.0000000000
82137  -46.628  -19.591  62.824 0.0000000000
82138  -47.022  -19.051  62.886 0.0000000000
82103  -47.995  -19.005  63.843 0.0000000000
83706  -47.862  -18.292  62.771 0.0000000000
85300  -48.559  -17.785  62.829 0.0000000000
88394  -54.730  -14.867  57.622 0.0000000000
88396  -55.491  -14.555  57.044 0.0000000000
88397  -55.976  -14.733  56.855 0.0000000000
91313  -58.953  -13.563  50.752 0.0000000000
91291  -59.242  -13.520  51.329 0.0000000000
91292  -59.276  -13.659  51.199 0.0000000000
87039  -58.455  -14.923  52.229 0.0000000000
87038  -57.854  -15.359  52.165 0.0000000000
87051  -58.749  -15.382  51.290 0.0000000000
85534  -58.396  -16.261  50.774 0.0000000000
74985  -62.262  -23.000  49.285 0.0000000000
76455  -61.826  -22.786  49.173 0.0000000000
74958  -61.882  -23.373  49.438 0.0000000000
73471  -60.566  -23.581  49.210 0.0000000000
77994  -62.088  -22.078  45.538 0.0000000000
76531  -63.766  -22.339  46.243 0.0000000000
76532  -64.577  -22.140  46.208 0.0000000000
77997  -64.852  -21.639  45.841 0.0000000000
82492  -64.334  -18.264  43.725 0.0000000000
81075  -64.577  -18.927  43.623 0.0000000000
78038  -65.875  -21.186  43.547 0.0000000000
80747  -51.071  -19.427  58.752 0.0000000000
80762  -52.166  -19.470  57.998 0.0000000000
88342  -51.236  -15.757  60.851 0.0000000000
89653  -51.698  -15.481  60.272 0.0000000000
89670  -52.246  -15.411  59.969 0.0000000000
88365  -52.736  -15.508  59.795 0.0000000000
89700  -52.433  -15.556  58.680 0.0000000000
88377  -52.534  -15.523  58.161 0.0000000000
86991  -53.025  -15.793  56.924 0.0000000000
67002  -22.271  -28.482  73.213 0.0000000000
68549  -22.700  -28.300  73.149 0.0000000000
68550  -23.252  -28.091  73.093 0.0000000000
68539  -28.802  -27.826  73.431 0.0000000000
71649  -29.940  -26.452  72.542 0.0000000000
70107  -31.225  -26.816  71.607 0.0000000000
68568  -31.200  -27.474  71.321 0.0000000000
70108  -31.591  -26.783  71.145 0.0000000000
71674  -32.181  -26.132  70.798 0.0000000000
70150  -35.880  -26.725  69.483 0.0000000000
70151  -36.580  -26.776  69.427 0.0000000000
68669  -39.615  -28.071  66.604 0.0000000000
68650  -39.591  -27.787  67.504 0.0000000000
68627  -39.538  -27.742  68.191 0.0000000000
68607  -39.278  -27.933  68.745 0.0000000000
67076  -41.209  -29.220  68.975 0.0000000000
67094  -42.558  -28.823  68.129 0.0000000000
68671  -44.198  -27.939  66.158 0.0000000000
68696  -46.049  -27.256  65.268 0.0000000000
68697  -46.188  -26.871  64.980 0.0000000000
74692  -42.731  -23.159  62.077 0.0000000000
74694  -43.606  -23.906  62.814 0.0000000000
74674  -42.956  -23.344  63.060 0.0000000000
74655  -43.234  -23.124  63.692 0.0000000000
74644  -43.514  -23.024  64.075 0.0000000000
77646  -45.877  -22.172  64.554 0.0000000000
77626  -45.190  -22.248  64.667 0.0000000000
76197  -46.052  -22.823  64.526 0.0000000000
73215  -46.418  -24.617  64.221 0.0000000000
73216  -46.831  -24.583  63.680 0.0000000000
73223  -47.150  -24.636  63.225 0.0000000000
73235  -47.529  -23.656  62.457 0.0000000000
76215  -47.873  -23.069  62.117 0.0000000000
79165  -49.198  -20.044  62.114 0.0000000000
77698  -48.738  -20.662  62.079 0.0000000000
79189  -49.065  -20.298  61.611 0.0000000000
80718  -49.254  -19.912  61.065 0.0000000000
80745  -49.318  -20.090  59.827 0.0000000000
79231  -49.295  -20.396  59.232 0.0000000000
67015  -20.429  -28.541  73.279 0.0000000000
67001  -20.593  -28.842  74.083 0.0000000000
66991  -21.020  -29.276  74.499 0.0000000000
66993  -21.743  -29.038  73.744 0.0000000000
79237  -56.095  -20.470  58.087 0.0000000000
76275  -56.238  -22.303  58.319 0.0000000000
91225  -55.210  -12.772  53.522 0.0000000000
91212  -56.098  -12.597  54.408 0.0000000000
89775  -57.472  -13.381  54.733 0.0000000000
88429  -57.853  -14.029  54.749 0.0000000000
82292  -58.118  -17.890  54.999 0.0000000000
83871  -58.693  -17.288  54.978 0.0000000000
79470  -60.360  -20.666  48.699 0.0000000000
80944  -60.399  -19.636  49.092 0.0000000000
82392  -59.851  -18.918  48.731 0.0000000000
82393  -60.375  -18.578  49.256 0.0000000000
83941  -60.447  -17.390  50.036 0.0000000000
79571  -64.010  -19.575  43.769 0.0000000000
82471  -64.062  -18.140  43.814 0.0000000000
84067  -63.813  -17.168  44.035 0.0000000000
84068  -64.141  -17.306  43.981 0.0000000000
82177  -50.987  -17.773  61.235 0.0000000000
82159  -50.720  -17.652  61.960 0.0000000000
85335  -50.925  -16.840  62.196 0.0000000000
88313  -50.406  -16.337  61.683 0.0000000000
88325  -49.927  -16.546  61.850 0.0000000000
88340  -49.898  -16.012  61.046 0.0000000000
88341  -50.560  -15.746  60.839 0.0000000000
88355  -50.723  -15.589  60.164 0.0000000000
86946  -50.623  -16.011  59.619 0.0000000000
85414  -50.899  -16.596  58.492 0.0000000000
70080  -22.049  -27.169  73.135 0.0000000000
70081  -22.579  -27.408  73.358 0.0000000000
71628  -22.442  -26.612  73.186 0.0000000000
71644  -24.241  -26.400  73.256 0.0000000000
73082  -24.931  -26.402  73.046 0.0000000000
73083  -25.643  -26.480  72.701 0.0000000000
73084  -26.633  -26.193  72.593 0.0000000000
67146  -40.365  -28.492  66.288 0.0000000000
67147  -40.988  -28.606  66.655 0.0000000000
67148  -42.020  -28.681  66.880 0.0000000000
68694  -43.783  -27.786  65.792 0.0000000000
70219  -44.140  -26.724  65.607 0.0000000000
71771  -44.407  -25.750  65.381 0.0000000000
80713  -43.119  -21.431  61.755 0.0000000000
79141  -43.138  -21.649  63.117 0.0000000000
80696  -43.446  -21.359  62.318 0.0000000000
80663  -44.822  -21.201  63.419 0.0000000000
80684  -45.650  -20.454  62.821 0.0000000000
80638  -45.692  -20.896  63.828 0.0000000000
79085  -46.062  -21.374  64.314 0.0000000000
79115  -46.753  -21.400  64.188 0.0000000000
77648  -47.163  -21.707  64.137 0.0000000000
74660  -47.867  -22.291  63.562 0.0000000000
76200  -47.976  -21.501  63.645 0.0000000000
76202  -48.408  -21.025  63.040 0.0000000000
77668  -48.730  -20.458  62.879 0.0000000000
80643  -48.901  -19.592  63.178 0.0000000000
79119  -48.987  -19.827  62.961 0.0000000000
79142  -49.135  -20.094  62.409 0.0000000000
80685  -49.446  -19.116  62.590 0.0000000000
80699  -49.805  -19.266  61.868 0.0000000000
70079  -21.228  -27.344  73.142 0.0000000000
83772  -54.080  -17.710  59.556 0.0000000000
80738  -54.801  -19.956  58.779 0.0000000000
82214  -54.463  -18.261  58.668 0.0000000000
82215  -55.363  -18.990  58.269 0.0000000000
85415  -54.950  -16.311  57.806 0.0000000000
83802  -55.338  -17.241  57.793 0.0000000000
82216  -55.813  -19.298  57.978 0.0000000000
80764  -56.523  -19.144  57.568 0.0000000000
80779  -56.909  -19.494  57.278 0.0000000000
79286  -57.358  -20.189  57.196 0.0000000000
91266  -56.476  -13.132  51.447 0.0000000000
91228  -58.028  -13.013  53.234 0.0000000000
91229  -58.626  -13.414  53.234 0.0000000000
89793  -59.041  -13.886  53.297 0.0000000000
89810  -59.255  -13.858  52.488 0.0000000000
88441  -58.708  -14.499  53.210 0.0000000000
85489  -58.614  -16.258  54.343 0.0000000000
85488  -58.391  -16.592  54.344 0.0000000000
76453  -60.393  -22.038  48.771 0.0000000000
77928  -60.533  -21.631  48.985 0.0000000000
77929  -60.934  -21.349  49.610 0.0000000000
77906  -61.275  -20.987  49.911 0.0000000000
82209  -47.670  -19.003  60.009 0.0000000000
82226  -47.187  -19.957  59.015 0.0000000000
79204  -42.614  -21.809  60.783 0.0000000000
80729  -44.041  -21.201  61.088 0.0000000000
79206  -44.435  -21.226  60.716 0.0000000000
79207  -45.379  -20.888  60.355 0.0000000000
80731  -45.915  -20.523  60.410 0.0000000000
80732  -46.491  -20.279  60.214 0.0000000000
88438  -54.142  -14.532  53.767 0.0000000000
89792  -54.457  -13.807  54.222 0.0000000000
91223  -53.940  -13.634  52.940 0.0000000000
91242  -53.517  -13.589  52.209 0.0000000000
92753  -54.246  -12.868  50.999 0.0000000000
91265  -55.113  -12.994  51.332 0.0000000000
89825  -55.136  -13.212  50.849 0.0000000000
89848  -55.999  -13.611  50.653 0.0000000000
91289  -57.017  -13.399  50.811 0.0000000000
89868  -56.522  -13.817  50.095 0.0000000000
88494  -55.506  -14.449  49.624 0.0000000000
89869  -57.583  -13.800  49.961 0.0000000000
89870  -58.550  -13.834  50.040 0.0000000000
88497  -58.960  -14.541  49.686 0.0000000000
76528  -60.858  -22.386  46.543 0.0000000000
76475  -62.118  -22.918  48.528 0.0000000000
74959  -62.623  -23.751  48.837 0.0000000000
73493  -61.734  -24.451  48.097 0.0000000000
79532  -65.272  -21.034  45.119 0.0000000000
79259  -53.065  -20.035  58.280 0.0000000000
79235  -53.689  -20.351  58.477 0.0000000000
77711  -53.937  -20.139  58.649 0.0000000000
82178  -51.581  -17.613  60.846 0.0000000000
82195  -52.104  -18.011  60.358 0.0000000000
85380  -51.863  -16.946  60.753 0.0000000000
83770  -52.506  -17.533  60.514 0.0000000000
82197  -54.119  -18.439  59.565 0.0000000000
86949  -54.330  -15.666  58.790 0.0000000000
89684  -53.440  -14.962  59.019 0.0000000000
89685  -53.955  -14.699  58.836 0.0000000000
88380  -54.269  -14.756  58.345 0.0000000000
88427  -53.871  -14.313  55.016 0.0000000000
83798  -48.302  -18.541  59.618 0.0000000000
83799  -48.935  -18.126  58.730 0.0000000000
83815  -49.292  -18.365  57.415 0.0000000000
83800  -49.682  -17.507  58.654 0.0000000000
85433  -50.189  -17.297  58.399 0.0000000000
85453  -50.381  -17.506  57.747 0.0000000000
85454  -50.955  -17.312  57.341 0.0000000000
85455  -51.629  -16.784  57.180 0.0000000000
86990  -52.333  -16.320  57.028 0.0000000000
60680  -22.142  -32.007  71.160 0.0000000000
62172  -21.840  -31.106  70.312 0.0000000000
68534  -23.842  -27.562  73.307 0.0000000000
71670  -26.101  -26.287  71.780 0.0000000000
73101  -26.183  -26.301  72.298 0.0000000000
73055  -27.790  -26.508  73.043 0.0000000000
67006  -29.341  -28.411  72.866 0.0000000000
68556  -30.011  -27.426  72.912 0.0000000000
65411  -29.876  -29.311  72.549 0.0000000000
62121  -30.623  -30.436  72.961 0.0000000000
67038  -31.154  -28.854  71.183 0.0000000000
71675  -33.020  -25.305  70.862 0.0000000000
70131  -33.403  -26.311  69.865 0.0000000000
68626  -36.593  -27.929  68.826 0.0000000000
73180  -36.126  -25.760  67.798 0.0000000000
70197  -38.082  -26.957  66.726 0.0000000000
70183  -37.652  -26.596  67.746 0.0000000000
65479  -39.236  -29.259  68.961 0.0000000000
68653  -42.972  -27.941  68.308 0.0000000000
68631  -43.098  -28.328  68.129 0.0000000000
67095  -43.057  -28.819  67.690 0.0000000000
65517  -43.411  -29.326  66.977 0.0000000000
71823  -43.644  -25.711  63.413 0.0000000000
71806  -43.626  -25.530  64.077 0.0000000000
73222  -43.736  -24.163  63.594 0.0000000000
73221  -43.644  -24.798  64.054 0.0000000000
73203  -43.813  -25.461  64.747 0.0000000000
77645  -43.190  -22.090  63.405 0.0000000000
76178  -43.672  -22.989  64.191 0.0000000000
76179  -43.895  -22.926  64.891 0.0000000000
74646  -44.243  -23.737  65.089 0.0000000000
71772  -45.100  -25.688  65.411 0.0000000000
70221  -45.525  -26.486  65.506 0.0000000000
70222  -45.994  -26.638  65.023 0.0000000000
71775  -46.784  -25.990  64.408 0.0000000000
70239  -46.809  -26.510  64.263 0.0000000000
74678  -48.196  -22.084  63.270 0.0000000000
77667  -48.146  -22.510  62.470 0.0000000000
76214  -48.031  -22.360  61.689 0.0000000000
77697  -48.565  -21.108  61.629 0.0000000000
77696  -48.171  -21.742  61.409 0.0000000000
77763  -49.351  -21.307  57.482 0.0000000000
79256  -49.686  -20.446  58.458 0.0000000000
77764  -50.052  -20.802  57.447 0.0000000000
63771  -22.437  -31.267  72.751 0.0000000000
77714  -55.120  -21.105  58.673 0.0000000000
89754  -55.101  -13.387  55.765 0.0000000000
91180  -55.536  -13.280  56.139 0.0000000000
88407  -56.422  -14.424  56.428 0.0000000000
91197  -56.184  -12.761  55.441 0.0000000000
86992  -56.924  -15.378  56.428 0.0000000000
83835  -56.853  -16.851  56.673 0.0000000000
83836  -57.361  -17.448  56.585 0.0000000000
79287  -57.856  -20.231  57.152 0.0000000000
91215  -58.403  -13.305  53.822 0.0000000000
89757  -58.273  -14.159  54.567 0.0000000000
87009  -58.540  -15.411  55.302 0.0000000000
85459  -58.814  -16.828  55.361 0.0000000000
85458  -58.550  -16.559  55.633 0.0000000000
82259  -58.508  -18.530  56.275 0.0000000000
79304  -58.567  -20.308  56.487 0.0000000000
77769  -58.126  -21.130  56.815 0.0000000000
87091  -58.350  -15.325  49.393 0.0000000000
87092  -59.396  -15.357  49.305 0.0000000000
77969  -59.119  -21.356  46.395 0.0000000000
79507  -58.281  -20.692  46.566 0.0000000000
80965  -58.538  -20.281  47.349 0.0000000000
80987  -57.342  -20.065  46.910 0.0000000000
85613  -58.164  -17.849  47.993 0.0000000000
85590  -57.992  -17.160  48.294 0.0000000000
85615  -59.381  -17.536  48.425 0.0000000000
85591  -59.156  -16.889  48.515 0.0000000000
87117  -59.825  -16.085  48.838 0.0000000000
87093  -60.255  -15.538  49.392 0.0000000000
88499  -60.433  -15.221  50.042 0.0000000000
87070  -60.492  -15.868  50.289 0.0000000000
85547  -59.135  -16.543  50.410 0.0000000000
83940  -59.451  -17.470  50.228 0.0000000000
83939  -58.195  -17.345  50.654 0.0000000000
62122  -31.028  -30.268  72.987 0.0000000000
62133  -30.620  -31.043  72.713 0.0000000000
62142  -22.596  -31.843  72.517 0.0000000000
63750  -29.998  -29.928  72.993 0.0000000000
63751  -30.460  -30.071  72.991 0.0000000000
63761  -29.420  -30.171  72.702 0.0000000000
63762  -29.915  -30.446  72.856 0.0000000000
63775  -31.428  -30.761  71.909 0.0000000000
63819  -39.611  -29.519  69.033 0.0000000000
65408  -28.505  -28.779  72.723 0.0000000000
65412  -30.449  -29.702  72.711 0.0000000000
65422  -29.415  -29.673  72.714 0.0000000000
65424  -30.676  -29.577  72.276 0.0000000000
65435  -31.358  -30.455  71.848 0.0000000000
65436  -31.175  -29.810  71.676 0.0000000000
67016  -22.431  -28.505  73.068 0.0000000000
67023  -30.001  -28.673  72.284 0.0000000000
67047  -21.378  -28.248  70.905 0.0000000000
67091  -37.685  -28.383  68.561 0.0000000000
68540  -29.519  -27.743  73.117 0.0000000000
68559  -30.972  -28.175  71.122 0.0000000000
68565  -21.573  -27.686  71.874 0.0000000000
68629  -42.579  -28.532  68.316 0.0000000000
68630  -42.975  -28.336  68.517 0.0000000000
68654  -43.134  -28.239  67.982 0.0000000000
70073  -21.777  -27.874  73.402 0.0000000000
70092  -21.357  -27.405  72.584 0.0000000000
70102  -22.091  -27.183  72.147 0.0000000000
70105  -24.850  -26.439  71.983 0.0000000000
70200  -45.516  -26.963  65.950 0.0000000000
71642  -22.704  -26.251  73.135 0.0000000000
71645  -26.214  -26.721  73.174 0.0000000000
71646  -26.558  -26.628  73.187 0.0000000000
71651  -31.458  -26.064  71.563 0.0000000000
71693  -32.313  -26.477  70.474 0.0000000000
71824  -43.762  -24.850  63.113 0.0000000000
73052  -25.362  -26.745  73.287 0.0000000000
73053  -25.878  -26.731  73.161 0.0000000000
73090  -32.395  -25.014  71.376 0.0000000000
73214  -45.865  -24.367  64.533 0.0000000000
73233  -43.612  -24.126  62.801 0.0000000000
73246  -43.586  -24.489  62.261 0.0000000000
73474  -62.554  -24.288  48.453 0.0000000000
74643  -43.009  -23.159  63.977 0.0000000000
74654  -42.891  -23.031  63.419 0.0000000000
74661  -48.164  -21.632  63.414 0.0000000000
74662  -48.276  -21.300  63.261 0.0000000000
74673  -42.760  -23.065  62.870 0.0000000000
74693  -43.162  -23.459  62.636 0.0000000000
74695  -47.503  -23.935  62.055 0.0000000000
74707  -43.081  -23.572  61.901 0.0000000000
74708  -47.515  -23.972  61.742 0.0000000000
74748  -57.047  -23.239  57.767 0.0000000000
74762  -56.954  -23.820  57.665 0.0000000000
74960  -63.230  -24.015  48.426 0.0000000000
76196  -42.971  -22.847  63.515 0.0000000000
76201  -48.223  -21.068  63.359 0.0000000000
76244  -55.082  -21.380  58.706 0.0000000000
76256  -48.133  -21.981  59.669 0.0000000000
76257  -54.908  -22.239  58.619 0.0000000000
76258  -55.303  -22.056  58.731 0.0000000000
76289  -56.670  -21.913  57.761 0.0000000000
76306  -57.653  -22.860  56.952 0.0000000000
76307  -57.897  -22.148  56.596 0.0000000000
76533  -64.819  -22.021  46.145 0.0000000000
76535  -65.997  -22.571  45.759 0.0000000000
77622  -43.129  -22.670  63.586 0.0000000000
77623  -43.493  -22.595  63.792 0.0000000000
77624  -43.939  -22.592  64.296 0.0000000000
77644  -42.878  -22.397  63.323 0.0000000000
77650  -48.193  -20.734  63.546 0.0000000000
77651  -48.557  -20.480  63.220 0.0000000000
77666  -48.196  -22.311  62.151 0.0000000000
77684  -48.384  -21.649  62.452 0.0000000000
77695  -42.406  -21.874  61.152 0.0000000000
77713  -54.870  -20.946  58.662 0.0000000000
77726  -53.894  -20.322  58.649 0.0000000000
77730  -56.119  -21.144  58.269 0.0000000000
77743  -49.762  -20.633  58.063 0.0000000000
77747  -56.908  -20.837  57.552 0.0000000000
77767  -56.925  -21.662  57.567 0.0000000000
77812  -58.893  -20.579  55.804 0.0000000000
77886  -61.172  -20.947  50.110 0.0000000000
77905  -60.844  -21.552  49.928 0.0000000000
78021  -65.902  -22.118  45.364 0.0000000000
79083  -44.343  -22.123  64.211 0.0000000000
79089  -48.798  -19.864  63.268 0.0000000000
79112  -43.024  -21.875  63.267 0.0000000000
79113  -43.459  -21.933  63.563 0.0000000000
79114  -46.285  -21.723  64.412 0.0000000000
79116  -47.405  -20.911  63.894 0.0000000000
79140  -42.796  -21.947  63.084 0.0000000000
79163  -42.790  -21.682  62.563 0.0000000000
79164  -43.271  -21.459  62.788 0.0000000000
79184  -42.665  -21.673  61.440 0.0000000000
79185  -43.139  -21.479  61.268 0.0000000000
79186  -44.683  -20.889  61.161 0.0000000000
79208  -45.916  -20.651  60.030 0.0000000000
79210  -53.926  -19.922  58.827 0.0000000000
79213  -55.123  -20.473  58.684 0.0000000000
79258  -50.965  -20.040  57.794 0.0000000000
79260  -53.598  -20.659  57.942 0.0000000000
79261  -56.623  -20.402  57.632 0.0000000000
79262  -57.040  -20.544  57.381 0.0000000000
79282  -51.420  -20.209  57.310 0.0000000000
79285  -56.912  -20.113  57.325 0.0000000000
79301  -50.876  -20.577  57.033 0.0000000000
79305  -58.849  -20.207  56.106 0.0000000000
79325  -58.967  -20.262  55.767 0.0000000000
79429  -61.128  -20.473  50.203 0.0000000000
79450  -61.410  -20.121  49.820 0.0000000000
79472  -61.426  -20.364  49.791 0.0000000000
80637  -44.709  -21.654  63.888 0.0000000000
80640  -47.404  -19.921  63.929 0.0000000000
80641  -48.057  -19.755  63.923 0.0000000000
80642  -48.465  -19.558  63.480 0.0000000000
80664  -45.544  -20.614  63.238 0.0000000000
80666  -47.804  -19.257  63.983 0.0000000000
80682  -43.886  -21.305  63.065 0.0000000000
80695  -42.905  -21.497  62.088 0.0000000000
80712  -42.797  -21.558  61.806 0.0000000000
80715  -45.030  -20.824  61.643 0.0000000000
80735  -53.326  -19.556  59.110 0.0000000000
80750  -54.319  -18.958  58.931 0.0000000000
80761  -51.344  -19.687  57.981 0.0000000000
80763  -56.277  -19.645  57.747 0.0000000000
80778  -56.669  -19.905  57.483 0.0000000000
80780  -57.683  -19.539  56.929 0.0000000000
80797  -58.351  -19.544  56.577 0.0000000000
80819  -58.562  -19.464  55.526 0.0000000000
80820  -58.736  -19.634  55.644 0.0000000000
80989  -58.571  -19.266  47.928 0.0000000000
81074  -63.693  -19.137  43.588 0.0000000000
82101  -46.561  -20.043  63.739 0.0000000000
82104  -48.326  -19.128  63.532 0.0000000000
82105  -48.971  -19.250  63.077 0.0000000000
82116  -46.078  -20.046  63.116 0.0000000000
82118  -47.323  -19.416  63.602 0.0000000000
82119  -47.900  -19.127  63.667 0.0000000000
82120  -48.562  -18.932  63.344 0.0000000000
82121  -48.810  -18.998  63.176 0.0000000000
82122  -49.063  -19.150  62.900 0.0000000000
82139  -50.118  -18.083  62.677 0.0000000000
82156  -47.761  -18.493  61.968 0.0000000000
82157  -50.063  -18.136  62.292 0.0000000000
82172  -45.409  -20.668  61.880 0.0000000000
82173  -45.999  -20.301  61.859 0.0000000000
82230  -55.315  -18.142  58.124 0.0000000000
82231  -56.088  -18.647  57.725 0.0000000000
82232  -56.697  -18.861  57.383 0.0000000000
82246  -57.225  -18.662  56.857 0.0000000000
82247  -58.019  -18.913  56.675 0.0000000000
82433  -58.466  -19.026  47.994 0.0000000000
83671  -48.119  -18.919  63.535 0.0000000000
83686  -47.781  -18.958  63.528 0.0000000000
83687  -48.225  -18.654  63.337 0.0000000000
83688  -48.721  -18.601  63.076 0.0000000000
83705  -47.668  -18.792  63.241 0.0000000000
83707  -49.932  -17.864  62.486 0.0000000000
83724  -47.627  -18.632  62.786 0.0000000000
83726  -50.152  -17.778  62.442 0.0000000000
83727  -50.512  -17.527  62.332 0.0000000000
83747  -51.881  -17.524  60.687 0.0000000000
83767  -48.357  -18.102  61.292 0.0000000000
83768  -48.636  -17.828  60.776 0.0000000000
83817  -55.738  -16.799  57.440 0.0000000000
83818  -56.292  -17.379  57.196 0.0000000000
83870  -58.374  -17.240  54.711 0.0000000000
83919  -57.932  -16.698  51.050 0.0000000000
83985  -60.535  -17.561  49.000 0.0000000000
84000  -57.616  -18.300  48.021 0.0000000000
84023  -58.190  -18.831  48.145 0.0000000000
85301  -48.901  -17.891  62.949 0.0000000000
85302  -49.023  -17.913  62.894 0.0000000000
85303  -49.028  -17.735  62.924 0.0000000000
85314  -48.443  -17.799  62.279 0.0000000000
85315  -48.717  -17.594  62.417 0.0000000000
85316  -48.933  -17.154  62.334 0.0000000000
85318  -50.444  -16.947  62.597 0.0000000000
85334  -48.842  -17.240  62.151 0.0000000000
85355  -49.621  -16.713  61.211 0.0000000000
85379  -49.488  -16.965  60.838 0.0000000000
85395  -49.722  -17.023  59.453 0.0000000000
85411  -49.574  -17.399  59.148 0.0000000000
85434  -50.709  -17.067  58.126 0.0000000000
85436  -55.450  -15.919  57.400 0.0000000000
85457  -58.008  -16.519  56.099 0.0000000000
85472  -58.989  -16.369  54.963 0.0000000000
85505  -58.175  -16.053  53.751 0.0000000000
85519  -57.330  -15.959  52.007 0.0000000000
85549  -60.709  -16.623  50.057 0.0000000000
85566  -61.297  -17.064  49.261 0.0000000000
85567  -60.785  -16.717  49.445 0.0000000000
85594  -60.866  -16.576  49.174 0.0000000000
86883  -50.118  -16.766  62.406 0.0000000000
86884  -50.489  -16.614  62.144 0.0000000000
86899  -48.435  -16.966  61.928 0.0000000000
86900  -48.659  -16.920  62.155 0.0000000000
86915  -48.661  -17.062  61.900 0.0000000000
86916  -49.003  -17.120  61.899 0.0000000000
86917  -49.677  -16.679  61.521 0.0000000000
86918  -51.513  -16.370  60.975 0.0000000000
86932  -49.568  -16.779  60.697 0.0000000000
86934  -50.389  -16.047  60.295 0.0000000000
86937  -53.385  -16.003  59.730 0.0000000000
86960  -50.724  -16.254  58.954 0.0000000000
86961  -51.362  -16.266  58.655 0.0000000000
87008  -58.090  -14.900  55.362 0.0000000000
87030  -58.491  -15.320  53.796 0.0000000000
87068  -58.960  -15.893  50.593 0.0000000000
87071  -60.655  -16.232  50.080 0.0000000000
87095  -60.798  -16.333  49.731 0.0000000000
87119  -60.873  -16.371  49.290 0.0000000000
88311  -49.882  -16.700  62.145 0.0000000000
88326  -50.248  -16.195  61.414 0.0000000000
88327  -50.600  -15.987  61.309 0.0000000000
88356  -51.810  -15.966  60.632 0.0000000000
88364  -51.406  -15.725  59.114 0.0000000000
88367  -54.059  -15.164  59.039 0.0000000000
88368  -54.303  -15.254  58.855 0.0000000000
88378  -54.464  -15.081  58.028 0.0000000000
88379  -54.458  -15.090  58.107 0.0000000000
88392  -52.457  -15.804  57.916 0.0000000000
88393  -52.806  -15.365  57.506 0.0000000000
88395  -54.927  -14.868  57.467 0.0000000000
88406  -55.810  -14.193  56.656 0.0000000000
88417  -56.846  -14.105  55.817 0.0000000000
88419  -58.204  -14.478  54.872 0.0000000000
88428  -54.314  -13.943  54.844 0.0000000000
88430  -58.060  -14.096  54.641 0.0000000000
88461  -58.992  -14.829  51.778 0.0000000000
88463  -60.227  -15.104  51.030 0.0000000000
88478  -60.268  -15.127  50.706 0.0000000000
89652  -51.166  -15.429  60.290 0.0000000000
89654  -52.027  -15.534  60.256 0.0000000000
89668  -51.278  -15.339  59.729 0.0000000000
89669  -51.944  -15.352  59.899 0.0000000000
89683  -52.669  -15.432  59.170 0.0000000000
89686  -53.995  -14.171  58.929 0.0000000000
89702  -54.591  -15.015  57.809 0.0000000000
89703  -54.333  -14.768  57.905 0.0000000000
89704  -54.147  -14.271  58.372 0.0000000000
89723  -54.572  -14.796  57.687 0.0000000000
89724  -54.582  -14.424  57.502 0.0000000000
89739  -55.909  -13.648  56.378 0.0000000000
89755  -56.390  -13.535  55.981 0.0000000000
89758  -58.399  -14.189  54.440 0.0000000000
89772  -54.296  -13.909  55.380 0.0000000000
89773  -54.632  -13.576  55.121 0.0000000000
89776  -58.164  -13.723  54.371 0.0000000000
89826  -55.581  -13.285  50.968 0.0000000000
89827  -59.388  -13.970  51.690 0.0000000000
89847  -55.167  -13.426  50.481 0.0000000000
89866  -54.675  -13.986  49.178 0.0000000000
91114  -53.709  -14.680  58.471 0.0000000000
91115  -54.021  -14.420  58.623 0.0000000000
91116  -54.165  -13.897  58.532 0.0000000000
91135  -53.337  -14.740  57.739 0.0000000000
91136  -53.653  -14.709  57.981 0.0000000000
91138  -54.218  -14.065  58.283 0.0000000000
91161  -53.793  -14.323  57.499 0.0000000000
91196  -55.522  -13.037  55.577 0.0000000000
91198  -56.796  -12.800  54.931 0.0000000000
91226  -56.174  -12.611  53.420 0.0000000000
91246  -57.408  -12.875  52.402 0.0000000000
91269  -59.143  -13.546  51.816 0.0000000000
91288  -54.689  -13.221  50.592 0.0000000000
91290  -57.780  -13.409  50.926 0.0000000000
91309  -54.513  -13.621  49.626 0.0000000000
91311  -57.429  -13.510  50.411 0.0000000000
91312  -58.180  -13.483  50.544 0.0000000000
91314  -59.350  -13.762  50.805 0.0000000000
91331  -53.910  -13.507  49.503 0.0000000000
92752  -53.989  -12.812  50.998 0.0000000000
92755  -58.275  -13.363  51.398 0.0000000000
92772  -54.255  -13.030  50.647 0.0000000000
92774  -58.628  -13.432  51.271 0.0000000000
92789  -58.598  -13.467  50.941 0.0000000000
92790  -59.127  -13.524  50.986 0.0000000000
158980  -47.626  -23.571  61.972 0.0000000000
158982  -47.759  -22.992  61.418 0.0000000000
158983  -47.504  -23.785  62.258 0.0000000000
158985  -47.692  -23.373  61.852 0.0000000000
158986  -47.845  -22.812  61.569 0.0000000000
158987  -48.367  -21.866  62.938 0.0000000000
