#!ascii label  , from subject sub-01 vox2ras=TkReg
1258
85041  -22.897  -17.130  -16.054 0.5555555820
86623  -23.258  -16.500  -16.726 0.6666666865
86645  -24.413  -16.294  -17.724 0.7777777910
86665  -24.881  -16.311  -18.142 0.7777777910
89419  -25.306  -15.099  -18.873 0.8888888955
89407  -28.738  -14.909  -17.366 0.8888888955
85025  -21.738  -16.808  -15.350 0.5555555820
86622  -22.365  -16.261  -16.362 0.5555555820
86643  -23.027  -15.809  -17.240 0.6666666865
88090  -22.992  -15.108  -17.462 0.8888888955
88109  -25.661  -15.769  -18.170 0.8888888955
90785  -26.557  -14.583  -17.752 0.8888888955
90787  -28.083  -14.145  -17.803 1.0000000000
89408  -29.628  -14.934  -17.329 0.8888888955
90789  -29.824  -13.956  -17.421 1.0000000000
89393  -21.915  -14.850  -16.831 0.7777777910
89416  -22.781  -14.248  -18.041 1.0000000000
90799  -23.549  -13.848  -18.767 1.0000000000
89429  -24.065  -14.643  -19.338 1.0000000000
90818  -25.996  -13.109  -19.292 1.0000000000
90816  -24.327  -13.698  -19.465 1.0000000000
92289  -26.589  -12.917  -18.770 1.0000000000
92308  -25.440  -12.508  -19.593 1.0000000000
92309  -26.195  -12.261  -19.342 1.0000000000
92290  -27.403  -12.621  -18.410 1.0000000000
90806  -30.069  -13.271  -18.023 1.0000000000
93753  -26.799  -12.109  -18.931 1.0000000000
92291  -28.308  -12.347  -17.970 1.0000000000
92293  -30.481  -12.470  -17.859 1.0000000000
93756  -29.619  -11.212  -17.849 1.0000000000
93757  -30.714  -11.471  -17.713 0.7777777910
92288  -22.420  -12.592  -18.724 0.8888888955
90815  -23.872  -13.193  -18.967 1.0000000000
92306  -23.724  -12.517  -19.710 1.0000000000
93773  -25.742  -11.526  -19.755 1.0000000000
93775  -27.210  -10.699  -19.324 1.0000000000
93755  -28.539  -11.261  -18.075 1.0000000000
95160  -28.916  -10.266  -18.173 1.0000000000
95161  -30.057  -10.409  -18.123 1.0000000000
93739  -31.739  -11.146  -18.961 0.8888888955
95162  -31.079  -10.459  -18.127 1.0000000000
95164  -32.276  -10.647  -19.281 0.7777777910
93791  -33.106  -11.521  -20.882 0.7777777910
93769  -22.118  -11.193  -19.180 0.5555555820
95197  -24.207  -10.052  -21.294 0.7777777910
95170  -23.196  -10.829  -20.152 0.8888888955
95173  -25.738  -10.985  -20.116 1.0000000000
93774  -26.610  -11.286  -19.535 1.0000000000
95186  -25.815  -10.327  -20.241 0.8888888955
95187  -26.630  -10.059  -20.169 1.0000000000
95175  -27.282  -10.031  -19.613 1.0000000000
96555  -29.458  -9.283  -18.080 1.0000000000
96556  -30.479  -9.675  -18.096 0.8888888955
96540  -30.133  -9.103  -17.900 1.0000000000
96541  -30.753  -9.138  -17.896 0.8888888955
97853  -32.189  -8.699  -19.142 0.7777777910
95189  -32.587  -10.539  -21.273 0.6666666865
96580  -32.488  -9.550  -20.649 0.6666666865
96564  -20.296  -9.311  -19.405 0.4444444478
95182  -22.141  -9.870  -20.311 0.7777777910
97876  -22.128  -8.838  -20.840 0.6666666865
97878  -25.685  -8.723  -20.284 0.7777777910
96577  -25.294  -9.396  -20.462 0.8888888955
96579  -27.144  -9.410  -20.137 0.8888888955
96554  -28.291  -9.413  -18.689 1.0000000000
97865  -27.521  -8.637  -19.541 1.0000000000
97849  -28.545  -8.422  -18.686 1.0000000000
97850  -29.547  -8.342  -18.231 1.0000000000
99101  -30.266  -7.732  -18.150 0.8888888955
99102  -31.310  -7.838  -18.101 0.7777777910
97867  -32.504  -8.634  -19.988 0.7777777910
96598  -31.797  -10.225  -22.664 0.5555555820
99132  -32.588  -7.662  -20.358 0.7777777910
97895  -32.038  -8.555  -21.612 0.6666666865
97890  -21.716  -7.861  -20.924 0.6666666865
97875  -21.325  -8.514  -20.579 0.6666666865
97877  -24.825  -8.505  -21.007 0.7777777910
99144  -24.057  -7.598  -21.555 0.7777777910
97863  -26.038  -8.237  -19.848 0.8888888955
97864  -26.823  -8.389  -19.661 0.8888888955
99114  -26.427  -7.644  -19.561 1.0000000000
99115  -27.309  -7.615  -19.303 1.0000000000
99099  -28.244  -7.367  -18.745 1.0000000000
99100  -29.179  -7.519  -18.419 0.8888888955
100372  -30.911  -6.719  -18.277 0.8888888955
100373  -32.009  -6.870  -18.628 0.8888888955
99117  -32.358  -7.751  -19.376 0.7777777910
100371  -29.830  -6.646  -18.343 0.8888888955
101597  -31.470  -5.672  -18.543 0.7777777910
100387  -32.511  -6.705  -19.675 0.7777777910
99146  -32.244  -7.690  -21.457 0.7777777910
97894  -31.667  -8.488  -22.236 0.6666666865
99142  -22.033  -7.291  -21.300 0.6666666865
99143  -23.002  -7.414  -21.489 0.7777777910
99130  -24.702  -7.447  -21.055 0.8888888955
99113  -25.832  -7.525  -19.828 0.8888888955
100384  -26.571  -6.765  -19.480 1.0000000000
100383  -26.065  -7.164  -19.642 1.0000000000
100370  -28.827  -6.589  -18.516 1.0000000000
101598  -32.064  -5.779  -19.289 0.7777777910
102819  -32.289  -5.129  -19.582 0.7777777910
100419  -32.117  -6.439  -21.934 0.6666666865
100418  -31.658  -7.027  -22.495 0.5555555820
99145  -31.765  -7.471  -22.184 0.5555555820
100415  -22.483  -6.469  -21.771 0.6666666865
100399  -24.904  -6.865  -20.691 0.8888888955
100401  -26.197  -5.942  -19.783 1.0000000000
101607  -26.953  -5.788  -19.503 1.0000000000
102815  -28.815  -4.895  -18.535 0.8888888955
101595  -29.329  -5.686  -18.384 0.8888888955
102816  -29.607  -4.644  -18.400 0.8888888955
102818  -31.794  -4.622  -19.231 0.7777777910
102835  -31.917  -4.082  -19.773 0.7777777910
102836  -32.342  -4.570  -20.156 0.7777777910
104093  -31.357  -3.680  -19.029 0.7777777910
102852  -32.252  -4.509  -21.193 0.5555555820
100430  -31.719  -5.712  -22.366 0.5555555820
104128  -32.295  -3.664  -20.812 0.6666666865
101639  -20.987  -5.135  -21.354 0.4444444478
100414  -21.512  -6.327  -21.710 0.5555555820
101641  -23.773  -5.450  -21.835 0.7777777910
101623  -24.684  -5.916  -20.498 1.0000000000
101625  -26.332  -5.094  -19.720 1.0000000000
102831  -27.035  -4.909  -19.240 0.8888888955
102833  -28.354  -4.363  -19.038 0.8888888955
102834  -28.948  -4.278  -18.983 0.8888888955
104092  -30.476  -3.703  -18.268 0.8888888955
104112  -32.272  -3.588  -19.979 0.6666666865
102869  -31.743  -4.287  -22.111 0.5555555820
104158  -23.171  -3.783  -22.412 0.6666666865
102883  -23.215  -4.576  -22.478 0.6666666865
104124  -25.341  -3.520  -20.396 0.7777777910
102849  -26.454  -4.229  -19.425 0.8888888955
104125  -25.909  -3.322  -19.775 0.7777777910
104126  -26.706  -3.537  -19.194 0.7777777910
104127  -27.086  -3.776  -18.777 0.8888888955
105420  -28.063  -3.059  -19.118 0.7777777910
104110  -28.767  -3.882  -19.069 0.8888888955
106795  -29.579  -1.941  -18.127 0.7777777910
105404  -30.059  -2.830  -18.041 0.7777777910
105405  -31.031  -2.688  -18.246 0.6666666865
108169  -29.349  -1.010  -18.247 0.6666666865
108183  -31.364  -1.058  -19.216 0.6666666865
105442  -32.061  -2.333  -19.736 0.6666666865
105423  -32.240  -2.957  -19.614 0.5555555820
109518  -31.469  -0.328  -19.364 0.6666666865
108192  -31.861  -0.875  -19.845 0.5555555820
106822  -32.356  -1.753  -20.994 0.5555555820
104145  -31.645  -3.450  -22.021 0.4444444478
106843  -21.829  -1.249  -22.317 0.3333333433
105479  -22.193  -2.303  -22.758 0.3333333433
105462  -24.100  -2.623  -21.669 0.5555555820
105437  -24.739  -2.633  -21.093 0.6666666865
106816  -24.885  -2.019  -21.182 0.5555555820
105438  -25.252  -2.632  -20.503 0.7777777910
105440  -26.429  -2.750  -19.570 0.7777777910
106804  -27.034  -1.156  -19.744 0.6666666865
106820  -27.828  -2.010  -18.914 0.6666666865
106819  -27.089  -1.993  -19.397 0.6666666865
108168  -28.701  -0.919  -18.440 0.6666666865
108181  -29.545  -0.265  -18.925 0.6666666865
109516  -30.053  0.651  -19.485 0.6666666865
109517  -31.062  0.374  -19.259 0.6666666865
108207  -32.573  -0.831  -21.336 0.5555555820
108222  -32.667  -0.694  -22.248 0.5555555820
109530  -31.945  0.361  -20.352 0.6666666865
106845  -23.735  -1.290  -22.454 0.4444444478
105481  -24.075  -1.861  -22.233 0.4444444478
106846  -24.432  -1.159  -22.162 0.5555555820
106833  -24.553  -1.650  -21.788 0.5555555820
108190  -25.910  -0.864  -20.681 0.6666666865
106817  -25.576  -1.440  -20.550 0.6666666865
108178  -26.953  -0.537  -19.743 0.6666666865
108180  -28.366  -0.713  -18.637 0.6666666865
109515  -28.984  0.361  -19.442 0.6666666865
110763  -29.451  0.866  -19.729 0.6666666865
110787  -31.969  1.467  -21.376 0.6666666865
110802  -32.663  1.123  -22.103 0.5555555820
109544  -32.633  0.232  -21.507 0.6666666865
108220  -24.273  -0.538  -22.233 0.4444444478
108206  -26.281  0.084  -21.040 0.6666666865
108191  -26.287  -0.536  -20.221 0.6666666865
109526  -27.642  0.959  -19.922 0.6666666865
108179  -27.486  -0.592  -19.393 0.6666666865
109513  -27.032  0.122  -19.644 0.6666666865
110776  -30.596  1.534  -20.204 0.6666666865
88120  -24.528  -15.453  -19.023 0.8888888955
89428  -23.776  -14.828  -19.143 1.0000000000
90802  -26.189  -13.913  -18.529 1.0000000000
90804  -28.224  -13.328  -18.059 1.0000000000
97861  -20.610  -8.769  -19.951 0.5555555820
101640  -21.727  -5.160  -22.133 0.5555555820
100416  -23.365  -6.358  -21.723 0.7777777910
102817  -31.028  -4.631  -18.492 0.8888888955
101622  -20.439  -4.989  -20.704 0.2222222239
105443  -32.315  -2.680  -20.406 0.6666666865
105464  -32.057  -2.800  -21.623 0.4444444478
106834  -25.168  -1.240  -21.508 0.6666666865
97874  -20.112  -8.338  -20.688 0.4444444478
99141  -21.083  -7.435  -20.951 0.4444444478
108230  -32.571  -0.630  -23.279 0.5555555820
108217  -21.491  -0.473  -21.904 0.2222222239
109560  -32.757  0.299  -22.690 0.5555555820
83456  -22.702  -18.012  -15.440 0.5555555820
83474  -23.940  -17.946  -15.953 0.5555555820
85042  -23.655  -17.063  -16.169 0.6666666865
85061  -24.347  -16.710  -17.064 0.5555555820
85062  -24.717  -16.767  -17.038 0.5555555820
88095  -27.858  -15.294  -17.185 0.7777777910
88097  -29.375  -16.073  -17.199 0.8888888955
85013  -22.167  -17.621  -15.095 0.5555555820
86646  -25.317  -16.427  -17.401 0.6666666865
88094  -25.929  -15.893  -17.473 0.6666666865
89404  -26.498  -15.179  -17.222 0.8888888955
88098  -30.292  -15.904  -17.888 0.7777777910
88099  -30.772  -15.292  -17.917 0.7777777910
89421  -31.038  -14.658  -17.896 0.8888888955
86593  -20.826  -16.405  -14.629 0.4444444478
88066  -21.187  -15.385  -15.704 0.5555555820
90807  -31.069  -13.542  -18.034 1.0000000000
89391  -20.597  -14.150  -16.056 0.2222222239
89401  -21.716  -14.298  -16.895 0.6666666865
92294  -31.381  -12.474  -18.285 0.8888888955
92295  -32.313  -12.497  -18.771 0.6666666865
93776  -32.707  -11.501  -19.925 0.7777777910
92275  -21.297  -13.011  -17.778 0.5555555820
93750  -20.916  -11.871  -18.137 0.4444444478
93802  -32.754  -11.472  -21.788 0.5555555820
96551  -20.085  -9.864  -18.881 0.2222222239
97903  -31.110  -8.535  -22.725 0.5555555820
100382  -20.069  -7.087  -19.050 0.3333333433
97902  -30.607  -8.510  -23.153 0.5555555820
101638  -20.428  -5.817  -20.880 0.4444444478
99160  -29.831  -7.701  -24.255 0.4444444478
101621  -20.073  -5.577  -20.222 0.3333333433
100440  -30.735  -6.015  -23.423 0.5555555820
104159  -31.499  -3.811  -22.564 0.4444444478
105478  -21.519  -2.258  -22.086 0.3333333433
104156  -21.659  -3.267  -22.549 0.4444444478
105482  -31.553  -2.965  -22.581 0.4444444478
106849  -32.281  -1.455  -22.787 0.4444444478
108239  -32.670  -0.602  -24.317 0.2222222239
108219  -23.418  -0.430  -22.132 0.3333333433
108221  -25.195  -0.491  -22.148 0.6666666865
109525  -26.738  0.704  -20.498 0.6666666865
110774  -28.625  1.510  -20.418 0.6666666865
111970  -29.547  2.148  -20.683 0.6666666865
111989  -31.171  2.473  -20.914 0.6666666865
110801  -32.169  1.829  -22.520 0.6666666865
110813  -32.652  1.399  -23.228 0.4444444478
109541  -25.876  0.223  -21.673 0.5555555820
86609  -21.845  -16.530  -15.737 0.5555555820
85026  -22.234  -17.050  -15.499 0.5555555820
85043  -24.393  -17.086  -16.394 0.6666666865
86644  -23.707  -16.080  -17.493 0.7777777910
88092  -24.053  -15.806  -17.973 0.8888888955
86664  -24.622  -16.071  -18.339 0.8888888955
90801  -25.512  -14.587  -19.029 1.0000000000
89430  -24.756  -14.833  -19.276 1.0000000000
89420  -25.926  -15.168  -18.334 0.8888888955
88119  -24.139  -15.268  -19.275 1.0000000000
89406  -27.946  -14.798  -17.392 0.8888888955
89405  -27.270  -14.889  -17.132 0.8888888955
85012  -21.536  -17.275  -14.886 0.4444444478
86608  -21.371  -16.314  -15.324 0.5555555820
86621  -21.616  -16.062  -15.998 0.5555555820
88077  -22.434  -15.335  -16.950 0.8888888955
88076  -21.734  -15.466  -16.459 0.5555555820
88091  -23.629  -15.326  -18.020 0.8888888955
90786  -27.221  -14.229  -17.778 1.0000000000
90788  -28.905  -13.998  -17.406 1.0000000000
90803  -27.270  -13.502  -18.205 1.0000000000
89409  -30.419  -14.786  -17.529 1.0000000000
90805  -29.131  -13.177  -17.747 1.0000000000
89379  -20.756  -14.671  -15.754 0.5555555820
89392  -21.295  -14.549  -16.339 0.6666666865
89403  -23.114  -14.712  -17.895 1.0000000000
90784  -22.208  -13.894  -17.853 0.8888888955
90798  -22.651  -13.547  -18.359 0.8888888955
89402  -22.354  -14.517  -17.417 1.0000000000
90797  -21.831  -13.379  -17.948 0.8888888955
90814  -23.142  -13.142  -18.763 1.0000000000
90817  -25.320  -13.704  -19.587 1.0000000000
92307  -24.548  -12.589  -19.761 1.0000000000
90808  -31.929  -13.525  -18.595 0.8888888955
92292  -29.538  -12.217  -17.643 1.0000000000
93754  -27.449  -11.484  -18.661 1.0000000000
93738  -30.380  -11.999  -17.524 1.0000000000
93758  -31.680  -11.356  -18.630 0.7777777910
93752  -22.349  -11.972  -19.165 1.0000000000
93751  -21.533  -11.729  -18.830 0.5555555820
92287  -21.663  -12.667  -18.239 0.6666666865
92305  -23.010  -12.571  -19.244 1.0000000000
92286  -21.023  -12.483  -17.847 0.5555555820
92322  -24.359  -11.793  -20.146 1.0000000000
93770  -22.820  -11.627  -19.704 0.8888888955
95172  -25.197  -10.903  -19.997 1.0000000000
95159  -27.733  -10.203  -18.697 1.0000000000
96558  -32.112  -9.604  -18.782 0.8888888955
95176  -32.691  -10.542  -20.237 0.7777777910
95157  -20.471  -10.815  -18.586 0.5555555820
95158  -21.325  -10.603  -19.157 0.6666666865
95169  -22.194  -10.356  -19.731 0.6666666865
95183  -22.771  -10.062  -20.390 0.7777777910
96575  -22.965  -9.651  -20.796 0.6666666865
96576  -24.717  -9.311  -20.829 0.8888888955
95184  -23.663  -10.490  -20.995 0.8888888955
95185  -24.668  -10.088  -20.644 0.8888888955
93787  -23.928  -11.387  -20.471 0.8888888955
93788  -24.456  -11.091  -20.380 1.0000000000
96578  -26.218  -9.460  -20.221 0.8888888955
96566  -27.664  -9.430  -19.261 1.0000000000
97839  -31.179  -8.675  -17.930 0.8888888955
97852  -31.743  -8.712  -18.441 0.8888888955
96568  -32.478  -9.599  -19.632 0.7777777910
95198  -32.289  -10.716  -22.201 0.5555555820
96590  -32.096  -9.445  -21.905 0.6666666865
97862  -21.197  -8.947  -19.958 0.5555555820
96563  -19.801  -9.228  -19.144 0.3333333433
96565  -21.129  -9.585  -19.567 0.4444444478
97892  -23.563  -8.426  -21.395 0.6666666865
96588  -24.195  -9.252  -21.230 0.7777777910
97879  -26.559  -8.844  -20.137 0.8888888955
96567  -27.954  -8.862  -19.056 1.0000000000
97848  -27.854  -8.041  -19.037 1.0000000000
96589  -31.710  -9.100  -22.351 0.5555555820
99131  -25.410  -7.719  -20.480 0.8888888955
100386  -27.960  -6.900  -19.039 1.0000000000
101610  -32.519  -5.685  -20.029 0.7777777910
100402  -32.638  -6.597  -20.762 0.7777777910
97873  -19.646  -8.059  -20.587 0.4444444478
100368  -27.895  -6.397  -19.018 1.0000000000
101594  -28.366  -5.761  -18.591 0.8888888955
101626  -32.422  -5.470  -21.007 0.6666666865
99162  -30.697  -6.926  -23.361 0.5555555820
99152  -30.528  -8.002  -23.121 0.5555555820
100413  -20.630  -6.566  -21.188 0.5555555820
100417  -24.276  -6.451  -21.294 0.8888888955
101608  -27.693  -5.530  -19.045 1.0000000000
101656  -31.193  -5.335  -22.732 0.5555555820
100426  -22.131  -5.885  -22.346 0.5555555820
100427  -22.817  -5.800  -22.319 0.5555555820
101624  -25.395  -5.374  -20.028 1.0000000000
102847  -24.733  -4.559  -20.723 0.7777777910
101655  -23.430  -5.058  -22.356 0.7777777910
102850  -27.067  -4.225  -18.850 0.8888888955
102848  -25.709  -4.351  -20.015 0.7777777910
102893  -30.843  -4.671  -23.054 0.5555555820
104157  -22.534  -3.419  -22.586 0.5555555820
102882  -22.763  -4.399  -22.566 0.5555555820
104143  -23.597  -3.316  -22.031 0.4444444478
104144  -24.126  -3.825  -21.514 0.6666666865
104123  -24.705  -3.293  -20.981 0.6666666865
102868  -24.069  -4.748  -21.477 0.7777777910
101653  -22.427  -5.123  -22.489 0.7777777910
102881  -22.078  -4.263  -22.450 0.6666666865
104107  -25.484  -2.970  -20.142 0.7777777910
105421  -28.844  -3.174  -18.889 0.7777777910
106794  -28.647  -1.737  -18.246 0.6666666865
106796  -30.403  -1.649  -18.210 0.6666666865
106790  -30.076  -1.164  -18.283 0.6666666865
108182  -30.354  -0.066  -19.040 0.6666666865
109507  -31.213  -0.657  -19.002 0.6666666865
106821  -32.123  -1.701  -20.173 0.5555555820
106835  -32.405  -1.638  -21.893 0.4444444478
105480  -23.382  -2.530  -22.555 0.4444444478
106818  -26.245  -1.656  -19.691 0.7777777910
109529  -30.953  1.088  -19.770 0.6666666865
109543  -32.345  0.795  -21.144 0.6666666865
106847  -24.836  -1.142  -21.944 0.6666666865
109514  -28.006  0.128  -19.541 0.6666666865
110762  -29.037  1.026  -19.871 0.6666666865
111971  -30.367  2.062  -20.528 0.6666666865
100412  -20.322  -6.740  -20.596 0.4444444478
102846  -20.441  -4.143  -20.946 0.3333333433
97860  -19.708  -8.615  -19.872 0.4444444478
99139  -19.919  -7.572  -20.524 0.4444444478
105514  -31.958  -1.841  -24.529 0.3333333433
109577  -32.903  0.345  -24.841 0.3333333433
83473  -23.296  -17.735  -15.905 0.5555555820
88081  -29.187  -16.561  -16.987 0.6666666865
83437  -22.112  -18.198  -14.700 0.5555555820
89431  -32.200  -14.551  -18.973 0.7777777910
85011  -20.794  -17.315  -14.177 0.3333333433
88050  -20.893  -15.683  -14.991 0.4444444478
92323  -33.138  -12.191  -20.342 0.6666666865
96552  -20.703  -9.928  -18.961 0.3333333433
95156  -19.931  -10.209  -18.478 0.3333333433
95140  -19.815  -10.481  -17.917 0.1111111119
96550  -19.670  -9.565  -18.391 0.1111111119
99127  -19.624  -7.697  -19.965 0.4444444478
100398  -20.209  -6.821  -19.960 0.3333333433
104142  -20.999  -3.172  -21.919 0.3333333433
112005  -31.560  2.465  -22.076 0.6666666865
110812  -32.297  1.963  -23.067 0.4444444478
83478  -27.455  -18.791  -16.241 0.4444444478
83461  -29.355  -18.469  -15.372 0.2222222239
81907  -23.766  -18.594  -15.828 0.4444444478
81909  -25.009  -18.859  -16.051 0.4444444478
83475  -24.737  -18.034  -16.086 0.4444444478
83476  -25.534  -18.319  -16.291 0.4444444478
85047  -28.089  -18.070  -16.445 0.4444444478
85029  -29.590  -18.145  -16.151 0.2222222239
86625  -25.601  -16.930  -16.583 0.4444444478
85046  -27.074  -17.821  -16.387 0.4444444478
85027  -27.803  -17.532  -16.291 0.4444444478
85050  -30.774  -17.876  -17.094 0.1111111119
86611  -28.039  -17.327  -16.206 0.4444444478
85063  -29.835  -18.185  -17.815 0.3333333433
86626  -26.179  -16.626  -16.596 0.4444444478
86627  -27.509  -16.899  -16.262 0.4444444478
86628  -28.427  -17.191  -16.470 0.3333333433
86629  -29.317  -17.139  -17.071 0.3333333433
86647  -25.762  -16.272  -17.123 0.5555555820
83509  -30.438  -18.689  -19.135 0.2222222239
85078  -31.806  -17.781  -19.645 0.1111111119
86685  -33.632  -16.930  -20.382 0.1111111119
85085  -29.749  -18.273  -19.183 0.3333333433
86682  -30.592  -17.610  -19.498 0.3333333433
88110  -30.586  -16.414  -18.391 0.4444444478
88111  -31.201  -15.814  -18.545 0.5555555820
88122  -32.024  -15.547  -19.273 0.6666666865
86714  -32.912  -16.271  -21.369 0.4444444478
88112  -31.990  -15.195  -18.607 0.6666666865
88156  -34.119  -15.312  -22.178 0.3333333433
89437  -32.357  -14.819  -19.869 0.6666666865
89451  -32.795  -14.853  -21.510 0.5555555820
90819  -32.534  -13.626  -19.447 0.6666666865
90827  -32.969  -13.493  -20.768 0.5555555820
90837  -32.999  -13.768  -21.626 0.5555555820
88155  -33.574  -15.035  -22.241 0.4444444478
90850  -33.573  -13.742  -22.323 0.3333333433
90820  -33.144  -13.394  -20.029 0.5555555820
93803  -33.305  -12.064  -22.236 0.4444444478
92334  -33.411  -12.867  -21.910 0.4444444478
93813  -32.775  -11.452  -22.626 0.4444444478
110773  -27.593  1.387  -20.823 0.5555555820
111969  -28.908  2.164  -21.070 0.5555555820
111987  -29.495  2.724  -21.362 0.5555555820
113163  -31.035  3.194  -21.662 0.5555555820
113182  -31.304  3.396  -22.615 0.5555555820
83458  -26.592  -19.237  -16.215 0.4444444478
83479  -28.480  -18.830  -15.955 0.2222222239
85064  -30.296  -18.505  -17.806 0.2222222239
85077  -31.094  -18.385  -19.009 0.2222222239
85066  -31.902  -17.600  -18.624 0.1111111119
85096  -31.450  -17.407  -20.159 0.4444444478
85088  -31.738  -17.517  -20.314 0.3333333433
86683  -31.106  -17.138  -19.753 0.4444444478
88130  -31.933  -16.014  -20.392 0.6666666865
88142  -32.627  -15.819  -21.166 0.4444444478
92347  -34.416  -13.034  -23.117 0.3333333433
93814  -33.531  -11.923  -22.953 0.4444444478
95207  -31.675  -10.345  -23.426 0.4444444478
110800  -28.206  2.084  -21.922 0.5555555820
110799  -27.858  2.249  -22.130 0.5555555820
85044  -25.177  -17.290  -16.514 0.4444444478
86715  -33.340  -16.519  -21.456 0.2222222239
80441  -24.722  -19.967  -15.248 0.4444444478
80442  -25.522  -20.205  -15.317 0.4444444478
81869  -26.826  -20.053  -15.129 0.4444444478
81894  -27.923  -19.212  -15.163 0.2222222239
83460  -28.636  -18.771  -14.853 0.2222222239
83439  -29.419  -18.618  -14.319 0.1111111119
81888  -23.145  -18.606  -15.271 0.4444444478
80440  -24.220  -19.659  -15.166 0.4444444478
85031  -31.354  -17.347  -16.067 0.1111111119
83440  -30.282  -18.207  -14.514 0.1111111119
85051  -32.066  -17.289  -17.201 0.1111111119
86650  -33.043  -16.695  -18.197 0.1111111119
86686  -34.937  -16.706  -20.303 0.1111111119
86700  -34.557  -16.946  -21.131 0.1111111119
86717  -35.468  -16.817  -21.735 0.2222222239
89465  -34.764  -14.910  -22.837 0.1111111119
88144  -34.136  -16.074  -21.636 0.2222222239
90865  -34.663  -13.615  -23.443 0.2222222239
90866  -35.193  -13.499  -23.694 0.2222222239
92361  -34.803  -12.633  -23.800 0.3333333433
93839  -33.136  -11.298  -24.024 0.4444444478
95219  -32.344  -10.924  -23.815 0.3333333433
95232  -32.113  -10.039  -24.425 0.3333333433
96597  -31.340  -9.339  -22.880 0.4444444478
96608  -31.080  -9.884  -23.872 0.3333333433
102866  -21.375  -4.158  -22.017 0.4444444478
100439  -29.947  -6.645  -23.916 0.4444444478
105498  -31.626  -2.790  -23.728 0.3333333433
112016  -31.888  2.467  -23.231 0.5555555820
109559  -26.177  0.881  -21.985 0.5555555820
110785  -27.440  1.922  -21.654 0.5555555820
112004  -29.189  2.824  -22.058 0.5555555820
113161  -29.234  3.751  -22.429 0.5555555820
113181  -30.457  3.965  -23.088 0.5555555820
111985  -26.883  2.204  -21.832 0.5555555820
83457  -23.408  -18.357  -15.650 0.4444444478
81908  -24.185  -18.787  -16.109 0.4444444478
88078  -26.803  -15.874  -16.865 0.5555555820
88080  -28.821  -16.381  -16.793 0.5555555820
92311  -33.277  -12.865  -20.343 0.5555555820
92324  -33.257  -12.687  -21.073 0.5555555820
93792  -33.274  -12.089  -21.588 0.4444444478
96596  -30.663  -9.222  -23.606 0.4444444478
106848  -31.940  -2.183  -23.149 0.3333333433
86648  -29.983  -17.183  -18.056 0.3333333433
83477  -26.467  -18.838  -16.546 0.4444444478
81912  -27.702  -19.166  -15.828 0.3333333433
81911  -27.341  -19.202  -15.968 0.4444444478
81889  -23.760  -19.040  -15.188 0.4444444478
81890  -24.524  -19.327  -15.620 0.4444444478
81891  -25.314  -19.488  -15.709 0.4444444478
81910  -25.709  -19.111  -16.260 0.4444444478
85045  -25.994  -17.654  -16.412 0.4444444478
85048  -29.125  -18.045  -16.583 0.4444444478
85028  -28.143  -17.580  -16.336 0.4444444478
83480  -29.154  -18.522  -16.111 0.2222222239
85030  -30.341  -17.764  -16.181 0.1111111119
85049  -29.947  -18.197  -16.966 0.2222222239
83501  -29.969  -19.176  -18.999 0.3333333433
85075  -29.723  -18.154  -18.724 0.3333333433
83491  -30.427  -18.829  -18.253 0.2222222239
85065  -31.035  -18.394  -18.070 0.2222222239
86684  -32.558  -17.351  -20.427 0.1111111119
86669  -32.757  -17.146  -19.478 0.1111111119
86670  -33.978  -16.577  -19.334 0.1111111119
86667  -30.415  -17.116  -18.949 0.3333333433
88129  -31.480  -16.650  -20.124 0.4444444478
88143  -33.266  -15.618  -21.810 0.3333333433
86698  -32.315  -16.922  -21.034 0.4444444478
86699  -33.386  -17.121  -21.154 0.3333333433
88157  -35.221  -15.876  -22.059 0.1111111119
90826  -32.673  -14.080  -20.343 0.5555555820
89450  -32.465  -14.974  -20.773 0.5555555820
89464  -33.914  -14.549  -22.648 0.3333333433
93826  -33.833  -11.909  -23.805 0.4444444478
110786  -28.270  1.857  -21.303 0.5555555820
110772  -26.900  1.337  -21.169 0.5555555820
113162  -30.375  3.562  -22.162 0.5555555820
81892  -26.323  -19.548  -15.780 0.4444444478
81893  -27.240  -19.528  -15.553 0.4444444478
112002  -27.320  2.560  -22.371 0.5555555820
81870  -27.352  -19.737  -14.510 0.4444444478
81871  -28.142  -19.206  -14.144 0.2222222239
81868  -23.263  -19.601  -14.776 0.4444444478
81867  -22.727  -19.033  -14.804 0.4444444478
83462  -30.062  -18.060  -15.498 0.1111111119
75897  -24.109  -22.853  -9.072 0.1111111119
75948  -22.825  -23.024  -11.972 0.3333333433
77383  -24.113  -22.327  -11.018 0.2222222239
77342  -24.008  -22.752  -9.866 0.2222222239
77343  -24.493  -22.510  -9.422 0.1111111119
78790  -25.099  -21.729  -9.895 0.1111111119
78833  -21.398  -21.410  -12.495 0.3333333433
77395  -21.803  -22.051  -12.420 0.3333333433
77380  -21.447  -22.420  -11.807 0.3333333433
77411  -24.040  -22.357  -12.722 0.3333333433
78822  -24.681  -21.756  -11.492 0.2222222239
78807  -24.751  -21.953  -10.596 0.2222222239
81827  -20.963  -19.366  -12.355 0.2222222239
80390  -21.173  -20.287  -12.737 0.2222222239
78834  -21.989  -21.739  -12.771 0.3333333433
77410  -23.414  -22.297  -13.071 0.3333333433
78808  -25.569  -21.173  -10.833 0.1111111119
81846  -20.995  -19.318  -13.172 0.2222222239
80403  -21.351  -19.779  -13.352 0.3333333433
81847  -21.316  -19.280  -13.775 0.3333333433
80404  -21.831  -20.327  -13.772 0.3333333433
80421  -22.226  -19.677  -14.441 0.3333333433
80405  -22.923  -20.854  -14.083 0.3333333433
78846  -22.525  -21.409  -13.217 0.3333333433
80406  -23.506  -21.037  -14.163 0.3333333433
78848  -24.313  -21.747  -13.518 0.3333333433
78860  -23.901  -21.282  -14.174 0.3333333433
78836  -25.167  -21.219  -13.083 0.3333333433
78849  -25.110  -21.184  -13.993 0.3333333433
80392  -25.841  -20.581  -12.704 0.3333333433
80376  -26.075  -20.583  -11.765 0.1111111119
80393  -26.487  -20.188  -12.402 0.2222222239
83435  -20.980  -17.964  -13.624 0.2222222239
83415  -20.996  -18.665  -13.589 0.2222222239
83436  -21.387  -18.259  -14.112 0.3333333433
80424  -24.875  -20.739  -14.958 0.3333333433
78862  -25.069  -21.114  -14.580 0.3333333433
80425  -25.630  -20.744  -14.594 0.3333333433
80407  -25.798  -20.688  -13.667 0.3333333433
80408  -26.629  -20.181  -13.266 0.1111111119
85005  -20.546  -17.332  -13.460 0.3333333433
80443  -26.222  -20.340  -15.128 0.3333333433
93827  -34.555  -12.067  -24.472 0.2222222239
93841  -34.848  -11.808  -25.195 0.2222222239
97916  -30.304  -8.547  -24.663 0.3333333433
96617  -30.557  -9.167  -25.068 0.2222222239
77397  -23.363  -22.729  -12.226 0.3333333433
77382  -23.518  -22.773  -11.390 0.3333333433
78789  -24.653  -22.154  -10.042 0.2222222239
80391  -21.601  -20.760  -12.977 0.3333333433
78847  -23.365  -21.554  -13.647 0.3333333433
78835  -24.612  -21.807  -12.481 0.3333333433
81866  -21.859  -19.160  -14.339 0.3333333433
80426  -26.561  -20.358  -14.305 0.3333333433
75896  -23.764  -23.275  -9.377 0.1111111119
75872  -24.361  -23.079  -8.541 0.1111111119
77381  -21.959  -23.012  -11.739 0.3333333433
75932  -22.430  -23.502  -11.337 0.3333333433
75933  -23.147  -23.406  -11.024 0.3333333433
77365  -23.595  -22.896  -10.438 0.3333333433
75873  -25.031  -22.886  -8.319 0.1111111119
77344  -25.360  -21.985  -9.089 0.1111111119
78832  -20.702  -21.054  -12.146 0.3333333433
81812  -20.725  -19.418  -11.593 0.2222222239
78809  -26.110  -20.575  -10.372 0.1111111119
83392  -20.859  -18.489  -12.072 0.2222222239
83414  -20.777  -18.392  -13.010 0.2222222239
81828  -27.014  -19.718  -12.664 0.1111111119
80409  -27.087  -19.903  -13.430 0.1111111119
95233  -32.973  -10.526  -24.220 0.2222222239
97915  -29.713  -8.005  -25.027 0.2222222239
97928  -30.336  -8.251  -25.246 0.2222222239
90783  -21.457  -13.628  -17.283 0.5555555820
96619  -32.476  -9.542  -24.609 0.2222222239
77316  -24.955  -22.565  -8.725 0.1111111119
77396  -22.441  -22.527  -12.484 0.3333333433
75949  -23.072  -23.138  -11.642 0.3333333433
80375  -20.545  -20.362  -11.722 0.2222222239
78821  -20.877  -21.692  -11.788 0.2222222239
77398  -24.093  -22.356  -11.909 0.3333333433
78823  -25.375  -21.251  -12.077 0.2222222239
77409  -22.947  -21.989  -13.135 0.3333333433
78845  -21.885  -21.117  -13.026 0.3333333433
80422  -22.752  -20.021  -14.514 0.3333333433
78861  -24.524  -21.161  -14.369 0.3333333433
80377  -26.831  -19.833  -11.624 0.1111111119
84985  -20.562  -17.537  -12.630 0.2222222239
80423  -23.866  -20.315  -14.616 0.3333333433
80427  -27.123  -20.064  -13.768 0.1111111119
75871  -23.763  -23.939  -8.480 0.1111111119
75930  -21.078  -22.844  -11.123 0.3333333433
74386  -21.936  -23.819  -11.032 0.3333333433
75918  -22.831  -23.892  -10.786 0.3333333433
80374  -20.258  -20.904  -11.228 0.2222222239
95234  -34.295  -10.912  -24.576 0.1111111119
95235  -35.374  -11.277  -25.151 0.1111111119
96599  -34.994  -9.539  -22.663 0.1111111119
95220  -34.648  -10.404  -24.388 0.1111111119
97920  -33.999  -9.011  -24.446 0.1111111119
97904  -34.609  -8.714  -23.156 0.1111111119
96618  -31.359  -9.792  -24.781 0.1111111119
99175  -33.854  -8.362  -24.300 0.1111111119
97918  -32.289  -8.577  -24.913 0.1111111119
99174  -33.290  -7.641  -24.493 0.1111111119
101667  -30.145  -5.537  -23.973 0.2222222239
97930  -31.555  -8.790  -25.282 0.1111111119
99173  -32.046  -7.701  -24.715 0.1111111119
102916  -29.828  -4.715  -25.143 0.1111111119
104181  -30.309  -3.982  -24.044 0.2222222239
104182  -30.991  -3.405  -24.424 0.1111111119
102905  -29.719  -5.185  -25.059 0.1111111119
104191  -29.604  -4.391  -25.698 0.1111111119
109542  -26.425  0.795  -21.374 0.4444444478
105499  -31.909  -2.196  -24.100 0.1111111119
110797  -25.485  1.349  -22.433 0.4444444478
110784  -26.563  1.577  -21.750 0.4444444478
105529  -31.185  -2.130  -25.704 0.1111111119
112003  -28.359  2.782  -22.134 0.4444444478
112039  -32.533  2.108  -24.951 0.3333333433
110821  -32.897  1.204  -24.486 0.2222222239
108246  -32.546  -0.556  -25.329 0.1111111119
106866  -32.351  -1.325  -24.827 0.1111111119
106886  -31.973  -1.303  -26.203 0.1111111119
113160  -28.091  3.490  -22.563 0.4444444478
114364  -27.935  4.293  -23.439 0.4444444478
113191  -29.685  4.122  -24.009 0.4444444478
113192  -30.284  3.872  -24.203 0.4444444478
113209  -31.115  3.234  -24.824 0.4444444478
112038  -31.796  2.630  -25.399 0.2222222239
112051  -31.742  2.516  -26.384 0.2222222239
112052  -32.386  2.002  -25.928 0.2222222239
110846  -32.360  1.071  -27.022 0.2222222239
109590  -32.255  0.393  -26.668 0.2222222239
114467  -29.170  4.635  -31.667 0.1111111119
112084  -30.377  2.352  -30.541 0.1111111119
109605  -31.165  0.184  -28.955 0.1111111119
112001  -26.258  2.359  -22.731 0.4444444478
112015  -26.997  2.795  -23.030 0.3333333433
113179  -27.747  3.707  -23.036 0.4444444478
114383  -27.980  4.530  -24.465 0.4444444478
114406  -28.995  4.651  -25.125 0.4444444478
114407  -29.847  4.344  -24.757 0.4444444478
113208  -30.498  3.812  -25.279 0.4444444478
114422  -28.399  5.378  -26.100 0.3333333433
113221  -30.626  3.834  -26.304 0.3333333433
113231  -30.678  3.803  -27.352 0.1111111119
113238  -31.217  3.056  -27.906 0.1111111119
112068  -30.810  2.755  -28.728 0.1111111119
112062  -32.242  1.798  -26.827 0.2222222239
112069  -31.547  2.175  -28.382 0.1111111119
110855  -30.797  1.773  -29.020 0.1111111119
112000  -25.261  2.184  -22.342 0.2222222239
113178  -27.146  3.416  -23.353 0.3333333433
114363  -27.034  4.108  -23.866 0.3333333433
114424  -29.978  4.540  -25.684 0.4444444478
115565  -28.659  5.586  -26.904 0.2222222239
114434  -29.520  5.282  -27.321 0.2222222239
114445  -30.145  4.494  -27.862 0.2222222239
113237  -30.641  3.689  -28.354 0.1111111119
115577  -28.753  5.719  -27.930 0.1111111119
114444  -29.550  5.152  -28.423 0.1111111119
114453  -29.397  4.982  -29.450 0.1111111119
113245  -30.296  3.452  -29.264 0.1111111119
115588  -28.716  5.599  -28.985 0.1111111119
113244  -29.936  4.225  -29.913 0.1111111119
112014  -26.635  2.934  -23.177 0.3333333433
113177  -26.146  3.284  -23.388 0.3333333433
113176  -25.361  3.889  -23.458 0.3333333433
114362  -26.145  4.233  -24.015 0.3333333433
114382  -26.934  4.572  -24.708 0.3333333433
114405  -27.888  4.948  -25.602 0.3333333433
115547  -27.963  5.583  -26.383 0.2222222239
115564  -27.805  5.823  -27.353 0.1111111119
115587  -27.941  6.072  -29.664 0.1111111119
114461  -29.174  4.964  -30.566 0.1111111119
115612  -27.281  5.468  -32.803 0.1111111119
114346  -25.234  4.135  -21.490 0.1111111119
114345  -24.977  4.501  -22.182 0.1111111119
113175  -25.027  4.340  -23.393 0.2222222239
114361  -25.430  4.743  -23.933 0.2222222239
114403  -25.880  4.949  -25.694 0.2222222239
114381  -26.008  4.615  -24.867 0.3333333433
115545  -25.987  5.376  -26.671 0.1111111119
115562  -25.554  5.852  -27.402 0.1111111119
115563  -26.648  6.099  -27.708 0.1111111119
116705  -26.376  6.479  -28.808 0.1111111119
115586  -27.362  5.914  -30.306 0.1111111119
116730  -26.865  5.875  -30.381 0.1111111119
114460  -28.542  5.205  -31.374 0.1111111119
114472  -28.943  4.325  -32.624 0.1111111119
113261  -29.488  3.550  -32.953 0.1111111119
114333  -24.899  4.692  -21.225 0.1111111119
115487  -24.902  5.184  -21.625 0.1111111119
114360  -24.750  4.732  -23.091 0.1111111119
115500  -25.270  5.463  -23.245 0.1111111119
115501  -26.238  5.814  -23.791 0.1111111119
115512  -25.419  5.535  -24.606 0.1111111119
114380  -25.365  5.050  -25.113 0.2222222239
116648  -24.763  5.761  -25.238 0.1111111119
114401  -24.933  5.350  -25.830 0.1111111119
116675  -24.757  6.724  -26.403 0.1111111119
115561  -24.866  5.927  -27.228 0.1111111119
116691  -24.957  6.472  -27.511 0.1111111119
116717  -25.822  6.390  -29.738 0.1111111119
115489  -26.109  5.910  -22.617 0.1111111119
115476  -26.588  5.732  -21.498 0.1111111119
116617  -26.749  6.179  -22.198 0.1111111119
116640  -26.591  6.728  -24.214 0.1111111119
115513  -25.889  6.175  -24.677 0.1111111119
116662  -25.227  7.019  -25.810 0.1111111119
116618  -27.541  6.403  -21.768 0.1111111119
116608  -27.749  6.246  -21.005 0.1111111119
116629  -27.788  7.134  -22.454 0.1111111119
96611  -35.281  -10.435  -23.382 0.1111111119
96609  -34.324  -9.845  -24.130 0.1111111119
96610  -34.636  -9.773  -23.755 0.1111111119
99187  -30.860  -7.618  -25.298 0.1111111119
99172  -31.463  -7.719  -24.957 0.1111111119
97927  -29.673  -7.696  -25.366 0.1111111119
104193  -30.875  -2.987  -25.247 0.1111111119
110798  -26.186  1.413  -22.396 0.4444444478
112025  -31.907  2.723  -24.358 0.4444444478
110828  -32.804  1.260  -25.426 0.2222222239
109584  -32.933  0.727  -25.236 0.1111111119
105543  -30.596  -2.046  -26.391 0.1111111119
114365  -28.793  4.287  -23.106 0.4444444478
110845  -31.904  1.333  -27.672 0.2222222239
112076  -30.478  2.525  -29.608 0.1111111119
110864  -30.669  1.608  -29.933 0.1111111119
113251  -29.872  4.088  -30.948 0.1111111119
114420  -25.533  5.267  -26.326 0.1111111119
116650  -25.976  7.007  -25.196 0.1111111119
116690  -24.673  6.446  -26.968 0.1111111119
117681  -27.455  7.710  -23.100 0.1111111119
97883  -35.410  -8.795  -20.943 0.1111111119
96591  -34.926  -9.341  -22.076 0.1111111119
99171  -29.568  -7.575  -24.766 0.2222222239
102892  -30.438  -4.573  -23.640 0.2222222239
109558  -25.617  0.613  -22.215 0.4444444478
111984  -26.586  2.067  -22.200 0.4444444478
114384  -29.094  4.396  -24.068 0.4444444478
114435  -30.106  4.608  -26.763 0.2222222239
115475  -25.551  5.417  -21.086 0.1111111119
115467  -26.419  5.177  -20.492 0.1111111119
115477  -27.349  6.043  -21.149 0.1111111119
116628  -26.692  6.821  -22.872 0.1111111119
96592  -35.358  -9.540  -21.685 0.1111111119
92382  -36.086  -12.251  -25.816 0.1111111119
95237  -36.171  -11.533  -24.674 0.1111111119
96600  -35.378  -10.228  -22.508 0.1111111119
99134  -35.328  -8.125  -20.560 0.1111111119
96581  -35.537  -9.487  -20.587 0.1111111119
99147  -34.739  -7.641  -21.703 0.1111111119
99164  -34.128  -7.665  -23.660 0.1111111119
100442  -34.133  -6.450  -23.600 0.1111111119
99186  -29.769  -7.463  -25.837 0.1111111119
100452  -31.528  -7.211  -24.868 0.1111111119
100453  -32.396  -6.694  -24.779 0.1111111119
99198  -29.600  -7.033  -26.588 0.1111111119
100486  -29.655  -6.274  -27.525 0.1111111119
102942  -29.041  -5.017  -27.485 0.1111111119
104223  -29.080  -4.191  -26.841 0.1111111119
105528  -30.364  -2.834  -25.989 0.1111111119
106896  -30.889  -1.392  -27.592 0.1111111119
105542  -30.117  -2.605  -26.993 0.1111111119
110796  -24.798  1.274  -22.267 0.4444444478
108278  -30.348  -1.011  -29.358 0.1111111119
109614  -30.854  0.235  -29.717 0.1111111119
113158  -25.765  2.784  -22.743 0.3333333433
110873  -30.603  1.406  -30.825 0.1111111119
113141  -25.155  3.504  -21.056 0.1111111119
112090  -30.249  3.020  -32.312 0.1111111119
112094  -29.901  2.763  -33.198 0.1111111119
114334  -25.056  4.269  -20.672 0.1111111119
115466  -25.554  5.013  -20.221 0.1111111119
115456  -25.966  4.912  -19.696 0.1111111119
113260  -28.830  4.054  -33.484 0.1111111119
115457  -26.184  4.977  -19.933 0.1111111119
114325  -27.099  4.801  -20.089 0.1111111119
117734  -24.886  6.705  -27.293 0.1111111119
117762  -24.705  7.246  -30.257 0.1111111119
116735  -26.132  6.564  -31.625 0.1111111119
116741  -27.179  6.439  -32.568 0.1111111119
115468  -27.656  5.680  -20.417 0.1111111119
117691  -26.370  7.805  -24.229 0.1111111119
117699  -25.093  8.263  -25.362 0.1111111119
100450  -29.304  -6.840  -24.876 0.1111111119
113193  -31.261  3.394  -23.753 0.4444444478
96620  -33.772  -9.798  -24.253 0.1111111119
113159  -27.443  3.203  -22.885 0.4444444478
97919  -33.305  -8.824  -24.583 0.1111111119
99154  -34.634  -7.888  -22.636 0.1111111119
99163  -33.739  -7.465  -24.076 0.1111111119
100463  -28.541  -6.596  -25.781 0.1111111119
102915  -29.494  -4.959  -25.743 0.1111111119
101691  -28.201  -6.269  -26.686 0.1111111119
108254  -32.236  -0.716  -26.490 0.1111111119
106884  -30.569  -1.796  -27.055 0.1111111119
113232  -31.232  3.151  -26.871 0.2222222239
113222  -31.144  3.172  -25.857 0.2222222239
112061  -31.690  2.357  -27.359 0.1111111119
109598  -31.993  0.586  -27.287 0.2222222239
109597  -31.630  0.181  -27.961 0.1111111119
113257  -29.725  3.855  -31.993 0.1111111119
114466  -28.368  5.014  -32.213 0.1111111119
113252  -30.297  3.317  -30.256 0.1111111119
113258  -30.250  3.164  -31.261 0.1111111119
112091  -30.298  2.191  -31.514 0.1111111119
108279  -30.710  -0.357  -29.314 0.1111111119
108271  -30.881  -0.862  -28.473 0.1111111119
110856  -31.334  1.095  -28.566 0.2222222239
114423  -29.062  5.356  -25.993 0.3333333433
114454  -30.234  4.473  -28.917 0.1111111119
115600  -28.757  5.567  -29.882 0.1111111119
113157  -25.319  3.428  -22.390 0.1111111119
115530  -27.168  5.631  -25.865 0.2222222239
116706  -27.103  6.285  -28.974 0.1111111119
115599  -28.143  5.730  -30.680 0.1111111119
115608  -27.803  5.590  -31.679 0.1111111119
115607  -27.006  5.670  -31.928 0.1111111119
114471  -27.992  4.636  -33.066 0.1111111119
115606  -26.567  6.110  -31.974 0.1111111119
113156  -24.769  3.991  -22.952 0.1111111119
114404  -26.685  5.086  -25.403 0.3333333433
115529  -26.399  5.363  -26.042 0.2222222239
115546  -26.978  5.729  -26.638 0.1111111119
115544  -25.169  5.472  -26.616 0.1111111119
116693  -25.784  6.426  -28.070 0.1111111119
116718  -26.892  6.132  -29.721 0.1111111119
115597  -26.224  5.940  -31.310 0.1111111119
116729  -26.303  6.027  -30.485 0.1111111119
115499  -24.826  5.168  -22.429 0.1111111119
115488  -25.424  5.558  -22.070 0.1111111119
115474  -24.936  5.161  -20.803 0.1111111119
115511  -24.926  5.369  -25.226 0.1111111119
116649  -25.108  6.289  -25.120 0.1111111119
115543  -24.460  5.880  -26.530 0.1111111119
115560  -24.646  6.168  -27.058 0.1111111119
116676  -25.024  7.270  -26.213 0.1111111119
116704  -25.338  6.348  -28.844 0.1111111119
116703  -24.801  6.780  -28.768 0.1111111119
116716  -24.934  6.492  -29.709 0.1111111119
117680  -26.917  7.382  -23.681 0.1111111119
116663  -25.404  7.421  -25.332 0.1111111119
117710  -25.102  7.721  -25.436 0.1111111119
95209  -35.604  -10.948  -22.925 0.1111111119
97896  -34.792  -8.755  -22.021 0.1111111119
99185  -28.884  -7.494  -25.708 0.1111111119
108261  -31.696  -0.858  -27.400 0.1111111119
110874  -30.809  0.777  -30.206 0.1111111119
109623  -30.542  0.268  -30.922 0.1111111119
117719  -24.866  6.894  -26.986 0.1111111119
118782  -27.298  8.340  -23.281 0.1111111119
99133  -34.957  -7.462  -20.695 0.1111111119
114324  -26.528  4.787  -20.020 0.1111111119
100462  -28.512  -6.915  -26.414 0.1111111119
101715  -28.448  -5.904  -27.596 0.1111111119
109624  -30.614  0.253  -30.203 0.1111111119
110879  -30.385  1.234  -31.758 0.1111111119
112095  -30.203  2.048  -32.476 0.1111111119
114322  -24.949  4.759  -20.611 0.1111111119
116702  -24.695  7.190  -29.514 0.1111111119
116728  -25.416  6.506  -30.661 0.1111111119
117700  -25.474  7.950  -24.892 0.1111111119
118791  -25.918  8.739  -24.374 0.1111111119
117709  -24.826  7.895  -25.931 0.1111111119
74387  -22.110  -24.037  -10.863 0.2222222239
92274  -20.718  -12.766  -17.374 0.2222222239
95121  -20.167  -11.499  -17.072 0.2222222239
88065  -20.542  -15.007  -15.181 0.3333333433
90782  -20.752  -13.184  -16.977 0.3333333433
93736  -20.625  -12.105  -17.633 0.3333333433
109556  -24.101  -0.095  -22.119 0.3333333433
110782  -24.485  1.258  -21.504 0.1111111119
111999  -24.708  1.713  -22.110 0.1111111119
102865  -20.787  -3.965  -21.561 0.1111111119
90776  -20.783  -13.688  -16.597 0.2222222239
104141  -20.422  -3.221  -21.251 0.1111111119
106832  -21.359  -1.305  -21.640 0.1111111119
108202  -21.352  -0.454  -21.188 0.1111111119
109523  -22.502  0.459  -20.923 0.1111111119
110769  -23.643  0.970  -20.767 0.1111111119
110783  -24.762  2.004  -21.333 0.1111111119
109555  -21.715  0.138  -21.880 0.1111111119
90777  -21.348  -14.018  -16.739 0.3333333433
97847  -19.630  -8.663  -18.871 0.2222222239
109538  -21.866  0.359  -21.543 0.1111111119
97829  -19.556  -8.661  -17.840 0.1111111119
99095  -19.637  -7.825  -18.386 0.3333333433
109557  -24.742  0.369  -22.323 0.3333333433
109540  -24.491  0.804  -21.972 0.3333333433
108189  -22.648  0.421  -21.225 0.1111111119
109539  -23.957  0.343  -21.636 0.1111111119
108187  -21.376  -0.275  -20.357 0.1111111119
110781  -23.815  0.794  -21.235 0.1111111119
109510  -21.900  0.189  -20.169 0.1111111119
109511  -22.879  0.230  -20.187 0.1111111119
110768  -23.108  0.562  -20.550 0.1111111119
109522  -21.497  0.271  -20.924 0.1111111119
74366  -21.633  -24.244  -10.667 0.1111111119
74368  -22.960  -24.604  -9.880 0.1111111119
75895  -20.041  -23.742  -10.020 0.1111111119
75916  -20.663  -23.381  -10.624 0.1111111119
77364  -20.155  -22.732  -10.680 0.1111111119
77378  -20.122  -21.797  -11.023 0.1111111119
78819  -20.081  -21.365  -10.906 0.1111111119
78820  -20.357  -21.355  -11.443 0.1111111119
89348  -19.769  -15.119  -13.827 0.1111111119
93717  -20.023  -11.779  -16.694 0.1111111119
101604  -19.822  -5.797  -19.340 0.2222222239
102826  -19.726  -4.550  -19.572 0.2222222239
75915  -19.867  -23.064  -10.312 0.1111111119
95141  -20.313  -11.377  -17.625 0.1111111119
72904  -21.770  -24.965  -10.027 0.1111111119
72905  -22.061  -24.952  -9.891 0.1111111119
75919  -23.300  -24.006  -10.258 0.1111111119
75894  -19.569  -23.458  -9.670 0.1111111119
77363  -19.797  -22.204  -10.619 0.1111111119
80357  -20.298  -20.549  -10.901 0.1111111119
88028  -19.985  -15.373  -13.643 0.1111111119
89363  -20.265  -14.464  -14.591 0.1111111119
90762  -20.362  -13.425  -15.916 0.1111111119
93694  -19.905  -11.620  -16.158 0.1111111119
101587  -20.072  -6.070  -18.531 0.2222222239
102809  -19.784  -4.714  -18.748 0.2222222239
104121  -19.709  -3.479  -19.718 0.1111111119
72903  -21.126  -24.930  -10.255 0.1111111119
102845  -19.959  -4.321  -20.313 0.2222222239
88049  -20.300  -15.496  -14.506 0.1111111119
86591  -20.063  -15.855  -13.689 0.1111111119
88048  -19.863  -15.549  -13.998 0.1111111119
80358  -20.545  -20.000  -11.285 0.1111111119
75931  -21.558  -23.393  -11.138 0.1111111119
77379  -20.500  -22.313  -11.167 0.1111111119
75917  -21.216  -23.823  -10.745 0.1111111119
74367  -22.399  -24.525  -10.348 0.1111111119
92263  -20.243  -12.632  -16.567 0.1111111119
89362  -19.861  -15.005  -14.176 0.1111111119
74365  -21.019  -24.174  -10.512 0.1111111119
74346  -20.561  -24.325  -10.032 0.1111111119
89335  -20.583  -14.767  -12.545 0.1111111119
78806  -19.822  -21.415  -10.423 0.1111111119
86572  -20.155  -15.731  -13.470 0.1111111119
88029  -20.285  -15.438  -13.182 0.1111111119
104085  -19.918  -3.567  -18.615 0.1111111119
105433  -19.597  -2.904  -19.184 0.1111111119
105460  -20.969  -2.292  -21.266 0.1111111119
100363  -19.610  -6.888  -17.930 0.1111111119
105459  -20.404  -2.654  -20.639 0.1111111119
75845  -25.203  -23.442  -7.709 0.1111111119
77366  -24.265  -22.426  -10.239 0.2222222239
81848  -27.049  -19.813  -13.206 0.1111111119
83459  -26.904  -19.168  -16.053 0.4444444478
83489  -29.785  -18.762  -18.638 0.3333333433
83490  -30.040  -18.967  -18.340 0.2222222239
83500  -29.755  -18.679  -19.105 0.3333333433
83502  -30.450  -18.858  -18.657 0.2222222239
83507  -29.871  -18.461  -19.293 0.3333333433
83508  -30.123  -18.606  -19.326 0.3333333433
85076  -29.813  -17.845  -19.115 0.3333333433
85086  -30.121  -18.033  -19.410 0.3333333433
85087  -30.906  -17.982  -19.629 0.3333333433
85097  -31.706  -17.287  -20.579 0.4444444478
86610  -27.810  -17.272  -16.139 0.4444444478
86624  -23.931  -16.668  -16.980 0.5555555820
86649  -30.358  -16.704  -18.284 0.4444444478
86666  -29.855  -17.587  -18.775 0.3333333433
86668  -31.112  -16.676  -19.179 0.4444444478
86697  -31.542  -16.968  -20.501 0.4444444478
86716  -34.243  -16.735  -21.499 0.2222222239
88079  -27.781  -15.927  -16.858 0.5555555820
88093  -25.543  -16.048  -17.991 0.7777777910
88096  -28.434  -15.552  -17.126 0.8888888955
88106  -23.714  -15.238  -18.968 1.0000000000
88107  -24.229  -15.756  -18.611 0.8888888955
88108  -25.101  -15.807  -18.572 0.8888888955
88118  -23.851  -15.002  -19.321 1.0000000000
88121  -31.488  -16.340  -19.569 0.4444444478
88145  -34.774  -16.434  -21.625 0.2222222239
89394  -26.736  -15.396  -16.904 0.8888888955
89395  -27.018  -15.343  -16.854 0.8888888955
89417  -23.427  -14.534  -18.556 1.0000000000
89418  -23.830  -14.446  -18.998 1.0000000000
89422  -31.621  -14.539  -18.404 0.8888888955
89463  -33.220  -14.627  -22.167 0.4444444478
90790  -30.549  -13.990  -17.639 1.0000000000
90800  -24.157  -14.046  -18.997 1.0000000000
90836  -32.641  -14.205  -21.066 0.5555555820
90851  -34.158  -13.695  -22.886 0.2222222239
92276  -29.877  -12.065  -17.391 1.0000000000
92277  -30.091  -12.186  -17.472 1.0000000000
92310  -32.876  -12.504  -19.653 0.6666666865
92321  -24.008  -12.076  -20.243 1.0000000000
92346  -33.889  -12.792  -22.572 0.3333333433
92360  -34.172  -12.385  -23.199 0.3333333433
92381  -35.535  -12.270  -25.523 0.1111111119
92383  -36.432  -12.131  -25.811 0.1111111119
93718  -20.206  -12.064  -17.210 0.1111111119
93737  -30.019  -11.770  -17.350 1.0000000000
93740  -31.868  -11.343  -19.033 0.8888888955
93759  -32.261  -11.560  -19.192 0.7777777910
93771  -23.512  -11.633  -20.218 0.8888888955
93772  -24.848  -11.673  -19.638 1.0000000000
93789  -26.124  -11.026  -20.106 1.0000000000
93790  -26.445  -10.646  -20.046 1.0000000000
93825  -32.942  -11.406  -23.406 0.4444444478
93828  -36.033  -11.422  -23.247 0.1111111119
93840  -33.988  -11.410  -24.352 0.2222222239
93842  -36.240  -11.699  -25.290 0.1111111119
93843  -36.288  -11.855  -24.978 0.1111111119
93851  -35.697  -11.846  -25.662 0.1111111119
93852  -36.214  -11.804  -25.611 0.1111111119
93853  -36.438  -12.015  -25.571 0.1111111119
95145  -31.786  -10.907  -19.014 0.8888888955
95146  -31.936  -11.124  -19.172 0.8888888955
95163  -31.710  -10.408  -18.711 1.0000000000
95171  -23.612  -11.086  -20.469 0.8888888955
95174  -26.927  -10.490  -19.906 1.0000000000
95188  -27.048  -10.011  -20.071 1.0000000000
95196  -23.861  -9.827  -21.380 0.8888888955
95208  -32.237  -10.890  -23.047 0.5555555820
95218  -31.831  -10.360  -24.165 0.3333333433
95221  -35.408  -10.692  -24.373 0.1111111119
95222  -35.997  -11.178  -24.030 0.1111111119
95223  -36.228  -11.602  -24.439 0.1111111119
95236  -36.018  -11.444  -25.025 0.1111111119
95247  -35.850  -11.646  -25.610 0.1111111119
95248  -35.924  -11.543  -25.429 0.1111111119
96539  -29.794  -9.060  -17.938 1.0000000000
96553  -27.797  -9.607  -18.802 1.0000000000
96557  -31.311  -9.522  -18.304 0.8888888955
96573  -21.619  -9.486  -20.191 0.5555555820
96574  -22.210  -9.368  -20.598 0.5555555820
96586  -22.622  -9.114  -20.935 0.6666666865
96587  -23.354  -9.316  -21.178 0.6666666865
96607  -30.607  -9.295  -24.349 0.2222222239
96621  -34.304  -9.427  -24.255 0.1111111119
96626  -30.782  -8.821  -25.299 0.2222222239
96627  -31.144  -9.171  -25.364 0.1111111119
96628  -31.783  -9.258  -25.139 0.1111111119
97837  -29.884  -8.760  -17.978 1.0000000000
97838  -30.499  -8.500  -17.917 0.8888888955
97851  -30.041  -8.328  -18.074 1.0000000000
97866  -27.898  -8.522  -19.045 1.0000000000
97880  -27.104  -8.794  -20.054 1.0000000000
97881  -32.293  -8.586  -20.968 0.6666666865
97882  -35.108  -8.254  -21.234 0.1111111119
97888  -19.809  -7.839  -20.726 0.4444444478
97889  -19.866  -8.023  -20.804 0.4444444478
97891  -22.466  -8.343  -21.089 0.6666666865
97893  -24.187  -8.484  -21.401 0.7777777910
97897  -35.185  -8.833  -21.457 0.1111111119
97908  -29.958  -8.064  -24.380 0.3333333433
97909  -30.291  -8.625  -23.956 0.5555555820
97910  -34.392  -8.766  -24.045 0.1111111119
97917  -31.528  -8.205  -25.093 0.1111111119
97929  -31.027  -8.535  -25.388 0.2222222239
99087  -30.773  -8.050  -17.921 0.8888888955
99088  -30.973  -8.256  -17.861 0.8888888955
99098  -27.808  -7.548  -19.068 1.0000000000
99103  -31.974  -7.965  -18.693 0.7777777910
99112  -19.634  -8.000  -19.306 0.3333333433
99116  -27.797  -7.188  -19.095 1.0000000000
99128  -20.137  -8.032  -20.810 0.4444444478
99129  -20.453  -7.996  -20.740 0.5555555820
99140  -20.181  -7.681  -20.769 0.4444444478
99153  -31.051  -7.693  -22.835 0.5555555820
99161  -30.196  -7.747  -23.629 0.4444444478
99184  -28.662  -7.361  -26.285 0.1111111119
99196  -28.537  -7.145  -26.389 0.1111111119
99197  -28.975  -7.163  -26.542 0.1111111119
100369  -28.117  -6.528  -18.866 1.0000000000
100385  -27.597  -6.540  -19.177 1.0000000000
100400  -25.612  -6.670  -20.044 0.8888888955
100428  -23.315  -5.591  -22.269 0.5555555820
100429  -31.349  -6.451  -22.762 0.5555555820
100438  -29.690  -7.335  -24.255 0.2222222239
100441  -33.668  -7.122  -23.928 0.1111111119
100451  -29.652  -6.091  -24.517 0.1111111119
100464  -30.376  -6.927  -26.150 0.1111111119
100474  -28.491  -6.519  -27.138 0.1111111119
100484  -28.725  -6.176  -27.664 0.1111111119
100485  -29.153  -6.170  -27.567 0.1111111119
101593  -27.924  -6.145  -18.927 1.0000000000
101596  -30.404  -5.650  -18.308 0.8888888955
101609  -28.146  -4.991  -18.694 1.0000000000
101642  -24.294  -5.438  -21.203 0.7777777910
101643  -31.642  -4.887  -22.388 0.5555555820
101644  -32.054  -5.109  -21.929 0.6666666865
101654  -23.048  -5.141  -22.643 0.7777777910
101657  -31.689  -5.255  -22.376 0.5555555820
101668  -30.636  -5.219  -23.335 0.5555555820
101680  -29.248  -5.866  -25.241 0.1111111119
101681  -29.763  -5.499  -24.650 0.2222222239
101692  -28.598  -5.744  -26.163 0.1111111119
101704  -27.777  -5.946  -27.362 0.1111111119
101705  -28.020  -5.644  -26.811 0.1111111119
102832  -27.685  -4.658  -18.960 0.8888888955
102851  -27.659  -4.137  -19.041 0.8888888955
102867  -23.637  -4.407  -22.078 0.6666666865
102870  -32.008  -4.438  -21.681 0.5555555820
102884  -31.330  -4.477  -22.692 0.5555555820
102906  -30.029  -4.769  -24.523 0.2222222239
102928  -28.205  -5.458  -27.210 0.1111111119
102929  -28.741  -5.044  -26.652 0.1111111119
102941  -28.224  -5.625  -27.468 0.1111111119
104091  -29.431  -3.859  -18.682 0.8888888955
104102  -19.725  -3.637  -19.070 0.1111111119
104108  -25.631  -2.844  -19.937 0.7777777910
104109  -27.918  -3.693  -19.009 0.7777777910
104111  -31.781  -3.574  -19.465 0.6666666865
104146  -31.976  -3.855  -21.542 0.6666666865
104169  -30.523  -4.102  -23.622 0.2222222239
104170  -31.079  -3.893  -23.395 0.2222222239
104192  -30.017  -3.956  -25.308 0.1111111119
104208  -29.440  -4.344  -26.141 0.1111111119
104209  -29.712  -3.555  -26.438 0.1111111119
105398  -19.813  -3.143  -18.594 0.1111111119
105403  -29.352  -2.988  -18.452 0.7777777910
105414  -19.668  -3.017  -18.762 0.1111111119
105418  -25.394  -2.778  -20.273 0.7777777910
105419  -25.511  -2.707  -20.112 0.7777777910
105422  -31.623  -2.665  -19.139 0.5555555820
105439  -25.718  -2.447  -19.911 0.7777777910
105441  -27.377  -3.043  -19.013 0.7777777910
105461  -23.655  -2.800  -22.113 0.5555555820
105463  -31.620  -3.032  -22.008 0.4444444478
105483  -31.968  -2.166  -22.374 0.4444444478
105513  -31.542  -2.474  -24.716 0.1111111119
106789  -29.796  -1.306  -18.209 0.6666666865
106797  -31.301  -1.763  -18.692 0.6666666865
106802  -21.770  -0.785  -19.972 0.1111111119
106805  -27.482  -1.467  -19.110 0.6666666865
106806  -27.934  -2.246  -18.459 0.6666666865
106807  -28.888  -2.161  -18.927 0.6666666865
106808  -31.670  -1.737  -19.505 0.6666666865
106844  -22.768  -1.247  -22.700 0.4444444478
106856  -31.852  -2.156  -23.714 0.4444444478
106857  -32.292  -1.596  -23.832 0.3333333433
106865  -31.845  -1.770  -25.217 0.1111111119
106874  -31.755  -1.592  -25.888 0.1111111119
106875  -32.198  -1.258  -25.677 0.1111111119
106885  -31.409  -1.409  -26.615 0.1111111119
108162  -29.635  -1.091  -18.222 0.6666666865
108163  -29.864  -1.013  -18.284 0.6666666865
108170  -30.193  -0.782  -18.544 0.6666666865
108171  -30.953  -1.005  -18.677 0.6666666865
108188  -22.420  0.462  -21.212 0.1111111119
108193  -32.334  -0.844  -20.558 0.5555555820
108203  -22.389  0.372  -21.452 0.1111111119
108204  -22.943  0.018  -21.379 0.1111111119
108205  -25.849  -0.659  -21.206 0.6666666865
108218  -22.179  -0.147  -22.119 0.3333333433
108253  -31.894  -1.096  -26.888 0.1111111119
108262  -31.786  -0.052  -27.066 0.1111111119
108270  -30.497  -1.191  -28.805 0.1111111119
109506  -30.910  -0.359  -18.909 0.6666666865
109524  -23.211  0.575  -21.193 0.1111111119
109527  -28.440  0.829  -19.805 0.6666666865
109528  -30.334  1.187  -19.872 0.6666666865
109531  -32.623  -0.248  -20.845 0.5555555820
109537  -21.454  0.045  -21.604 0.1111111119
109554  -21.625  -0.069  -21.967 0.1111111119
109569  -32.825  0.330  -23.800 0.5555555820
109578  -33.080  0.698  -24.989 0.1111111119
109583  -32.646  0.364  -25.782 0.1111111119
109613  -30.452  -0.246  -29.997 0.1111111119
110775  -29.746  1.374  -20.112 0.6666666865
110777  -31.284  1.512  -20.482 0.6666666865
110788  -32.494  0.955  -21.513 0.5555555820
110822  -33.048  0.815  -24.781 0.1111111119
110829  -33.174  0.993  -25.024 0.1111111119
110836  -32.425  1.157  -26.275 0.2222222239
110865  -31.176  0.967  -29.487 0.1111111119
111972  -30.887  1.968  -20.450 0.6666666865
111982  -24.662  2.044  -21.890 0.1111111119
111986  -28.713  2.429  -21.633 0.5555555820
111988  -30.256  2.757  -20.860 0.6666666865
112017  -32.416  2.051  -23.343 0.4444444478
112026  -32.630  2.201  -23.923 0.3333333433
113142  -29.722  3.227  -21.902 0.5555555820
113143  -30.271  3.219  -21.455 0.5555555820
113144  -30.722  2.995  -21.176 0.5555555820
113180  -29.601  4.088  -23.497 0.4444444478
114347  -28.219  3.992  -22.954 0.4444444478
114348  -28.573  3.949  -22.720 0.4444444478
114379  -25.003  5.283  -25.567 0.1111111119
114385  -29.732  4.175  -24.270 0.4444444478
114402  -25.300  5.245  -25.918 0.1111111119
114421  -25.707  5.153  -26.138 0.2222222239
115526  -24.647  5.547  -25.733 0.1111111119
115527  -24.886  5.478  -26.125 0.1111111119
115528  -25.976  5.066  -26.173 0.2222222239
115548  -28.531  5.440  -26.392 0.3333333433
115575  -26.977  6.275  -28.515 0.1111111119
115576  -27.734  6.131  -28.544 0.1111111119
115596  -25.938  6.342  -31.400 0.1111111119
115598  -27.033  5.681  -30.974 0.1111111119
115605  -26.102  6.416  -31.569 0.1111111119
115611  -26.903  5.899  -32.878 0.1111111119
115613  -27.650  5.318  -32.424 0.1111111119
116661  -24.480  6.224  -25.714 0.1111111119
116692  -25.259  6.489  -27.864 0.1111111119
116715  -24.634  7.033  -29.746 0.1111111119
116719  -27.451  6.224  -29.246 0.1111111119
116727  -24.796  6.850  -30.218 0.1111111119
116734  -25.666  6.664  -31.276 0.1111111119
116740  -26.763  6.260  -32.285 0.1111111119
116744  -26.969  6.173  -32.941 0.1111111119
117720  -25.095  7.446  -26.615 0.1111111119
117749  -24.559  7.462  -29.831 0.1111111119
117750  -24.945  7.530  -29.232 0.1111111119
117773  -24.883  6.958  -30.554 0.1111111119
118790  -25.452  8.801  -25.060 0.1111111119
