#!ascii label  , from subject sub-01 vox2ras=TkReg
506
96555  -29.458  -9.283  -18.080 0.0000000000
90815  -23.872  -13.193  -18.967 0.0000000000
89437  -32.357  -14.819  -19.869 0.0000000000
86647  -25.762  -16.272  -17.123 0.0000000000
113160  -28.091  3.490  -22.563 0.0000000000
109517  -31.062  0.374  -19.259 0.0000000000
101624  -25.395  -5.374  -20.028 0.0000000000
80440  -24.220  -19.659  -15.166 0.0000000000
89419  -25.306  -15.099  -18.873 0.0000000000
86643  -23.027  -15.809  -17.240 0.0000000000
111970  -29.547  2.148  -20.683 0.0000000000
108178  -26.953  -0.537  -19.743 0.0000000000
96576  -24.717  -9.311  -20.829 0.0000000000
99142  -22.033  -7.291  -21.300 0.0000000000
100383  -26.065  -7.164  -19.642 0.0000000000
102816  -29.607  -4.644  -18.400 0.0000000000
100373  -32.009  -6.870  -18.628 0.0000000000
96568  -32.478  -9.599  -19.632 0.0000000000
93769  -22.118  -11.193  -19.180 0.0000000000
93774  -26.610  -11.286  -19.535 0.0000000000
93757  -30.714  -11.471  -17.713 0.0000000000
90804  -28.224  -13.328  -18.059 0.0000000000
88098  -30.292  -15.904  -17.888 0.0000000000
85063  -29.835  -18.185  -17.815 0.0000000000
104158  -23.171  -3.783  -22.412 0.0000000000
105420  -28.063  -3.059  -19.118 0.0000000000
105443  -32.315  -2.680  -20.406 0.0000000000
85026  -22.234  -17.050  -15.499 0.0000000000
83476  -25.534  -18.319  -16.291 0.0000000000
88077  -22.434  -15.335  -16.950 0.0000000000
86621  -21.616  -16.062  -15.998 0.0000000000
108206  -26.281  0.084  -21.040 0.0000000000
106833  -24.553  -1.650  -21.788 0.0000000000
96579  -27.144  -9.410  -20.137 0.0000000000
97863  -26.038  -8.237  -19.848 0.0000000000
97848  -27.854  -8.041  -19.037 0.0000000000
100371  -29.830  -6.646  -18.343 0.0000000000
99101  -30.266  -7.732  -18.150 0.0000000000
97867  -32.504  -8.634  -19.988 0.0000000000
96541  -30.753  -9.138  -17.896 0.0000000000
93752  -22.349  -11.972  -19.165 0.0000000000
93787  -23.928  -11.387  -20.471 0.0000000000
92307  -24.548  -12.589  -19.761 0.0000000000
93753  -26.799  -12.109  -18.931 0.0000000000
90818  -25.996  -13.109  -19.292 0.0000000000
88109  -25.661  -15.769  -18.170 0.0000000000
89406  -27.946  -14.798  -17.392 0.0000000000
88095  -27.858  -15.294  -17.185 0.0000000000
86648  -29.983  -17.183  -18.056 0.0000000000
86628  -28.427  -17.191  -16.470 0.0000000000
111984  -26.586  2.067  -22.200 0.0000000000
112001  -26.258  2.359  -22.731 0.0000000000
113179  -27.747  3.707  -23.036 0.0000000000
114383  -27.980  4.530  -24.465 0.0000000000
113192  -30.284  3.872  -24.203 0.0000000000
110776  -30.596  1.534  -20.204 0.0000000000
100416  -23.365  -6.358  -21.723 0.0000000000
100427  -22.817  -5.800  -22.319 0.0000000000
102868  -24.069  -4.748  -21.477 0.0000000000
104107  -25.484  -2.970  -20.142 0.0000000000
102849  -26.454  -4.229  -19.425 0.0000000000
102818  -31.794  -4.622  -19.231 0.0000000000
104093  -31.357  -3.680  -19.029 0.0000000000
104128  -32.295  -3.664  -20.812 0.0000000000
92294  -31.381  -12.474  -18.285 0.0000000000
92323  -33.138  -12.191  -20.342 0.0000000000
81867  -22.727  -19.033  -14.804 0.0000000000
81888  -23.145  -18.606  -15.271 0.0000000000
83474  -23.940  -17.946  -15.953 0.0000000000
81909  -25.009  -18.859  -16.051 0.0000000000
90798  -22.651  -13.547  -18.359 0.0000000000
89429  -24.065  -14.643  -19.338 0.0000000000
89403  -23.114  -14.712  -17.895 0.0000000000
88092  -24.053  -15.806  -17.973 0.0000000000
86645  -24.413  -16.294  -17.724 0.0000000000
110785  -27.440  1.922  -21.654 0.0000000000
112004  -29.189  2.824  -22.058 0.0000000000
110773  -27.593  1.387  -20.823 0.0000000000
109526  -27.642  0.959  -19.922 0.0000000000
109515  -28.984  0.361  -19.442 0.0000000000
97862  -21.197  -8.947  -19.958 0.0000000000
97892  -23.563  -8.426  -21.395 0.0000000000
99130  -24.702  -7.447  -21.055 0.0000000000
100401  -26.197  -5.942  -19.783 0.0000000000
102831  -27.035  -4.909  -19.240 0.0000000000
101594  -28.366  -5.761  -18.591 0.0000000000
101597  -31.470  -5.672  -18.543 0.0000000000
101610  -32.519  -5.685  -20.029 0.0000000000
99146  -32.244  -7.690  -21.457 0.0000000000
80425  -25.630  -20.744  -14.594 0.0000000000
80442  -25.522  -20.205  -15.317 0.0000000000
95183  -22.771  -10.062  -20.390 0.0000000000
95186  -25.815  -10.327  -20.241 0.0000000000
95175  -27.282  -10.031  -19.613 0.0000000000
95161  -30.057  -10.409  -18.123 0.0000000000
93755  -28.539  -11.261  -18.075 0.0000000000
92292  -29.538  -12.217  -17.643 0.0000000000
90807  -31.069  -13.542  -18.034 0.0000000000
90802  -26.189  -13.913  -18.529 0.0000000000
90788  -28.905  -13.998  -17.406 0.0000000000
88111  -31.201  -15.814  -18.545 0.0000000000
86683  -31.106  -17.138  -19.753 0.0000000000
83509  -30.438  -18.689  -19.135 0.0000000000
113182  -31.304  3.396  -22.615 0.0000000000
105437  -24.739  -2.633  -21.093 0.0000000000
106819  -27.089  -1.993  -19.397 0.0000000000
108169  -29.349  -1.010  -18.247 0.0000000000
104110  -28.767  -3.882  -19.069 0.0000000000
106796  -30.403  -1.649  -18.210 0.0000000000
108192  -31.861  -0.875  -19.845 0.0000000000
95164  -32.276  -10.647  -19.281 0.0000000000
93791  -33.106  -11.521  -20.882 0.0000000000
86608  -21.371  -16.314  -15.324 0.0000000000
85041  -22.897  -17.130  -16.054 0.0000000000
85043  -24.393  -17.086  -16.394 0.0000000000
86625  -25.601  -16.930  -16.583 0.0000000000
83458  -26.592  -19.237  -16.215 0.0000000000
83478  -27.455  -18.791  -16.241 0.0000000000
85027  -27.803  -17.532  -16.291 0.0000000000
105481  -24.075  -1.861  -22.233 0.0000000000
96567  -27.954  -8.862  -19.056 0.0000000000
97865  -27.521  -8.637  -19.541 0.0000000000
97849  -28.545  -8.422  -18.686 0.0000000000
99100  -29.179  -7.519  -18.419 0.0000000000
97850  -29.547  -8.342  -18.231 0.0000000000
97839  -31.179  -8.675  -17.930 0.0000000000
96540  -30.133  -9.103  -17.900 0.0000000000
90814  -23.142  -13.142  -18.763 0.0000000000
92288  -22.420  -12.592  -18.724 0.0000000000
92305  -23.010  -12.571  -19.244 0.0000000000
92306  -23.724  -12.517  -19.710 0.0000000000
92308  -25.440  -12.508  -19.593 0.0000000000
90816  -24.327  -13.698  -19.465 0.0000000000
88094  -25.929  -15.893  -17.473 0.0000000000
89404  -26.498  -15.179  -17.222 0.0000000000
88078  -26.803  -15.874  -16.865 0.0000000000
88080  -28.821  -16.381  -16.793 0.0000000000
86627  -27.509  -16.899  -16.262 0.0000000000
112002  -27.320  2.560  -22.371 0.0000000000
113159  -27.443  3.203  -22.885 0.0000000000
114364  -27.935  4.293  -23.439 0.0000000000
113191  -29.685  4.122  -24.009 0.0000000000
113161  -29.234  3.751  -22.429 0.0000000000
109529  -30.953  1.088  -19.770 0.0000000000
110787  -31.969  1.467  -21.376 0.0000000000
109543  -32.345  0.795  -21.144 0.0000000000
109530  -31.945  0.361  -20.352 0.0000000000
101623  -24.684  -5.916  -20.498 0.0000000000
101641  -23.773  -5.450  -21.835 0.0000000000
101655  -23.430  -5.058  -22.356 0.0000000000
102847  -24.733  -4.559  -20.723 0.0000000000
102848  -25.709  -4.351  -20.015 0.0000000000
102836  -32.342  -4.570  -20.156 0.0000000000
102835  -31.917  -4.082  -19.773 0.0000000000
90819  -32.534  -13.626  -19.447 0.0000000000
90820  -33.144  -13.394  -20.029 0.0000000000
90826  -32.673  -14.080  -20.343 0.0000000000
81868  -23.263  -19.601  -14.776 0.0000000000
81889  -23.760  -19.040  -15.188 0.0000000000
81907  -23.766  -18.594  -15.828 0.0000000000
81890  -24.524  -19.327  -15.620 0.0000000000
90784  -22.208  -13.894  -17.853 0.0000000000
89416  -22.781  -14.248  -18.041 0.0000000000
89402  -22.354  -14.517  -17.417 0.0000000000
88090  -22.992  -15.108  -17.462 0.0000000000
86644  -23.707  -16.080  -17.493 0.0000000000
109559  -26.177  0.881  -21.985 0.0000000000
110772  -26.900  1.337  -21.169 0.0000000000
109542  -26.425  0.795  -21.374 0.0000000000
108191  -26.287  -0.536  -20.221 0.0000000000
109513  -27.032  0.122  -19.644 0.0000000000
109514  -28.006  0.128  -19.541 0.0000000000
108179  -27.486  -0.592  -19.393 0.0000000000
96575  -22.965  -9.651  -20.796 0.0000000000
96588  -24.195  -9.252  -21.230 0.0000000000
99114  -26.427  -7.644  -19.561 0.0000000000
99131  -25.410  -7.719  -20.480 0.0000000000
99113  -25.832  -7.525  -19.828 0.0000000000
100399  -24.904  -6.865  -20.691 0.0000000000
100384  -26.571  -6.765  -19.480 0.0000000000
101607  -26.953  -5.788  -19.503 0.0000000000
100368  -27.895  -6.397  -19.018 0.0000000000
100372  -30.911  -6.719  -18.277 0.0000000000
101598  -32.064  -5.779  -19.289 0.0000000000
100387  -32.511  -6.705  -19.675 0.0000000000
100402  -32.638  -6.597  -20.762 0.0000000000
99132  -32.588  -7.662  -20.358 0.0000000000
97853  -32.189  -8.699  -19.142 0.0000000000
95189  -32.587  -10.539  -21.273 0.0000000000
78862  -25.069  -21.114  -14.580 0.0000000000
95158  -21.325  -10.603  -19.157 0.0000000000
95169  -22.194  -10.356  -19.731 0.0000000000
95172  -25.197  -10.903  -19.997 0.0000000000
93788  -24.456  -11.091  -20.380 0.0000000000
95173  -25.738  -10.985  -20.116 0.0000000000
95187  -26.630  -10.059  -20.169 0.0000000000
93775  -27.210  -10.699  -19.324 0.0000000000
95159  -27.733  -10.203  -18.697 0.0000000000
92290  -27.403  -12.621  -18.410 0.0000000000
92291  -28.308  -12.347  -17.970 0.0000000000
90806  -30.069  -13.271  -18.023 0.0000000000
90805  -29.131  -13.177  -17.747 0.0000000000
89430  -24.756  -14.833  -19.276 0.0000000000
90801  -25.512  -14.587  -19.029 0.0000000000
89407  -28.738  -14.909  -17.366 0.0000000000
90787  -28.083  -14.145  -17.803 0.0000000000
89408  -29.628  -14.934  -17.329 0.0000000000
89409  -30.419  -14.786  -17.529 0.0000000000
88099  -30.772  -15.292  -17.917 0.0000000000
88110  -30.586  -16.414  -18.391 0.0000000000
85075  -29.723  -18.154  -18.724 0.0000000000
85085  -29.749  -18.273  -19.183 0.0000000000
83501  -29.969  -19.176  -18.999 0.0000000000
85077  -31.094  -18.385  -19.009 0.0000000000
111987  -29.495  2.724  -21.362 0.0000000000
113162  -30.375  3.562  -22.162 0.0000000000
113163  -31.035  3.194  -21.662 0.0000000000
97890  -21.716  -7.861  -20.924 0.0000000000
104157  -22.534  -3.419  -22.586 0.0000000000
104143  -23.597  -3.316  -22.031 0.0000000000
105462  -24.100  -2.623  -21.669 0.0000000000
105440  -26.429  -2.750  -19.570 0.0000000000
106820  -27.828  -2.010  -18.914 0.0000000000
108168  -28.701  -0.919  -18.440 0.0000000000
106794  -28.647  -1.737  -18.246 0.0000000000
102815  -28.815  -4.895  -18.535 0.0000000000
102833  -28.354  -4.363  -19.038 0.0000000000
102834  -28.948  -4.278  -18.983 0.0000000000
105423  -32.240  -2.957  -19.614 0.0000000000
105405  -31.031  -2.688  -18.246 0.0000000000
105442  -32.061  -2.333  -19.736 0.0000000000
108183  -31.364  -1.058  -19.216 0.0000000000
106821  -32.123  -1.701  -20.173 0.0000000000
106822  -32.356  -1.753  -20.994 0.0000000000
95162  -31.079  -10.459  -18.127 0.0000000000
93739  -31.739  -11.146  -18.961 0.0000000000
85013  -22.167  -17.621  -15.095 0.0000000000
85012  -21.536  -17.275  -14.886 0.0000000000
85025  -21.738  -16.808  -15.350 0.0000000000
86609  -21.845  -16.530  -15.737 0.0000000000
83475  -24.737  -18.034  -16.086 0.0000000000
85042  -23.655  -17.063  -16.169 0.0000000000
85044  -25.177  -17.290  -16.514 0.0000000000
85045  -25.994  -17.654  -16.412 0.0000000000
81892  -26.323  -19.548  -15.780 0.0000000000
85046  -27.074  -17.821  -16.387 0.0000000000
89393  -21.915  -14.850  -16.831 0.0000000000
88076  -21.734  -15.466  -16.459 0.0000000000
86622  -22.365  -16.261  -16.362 0.0000000000
106847  -24.836  -1.142  -21.944 0.0000000000
106834  -25.168  -1.240  -21.508 0.0000000000
108190  -25.910  -0.864  -20.681 0.0000000000
96577  -25.294  -9.396  -20.462 0.0000000000
97878  -25.685  -8.723  -20.284 0.0000000000
97879  -26.559  -8.844  -20.137 0.0000000000
97864  -26.823  -8.389  -19.661 0.0000000000
99115  -27.309  -7.615  -19.303 0.0000000000
100386  -27.960  -6.900  -19.039 0.0000000000
99099  -28.244  -7.367  -18.745 0.0000000000
99102  -31.310  -7.838  -18.101 0.0000000000
99117  -32.358  -7.751  -19.376 0.0000000000
97852  -31.743  -8.712  -18.441 0.0000000000
93751  -21.533  -11.729  -18.830 0.0000000000
93770  -22.820  -11.627  -19.704 0.0000000000
92322  -24.359  -11.793  -20.146 0.0000000000
93773  -25.742  -11.526  -19.755 0.0000000000
92309  -26.195  -12.261  -19.342 0.0000000000
92289  -26.589  -12.917  -18.770 0.0000000000
89420  -25.926  -15.168  -18.334 0.0000000000
90785  -26.557  -14.583  -17.752 0.0000000000
89405  -27.270  -14.889  -17.132 0.0000000000
88097  -29.375  -16.073  -17.199 0.0000000000
88081  -29.187  -16.561  -16.987 0.0000000000
86629  -29.317  -17.139  -17.071 0.0000000000
110797  -25.485  1.349  -22.433 0.0000000000
112015  -26.997  2.795  -23.030 0.0000000000
111971  -30.367  2.062  -20.528 0.0000000000
111989  -31.171  2.473  -20.914 0.0000000000
100426  -22.131  -5.885  -22.346 0.0000000000
101653  -22.427  -5.123  -22.489 0.0000000000
102883  -23.215  -4.576  -22.478 0.0000000000
104144  -24.126  -3.825  -21.514 0.0000000000
104123  -24.705  -3.293  -20.981 0.0000000000
104124  -25.341  -3.520  -20.396 0.0000000000
104125  -25.909  -3.322  -19.775 0.0000000000
104126  -26.706  -3.537  -19.194 0.0000000000
102817  -31.028  -4.631  -18.492 0.0000000000
104092  -30.476  -3.703  -18.268 0.0000000000
104112  -32.272  -3.588  -19.979 0.0000000000
92295  -32.313  -12.497  -18.771 0.0000000000
93758  -31.680  -11.356  -18.630 0.0000000000
92311  -33.277  -12.865  -20.343 0.0000000000
83437  -22.112  -18.198  -14.700 0.0000000000
83456  -22.702  -18.012  -15.440 0.0000000000
83473  -23.296  -17.735  -15.905 0.0000000000
83457  -23.408  -18.357  -15.650 0.0000000000
81908  -24.185  -18.787  -16.109 0.0000000000
90797  -21.831  -13.379  -17.948 0.0000000000
90799  -23.549  -13.848  -18.767 0.0000000000
89428  -23.776  -14.828  -19.143 0.0000000000
88119  -24.139  -15.268  -19.275 0.0000000000
88091  -23.629  -15.326  -18.020 0.0000000000
88120  -24.528  -15.453  -19.023 0.0000000000
86664  -24.622  -16.071  -18.339 0.0000000000
86665  -24.881  -16.311  -18.142 0.0000000000
86646  -25.317  -16.427  -17.401 0.0000000000
110798  -26.186  1.413  -22.396 0.0000000000
111985  -26.883  2.204  -21.832 0.0000000000
110799  -27.858  2.249  -22.130 0.0000000000
112003  -28.359  2.782  -22.134 0.0000000000
110800  -28.206  2.084  -21.922 0.0000000000
110786  -28.270  1.857  -21.303 0.0000000000
111969  -28.908  2.164  -21.070 0.0000000000
109525  -26.738  0.704  -20.498 0.0000000000
110774  -28.625  1.510  -20.418 0.0000000000
110762  -29.037  1.026  -19.871 0.0000000000
110763  -29.451  0.866  -19.729 0.0000000000
109516  -30.053  0.651  -19.485 0.0000000000
97877  -24.825  -8.505  -21.007 0.0000000000
99144  -24.057  -7.598  -21.555 0.0000000000
99143  -23.002  -7.414  -21.489 0.0000000000
100417  -24.276  -6.451  -21.294 0.0000000000
101625  -26.332  -5.094  -19.720 0.0000000000
101608  -27.693  -5.530  -19.045 0.0000000000
100370  -28.827  -6.589  -18.516 0.0000000000
101595  -29.329  -5.686  -18.384 0.0000000000
102819  -32.289  -5.129  -19.582 0.0000000000
101626  -32.422  -5.470  -21.007 0.0000000000
100419  -32.117  -6.439  -21.934 0.0000000000
99145  -31.765  -7.471  -22.184 0.0000000000
88130  -31.933  -16.014  -20.392 0.0000000000
80424  -24.875  -20.739  -14.958 0.0000000000
80441  -24.722  -19.967  -15.248 0.0000000000
95182  -22.141  -9.870  -20.311 0.0000000000
95197  -24.207  -10.052  -21.294 0.0000000000
95170  -23.196  -10.829  -20.152 0.0000000000
95184  -23.663  -10.490  -20.995 0.0000000000
95185  -24.668  -10.088  -20.644 0.0000000000
96578  -26.218  -9.460  -20.221 0.0000000000
96566  -27.664  -9.430  -19.261 0.0000000000
96554  -28.291  -9.413  -18.689 0.0000000000
95160  -28.916  -10.266  -18.173 0.0000000000
93756  -29.619  -11.212  -17.849 0.0000000000
93754  -27.449  -11.484  -18.661 0.0000000000
93738  -30.380  -11.999  -17.524 0.0000000000
92293  -30.481  -12.470  -17.859 0.0000000000
90808  -31.929  -13.525  -18.595 0.0000000000
89431  -32.200  -14.551  -18.973 0.0000000000
90817  -25.320  -13.704  -19.587 0.0000000000
90803  -27.270  -13.502  -18.205 0.0000000000
90786  -27.221  -14.229  -17.778 0.0000000000
90789  -29.824  -13.956  -17.421 0.0000000000
89421  -31.038  -14.658  -17.896 0.0000000000
88112  -31.990  -15.195  -18.607 0.0000000000
88122  -32.024  -15.547  -19.273 0.0000000000
88129  -31.480  -16.650  -20.124 0.0000000000
86667  -30.415  -17.116  -18.949 0.0000000000
86682  -30.592  -17.610  -19.498 0.0000000000
113181  -30.457  3.965  -23.088 0.0000000000
106816  -24.885  -2.019  -21.182 0.0000000000
106817  -25.576  -1.440  -20.550 0.0000000000
105438  -25.252  -2.632  -20.503 0.0000000000
106818  -26.245  -1.656  -19.691 0.0000000000
106804  -27.034  -1.156  -19.744 0.0000000000
108180  -28.366  -0.713  -18.637 0.0000000000
108181  -29.545  -0.265  -18.925 0.0000000000
108182  -30.354  -0.066  -19.040 0.0000000000
102850  -27.067  -4.225  -18.850 0.0000000000
104127  -27.086  -3.776  -18.777 0.0000000000
105421  -28.844  -3.174  -18.889 0.0000000000
105404  -30.059  -2.830  -18.041 0.0000000000
106795  -29.579  -1.941  -18.127 0.0000000000
106790  -30.076  -1.164  -18.283 0.0000000000
109507  -31.213  -0.657  -19.002 0.0000000000
109518  -31.469  -0.328  -19.364 0.0000000000
108207  -32.573  -0.831  -21.336 0.0000000000
96556  -30.479  -9.675  -18.096 0.0000000000
96558  -32.112  -9.604  -18.782 0.0000000000
95176  -32.691  -10.542  -20.237 0.0000000000
93776  -32.707  -11.501  -19.925 0.0000000000
86623  -23.258  -16.500  -16.726 0.0000000000
85061  -24.347  -16.710  -17.064 0.0000000000
85062  -24.717  -16.767  -17.038 0.0000000000
86626  -26.179  -16.626  -16.596 0.0000000000
81891  -25.314  -19.488  -15.709 0.0000000000
81910  -25.709  -19.111  -16.260 0.0000000000
83477  -26.467  -18.838  -16.546 0.0000000000
86611  -28.039  -17.327  -16.206 0.0000000000
83489  -29.785  -18.762  -18.638 0.0000000000
83500  -29.755  -18.679  -19.105 0.0000000000
83502  -30.450  -18.858  -18.657 0.0000000000
83507  -29.871  -18.461  -19.293 0.0000000000
83508  -30.123  -18.606  -19.326 0.0000000000
85028  -28.143  -17.580  -16.336 0.0000000000
85076  -29.813  -17.845  -19.115 0.0000000000
85086  -30.121  -18.033  -19.410 0.0000000000
85087  -30.906  -17.982  -19.629 0.0000000000
86610  -27.810  -17.272  -16.139 0.0000000000
86624  -23.931  -16.668  -16.980 0.0000000000
86649  -30.358  -16.704  -18.284 0.0000000000
86666  -29.855  -17.587  -18.775 0.0000000000
86668  -31.112  -16.676  -19.179 0.0000000000
86697  -31.542  -16.968  -20.501 0.0000000000
88079  -27.781  -15.927  -16.858 0.0000000000
88093  -25.543  -16.048  -17.991 0.0000000000
88096  -28.434  -15.552  -17.126 0.0000000000
88106  -23.714  -15.238  -18.968 0.0000000000
88107  -24.229  -15.756  -18.611 0.0000000000
88108  -25.101  -15.807  -18.572 0.0000000000
88118  -23.851  -15.002  -19.321 0.0000000000
88121  -31.488  -16.340  -19.569 0.0000000000
89394  -26.736  -15.396  -16.904 0.0000000000
89395  -27.018  -15.343  -16.854 0.0000000000
89417  -23.427  -14.534  -18.556 0.0000000000
89418  -23.830  -14.446  -18.998 0.0000000000
89422  -31.621  -14.539  -18.404 0.0000000000
90790  -30.549  -13.990  -17.639 0.0000000000
90800  -24.157  -14.046  -18.997 0.0000000000
92276  -29.877  -12.065  -17.391 0.0000000000
92277  -30.091  -12.186  -17.472 0.0000000000
92310  -32.876  -12.504  -19.653 0.0000000000
92321  -24.008  -12.076  -20.243 0.0000000000
93737  -30.019  -11.770  -17.350 0.0000000000
93740  -31.868  -11.343  -19.033 0.0000000000
93759  -32.261  -11.560  -19.192 0.0000000000
93771  -23.512  -11.633  -20.218 0.0000000000
93772  -24.848  -11.673  -19.638 0.0000000000
93789  -26.124  -11.026  -20.106 0.0000000000
93790  -26.445  -10.646  -20.046 0.0000000000
95145  -31.786  -10.907  -19.014 0.0000000000
95146  -31.936  -11.124  -19.172 0.0000000000
95163  -31.710  -10.408  -18.711 0.0000000000
95171  -23.612  -11.086  -20.469 0.0000000000
95174  -26.927  -10.490  -19.906 0.0000000000
95188  -27.048  -10.011  -20.071 0.0000000000
95196  -23.861  -9.827  -21.380 0.0000000000
96539  -29.794  -9.060  -17.938 0.0000000000
96553  -27.797  -9.607  -18.802 0.0000000000
96557  -31.311  -9.522  -18.304 0.0000000000
96573  -21.619  -9.486  -20.191 0.0000000000
96574  -22.210  -9.368  -20.598 0.0000000000
96587  -23.354  -9.316  -21.178 0.0000000000
97837  -29.884  -8.760  -17.978 0.0000000000
97838  -30.499  -8.500  -17.917 0.0000000000
97851  -30.041  -8.328  -18.074 0.0000000000
97866  -27.898  -8.522  -19.045 0.0000000000
97880  -27.104  -8.794  -20.054 0.0000000000
97891  -22.466  -8.343  -21.089 0.0000000000
97893  -24.187  -8.484  -21.401 0.0000000000
99087  -30.773  -8.050  -17.921 0.0000000000
99088  -30.973  -8.256  -17.861 0.0000000000
99098  -27.808  -7.548  -19.068 0.0000000000
99103  -31.974  -7.965  -18.693 0.0000000000
99116  -27.797  -7.188  -19.095 0.0000000000
99129  -20.453  -7.996  -20.740 0.0000000000
100369  -28.117  -6.528  -18.866 0.0000000000
100385  -27.597  -6.540  -19.177 0.0000000000
100400  -25.612  -6.670  -20.044 0.0000000000
100428  -23.315  -5.591  -22.269 0.0000000000
101593  -27.924  -6.145  -18.927 0.0000000000
101596  -30.404  -5.650  -18.308 0.0000000000
101609  -28.146  -4.991  -18.694 0.0000000000
101642  -24.294  -5.438  -21.203 0.0000000000
101654  -23.048  -5.141  -22.643 0.0000000000
102832  -27.685  -4.658  -18.960 0.0000000000
102851  -27.659  -4.137  -19.041 0.0000000000
102867  -23.637  -4.407  -22.078 0.0000000000
104091  -29.431  -3.859  -18.682 0.0000000000
104108  -25.631  -2.844  -19.937 0.0000000000
104109  -27.918  -3.693  -19.009 0.0000000000
104111  -31.781  -3.574  -19.465 0.0000000000
104146  -31.976  -3.855  -21.542 0.0000000000
105403  -29.352  -2.988  -18.452 0.0000000000
105418  -25.394  -2.778  -20.273 0.0000000000
105419  -25.511  -2.707  -20.112 0.0000000000
105422  -31.623  -2.665  -19.139 0.0000000000
105439  -25.718  -2.447  -19.911 0.0000000000
105441  -27.377  -3.043  -19.013 0.0000000000
105461  -23.655  -2.800  -22.113 0.0000000000
106789  -29.796  -1.306  -18.209 0.0000000000
106797  -31.301  -1.763  -18.692 0.0000000000
106805  -27.482  -1.467  -19.110 0.0000000000
106806  -27.934  -2.246  -18.459 0.0000000000
106807  -28.888  -2.161  -18.927 0.0000000000
106808  -31.670  -1.737  -19.505 0.0000000000
108162  -29.635  -1.091  -18.222 0.0000000000
108163  -29.864  -1.013  -18.284 0.0000000000
108170  -30.193  -0.782  -18.544 0.0000000000
108171  -30.953  -1.005  -18.677 0.0000000000
108193  -32.334  -0.844  -20.558 0.0000000000
108205  -25.849  -0.659  -21.206 0.0000000000
109506  -30.910  -0.359  -18.909 0.0000000000
109527  -28.440  0.829  -19.805 0.0000000000
109528  -30.334  1.187  -19.872 0.0000000000
109531  -32.623  -0.248  -20.845 0.0000000000
110775  -29.746  1.374  -20.112 0.0000000000
110777  -31.284  1.512  -20.482 0.0000000000
111972  -30.887  1.968  -20.450 0.0000000000
111986  -28.713  2.429  -21.633 0.0000000000
111988  -30.256  2.757  -20.860 0.0000000000
113142  -29.722  3.227  -21.902 0.0000000000
113143  -30.271  3.219  -21.455 0.0000000000
113144  -30.722  2.995  -21.176 0.0000000000
113180  -29.601  4.088  -23.497 0.0000000000
114347  -28.219  3.992  -22.954 0.0000000000
114385  -29.732  4.175  -24.270 0.0000000000
