#!ascii label  , from subject sub-01 vox2ras=TkReg
644
12339  -54.262  -70.124  7.541 0.0000000000
12465  -47.482  -69.555  0.134 0.0000000000
16946  -49.407  -65.645  5.969 0.0000000000
8346  -51.349  -73.226  2.947 0.0000000000
13503  -50.510  -68.524  0.646 0.0000000000
20530  -56.082  -62.629  8.799 0.0000000000
24503  -50.132  -59.341  10.078 0.0000000000
25672  -49.406  -58.387  17.664 0.0000000000
19312  -46.906  -64.210  5.923 0.0000000000
13478  -47.994  -68.442  3.901 0.0000000000
18165  -47.186  -64.647  3.150 0.0000000000
23154  -53.376  -60.732  9.677 0.0000000000
23075  -52.700  -61.282  12.853 0.0000000000
32561  -49.557  -53.430  16.621 0.0000000000
26997  -47.114  -57.712  14.983 0.0000000000
7272  -49.542  -74.766  7.234 0.0000000000
9327  -48.915  -72.085  1.453 0.0000000000
9286  -46.683  -72.592  3.829 0.0000000000
11363  -44.326  -70.839  2.285 0.0000000000
14568  -52.272  -67.857  6.357 0.0000000000
9246  -51.950  -72.633  5.487 0.0000000000
10369  -51.771  -71.182  1.272 0.0000000000
10422  -52.626  -71.196  -1.419 0.0000000000
18111  -53.167  -64.445  7.785 0.0000000000
20548  -49.744  -63.004  7.990 0.0000000000
23171  -46.314  -60.512  8.254 0.0000000000
22984  -52.518  -60.916  17.590 0.0000000000
24415  -49.169  -60.242  13.747 0.0000000000
27072  -46.994  -57.601  10.301 0.0000000000
29933  -45.613  -55.874  7.494 0.0000000000
7329  -48.370  -74.580  4.900 0.0000000000
17046  -47.581  -65.472  -0.906 0.0000000000
14667  -45.223  -67.172  0.216 0.0000000000
13571  -43.907  -68.685  -2.577 0.0000000000
20575  -45.869  -62.506  5.780 0.0000000000
18154  -46.355  -64.522  4.375 0.0000000000
9208  -52.672  -72.721  7.780 0.0000000000
10390  -48.253  -71.165  0.804 0.0000000000
10365  -46.642  -71.227  2.326 0.0000000000
12450  -45.175  -69.988  1.353 0.0000000000
11382  -43.320  -70.669  1.524 0.0000000000
12462  -44.448  -69.429  1.095 0.0000000000
15735  -50.886  -67.242  6.086 0.0000000000
14565  -49.683  -67.670  5.356 0.0000000000
13496  -49.048  -68.576  1.885 0.0000000000
11367  -49.752  -70.404  2.141 0.0000000000
12455  -51.672  -69.940  0.571 0.0000000000
10371  -52.951  -71.108  0.210 0.0000000000
11407  -52.652  -70.293  -0.074 0.0000000000
15684  -54.455  -66.268  7.300 0.0000000000
19290  -55.067  -63.829  7.905 0.0000000000
23152  -51.845  -60.111  9.729 0.0000000000
21815  -50.995  -61.494  8.795 0.0000000000
21814  -49.790  -61.319  8.722 0.0000000000
21838  -48.276  -62.010  8.111 0.0000000000
24528  -48.536  -59.329  9.110 0.0000000000
22983  -51.018  -60.121  17.925 0.0000000000
23027  -50.384  -60.644  15.431 0.0000000000
23026  -49.184  -60.076  15.873 0.0000000000
29790  -46.524  -55.792  13.476 0.0000000000
25744  -46.682  -58.012  12.716 0.0000000000
28461  -46.154  -56.155  11.641 0.0000000000
28509  -45.554  -56.829  9.133 0.0000000000
8320  -51.233  -73.435  4.293 0.0000000000
8302  -50.593  -73.894  5.494 0.0000000000
7345  -49.742  -74.225  4.128 0.0000000000
8315  -45.027  -73.857  4.701 0.0000000000
18239  -47.176  -64.575  -0.621 0.0000000000
15833  -46.557  -66.343  -0.247 0.0000000000
15873  -43.479  -66.971  -2.042 0.0000000000
18143  -48.606  -65.046  5.958 0.0000000000
14564  -48.823  -67.386  5.196 0.0000000000
15731  -47.407  -66.556  4.831 0.0000000000
14608  -47.397  -67.194  2.888 0.0000000000
14617  -48.725  -67.128  1.661 0.0000000000
21819  -55.167  -61.796  9.022 0.0000000000
23117  -53.257  -60.599  11.309 0.0000000000
23115  -51.470  -60.238  11.534 0.0000000000
26983  -49.193  -57.393  17.029 0.0000000000
25683  -48.080  -58.568  16.280 0.0000000000
28407  -48.525  -56.703  16.066 0.0000000000
29782  -48.374  -55.443  14.690 0.0000000000
31192  -48.048  -54.442  13.241 0.0000000000
8383  -50.575  -73.141  1.618 0.0000000000
9288  -48.676  -72.834  3.086 0.0000000000
9307  -47.911  -72.297  2.716 0.0000000000
10310  -45.079  -71.939  3.489 0.0000000000
9304  -42.785  -72.725  2.571 0.0000000000
9326  -42.441  -72.476  1.317 0.0000000000
10405  -42.271  -71.943  -0.134 0.0000000000
11418  -43.096  -70.825  -2.054 0.0000000000
13427  -53.178  -69.037  6.483 0.0000000000
10254  -52.814  -71.748  6.810 0.0000000000
11321  -51.104  -71.523  4.921 0.0000000000
10286  -51.052  -71.837  4.092 0.0000000000
12412  -48.914  -69.657  4.501 0.0000000000
10313  -50.802  -71.424  3.255 0.0000000000
9311  -52.201  -72.149  2.183 0.0000000000
9350  -51.471  -72.461  0.315 0.0000000000
10407  -50.666  -71.457  -0.407 0.0000000000
11413  -50.118  -70.530  -0.923 0.0000000000
14545  -54.487  -67.798  6.556 0.0000000000
15713  -52.416  -66.620  6.640 0.0000000000
16927  -51.490  -65.422  7.009 0.0000000000
19266  -52.844  -62.960  8.455 0.0000000000
19287  -51.403  -63.675  7.870 0.0000000000
19301  -49.680  -64.149  7.098 0.0000000000
20564  -48.052  -63.243  7.607 0.0000000000
21857  -46.273  -61.945  7.239 0.0000000000
23203  -45.593  -60.508  6.927 0.0000000000
21658  -52.480  -61.362  15.791 0.0000000000
23073  -51.115  -60.795  13.096 0.0000000000
25770  -49.643  -59.371  11.372 0.0000000000
24398  -47.793  -59.404  14.565 0.0000000000
25746  -47.902  -58.797  11.910 0.0000000000
25823  -48.478  -58.545  9.987 0.0000000000
25821  -46.868  -58.227  9.419 0.0000000000
25847  -45.684  -58.750  8.407 0.0000000000
8287  -50.923  -73.809  6.612 0.0000000000
6370  -48.758  -75.480  6.205 0.0000000000
8317  -47.070  -73.888  4.801 0.0000000000
7309  -45.128  -75.420  5.486 0.0000000000
12490  -53.863  -69.930  -1.690 0.0000000000
12487  -50.852  -69.599  -1.610 0.0000000000
12476  -48.566  -69.423  -0.667 0.0000000000
13536  -47.034  -67.849  -0.158 0.0000000000
13516  -45.656  -68.644  0.569 0.0000000000
14639  -43.490  -68.282  0.265 0.0000000000
12485  -42.822  -69.825  -1.590 0.0000000000
23223  -45.987  -60.477  5.286 0.0000000000
20586  -46.167  -62.779  4.628 0.0000000000
9181  -53.218  -72.199  8.832 0.0000000000
10231  -53.508  -71.499  7.684 0.0000000000
11404  -47.343  -70.438  0.702 0.0000000000
11386  -46.997  -70.684  1.333 0.0000000000
12451  -45.919  -69.969  1.120 0.0000000000
12463  -45.385  -69.355  0.957 0.0000000000
15734  -50.164  -66.743  5.951 0.0000000000
14566  -50.647  -67.869  5.856 0.0000000000
13502  -49.617  -68.352  1.294 0.0000000000
12453  -49.888  -69.475  1.291 0.0000000000
12454  -50.925  -69.590  0.694 0.0000000000
12467  -51.629  -69.382  0.243 0.0000000000
19270  -57.148  -63.764  8.286 0.0000000000
19291  -56.342  -64.019  7.950 0.0000000000
18113  -55.739  -64.690  7.717 0.0000000000
19269  -55.680  -63.271  8.327 0.0000000000
24530  -50.761  -59.800  9.421 0.0000000000
23175  -50.339  -60.508  9.122 0.0000000000
24529  -49.719  -59.664  9.328 0.0000000000
23174  -49.223  -60.366  8.892 0.0000000000
24502  -49.138  -59.064  9.715 0.0000000000
28390  -50.343  -56.488  17.961 0.0000000000
28375  -50.898  -56.777  18.627 0.0000000000
25653  -50.735  -58.194  18.578 0.0000000000
24339  -51.058  -59.112  18.531 0.0000000000
24354  -50.213  -59.097  18.170 0.0000000000
23006  -50.158  -60.421  16.704 0.0000000000
22981  -49.415  -59.732  17.259 0.0000000000
29808  -46.471  -55.242  12.428 0.0000000000
29856  -45.840  -55.367  10.780 0.0000000000
31280  -45.822  -54.324  10.090 0.0000000000
8345  -50.512  -73.748  3.316 0.0000000000
17043  -44.703  -65.503  -0.274 0.0000000000
17090  -43.510  -66.090  -1.582 0.0000000000
17091  -43.628  -65.908  -2.313 0.0000000000
18142  -47.369  -64.761  5.848 0.0000000000
16944  -47.213  -65.816  5.180 0.0000000000
18141  -46.722  -65.034  5.106 0.0000000000
18164  -46.656  -64.348  3.547 0.0000000000
15758  -46.641  -65.889  3.940 0.0000000000
16972  -47.320  -65.486  2.947 0.0000000000
14609  -47.981  -67.185  2.219 0.0000000000
15770  -47.627  -66.336  2.572 0.0000000000
24466  -51.921  -60.153  11.054 0.0000000000
23096  -51.761  -60.563  12.279 0.0000000000
29753  -50.059  -55.688  17.445 0.0000000000
31155  -49.729  -54.566  16.893 0.0000000000
28398  -48.828  -57.016  16.484 0.0000000000
29763  -49.795  -55.647  16.379 0.0000000000
6327  -48.582  -75.575  7.139 0.0000000000
9328  -49.715  -72.463  1.212 0.0000000000
9308  -48.823  -72.316  2.116 0.0000000000
10340  -47.908  -71.832  2.134 0.0000000000
11364  -45.272  -70.859  2.455 0.0000000000
10337  -45.602  -71.395  3.012 0.0000000000
10336  -44.620  -71.342  2.883 0.0000000000
10335  -43.519  -71.495  2.373 0.0000000000
12460  -42.920  -70.007  0.693 0.0000000000
11401  -42.633  -70.713  0.820 0.0000000000
11410  -42.245  -70.966  -0.221 0.0000000000
10420  -42.879  -71.760  -1.688 0.0000000000
11417  -42.504  -70.855  -1.251 0.0000000000
12369  -52.959  -69.897  6.855 0.0000000000
14591  -48.259  -67.747  4.749 0.0000000000
13479  -48.733  -68.781  4.735 0.0000000000
12411  -48.521  -69.343  4.007 0.0000000000
10341  -50.496  -70.978  2.545 0.0000000000
10342  -51.255  -71.309  2.149 0.0000000000
10315  -52.204  -72.009  2.529 0.0000000000
10343  -52.085  -71.698  1.936 0.0000000000
9330  -51.763  -72.724  1.207 0.0000000000
10410  -53.207  -71.234  -0.811 0.0000000000
9365  -51.908  -72.098  -0.326 0.0000000000
10408  -51.711  -71.438  -0.958 0.0000000000
10406  -49.692  -71.033  -0.319 0.0000000000
11414  -50.992  -70.815  -0.956 0.0000000000
16908  -53.703  -65.498  7.406 0.0000000000
16929  -53.485  -66.078  7.175 0.0000000000
16928  -52.886  -65.877  7.021 0.0000000000
16906  -51.798  -64.843  7.389 0.0000000000
23178  -53.543  -61.263  9.278 0.0000000000
20528  -53.770  -62.455  8.824 0.0000000000
21817  -53.144  -61.753  9.096 0.0000000000
21840  -50.257  -62.208  8.399 0.0000000000
20525  -51.074  -62.345  8.413 0.0000000000
20549  -50.720  -63.036  8.149 0.0000000000
19286  -50.369  -63.854  7.416 0.0000000000
19285  -49.312  -63.538  7.471 0.0000000000
19300  -48.477  -63.830  7.191 0.0000000000
20547  -48.697  -63.047  7.866 0.0000000000
21811  -46.857  -61.215  8.309 0.0000000000
21837  -47.350  -61.921  8.050 0.0000000000
23191  -46.296  -61.119  7.997 0.0000000000
21856  -45.821  -61.305  7.115 0.0000000000
23190  -45.891  -60.626  7.731 0.0000000000
23008  -52.628  -61.363  16.494 0.0000000000
23049  -49.486  -60.379  14.572 0.0000000000
23050  -50.658  -60.735  14.190 0.0000000000
23072  -50.074  -60.464  13.213 0.0000000000
23094  -50.091  -60.216  12.462 0.0000000000
24440  -49.480  -59.928  12.531 0.0000000000
25682  -47.764  -58.130  15.980 0.0000000000
24386  -47.845  -59.231  15.259 0.0000000000
25709  -46.998  -58.436  14.106 0.0000000000
27028  -46.671  -57.383  12.019 0.0000000000
25745  -47.196  -58.333  12.127 0.0000000000
25767  -47.739  -58.391  11.327 0.0000000000
25799  -48.527  -58.604  10.746 0.0000000000
25798  -47.722  -58.231  10.534 0.0000000000
25822  -47.558  -58.245  9.793 0.0000000000
27103  -46.955  -57.863  9.783 0.0000000000
29910  -45.425  -55.733  8.631 0.0000000000
27123  -45.520  -57.563  8.477 0.0000000000
28537  -45.298  -56.745  8.120 0.0000000000
27147  -45.462  -57.703  7.600 0.0000000000
10271  -52.523  -72.272  6.471 0.0000000000
9231  -52.643  -72.530  6.987 0.0000000000
9247  -52.298  -72.671  6.190 0.0000000000
7330  -49.102  -74.611  4.929 0.0000000000
7315  -49.877  -74.443  5.880 0.0000000000
7313  -48.552  -75.105  5.463 0.0000000000
6368  -47.440  -76.189  5.911 0.0000000000
7311  -47.030  -75.558  5.512 0.0000000000
9287  -47.731  -72.770  3.485 0.0000000000
8343  -48.406  -73.555  3.893 0.0000000000
8341  -46.682  -73.285  4.401 0.0000000000
7325  -44.404  -74.803  4.913 0.0000000000
7326  -45.538  -74.615  5.218 0.0000000000
12479  -53.651  -69.601  -1.082 0.0000000000
13560  -54.205  -69.055  -1.512 0.0000000000
13557  -50.162  -68.495  -1.603 0.0000000000
12486  -50.105  -69.298  -1.324 0.0000000000
13539  -49.699  -68.950  -1.288 0.0000000000
14669  -47.228  -67.229  -0.421 0.0000000000
14668  -46.333  -67.312  0.055 0.0000000000
14642  -45.804  -67.874  0.409 0.0000000000
13515  -44.667  -68.662  0.797 0.0000000000
14640  -43.980  -68.017  0.520 0.0000000000
14711  -43.550  -67.976  -2.107 0.0000000000
13570  -43.248  -68.816  -1.856 0.0000000000
19311  -46.382  -63.920  5.471 0.0000000000
19320  -46.168  -63.621  4.480 0.0000000000
20605  -46.368  -63.151  4.146 0.0000000000
19331  -46.472  -63.643  3.824 0.0000000000
32573  -49.933  -53.527  15.836 0.0000000000
35326  -50.020  -51.695  15.430 0.0000000000
8262  -51.856  -73.481  7.902 0.0000000000
10368  -48.878  -71.773  1.063 0.0000000000
10367  -48.267  -71.607  1.529 0.0000000000
10389  -47.589  -71.080  1.188 0.0000000000
11385  -46.124  -70.542  1.830 0.0000000000
11384  -44.877  -70.468  1.847 0.0000000000
11362  -43.794  -70.868  1.985 0.0000000000
12449  -44.300  -70.053  1.456 0.0000000000
12461  -43.548  -69.854  1.048 0.0000000000
13513  -43.006  -69.377  0.442 0.0000000000
14567  -51.549  -67.775  6.186 0.0000000000
13450  -50.178  -68.756  5.570 0.0000000000
12384  -49.468  -69.555  5.183 0.0000000000
12442  -48.356  -68.873  2.672 0.0000000000
12435  -48.396  -69.304  3.176 0.0000000000
12444  -49.336  -69.679  1.967 0.0000000000
11387  -50.496  -70.187  1.421 0.0000000000
11388  -51.298  -70.514  1.231 0.0000000000
10370  -52.314  -71.338  0.776 0.0000000000
11389  -52.090  -70.585  0.535 0.0000000000
11408  -53.160  -70.498  -0.368 0.0000000000
11415  -53.427  -70.666  -1.076 0.0000000000
18112  -54.409  -64.640  7.848 0.0000000000
19289  -53.816  -63.756  8.159 0.0000000000
23153  -52.372  -60.418  9.695 0.0000000000
21816  -52.167  -61.474  8.822 0.0000000000
23176  -51.533  -60.455  9.353 0.0000000000
21839  -49.257  -62.102  8.224 0.0000000000
21813  -48.750  -61.203  8.489 0.0000000000
23173  -48.127  -60.361  8.792 0.0000000000
23172  -47.112  -60.461  8.659 0.0000000000
22967  -51.564  -59.618  18.513 0.0000000000
23007  -51.523  -61.062  16.291 0.0000000000
28417  -46.527  -56.585  13.657 0.0000000000
25708  -46.655  -57.826  13.731 0.0000000000
28436  -46.373  -56.417  12.761 0.0000000000
27047  -46.556  -57.015  11.013 0.0000000000
27071  -46.351  -56.993  10.337 0.0000000000
29885  -45.697  -55.931  10.297 0.0000000000
29884  -45.541  -55.817  9.679 0.0000000000
31340  -45.665  -54.927  8.615 0.0000000000
9262  -51.728  -72.848  4.749 0.0000000000
8303  -51.716  -73.328  5.788 0.0000000000
8319  -50.436  -73.996  4.429 0.0000000000
9260  -45.338  -73.160  4.401 0.0000000000
18238  -46.103  -64.629  -0.342 0.0000000000
17045  -46.820  -65.454  -0.456 0.0000000000
15834  -47.445  -66.326  -0.804 0.0000000000
17044  -45.832  -65.470  -0.146 0.0000000000
15832  -45.543  -66.328  0.087 0.0000000000
15831  -44.558  -66.437  0.002 0.0000000000
14666  -44.261  -67.269  0.167 0.0000000000
14712  -43.888  -67.652  -2.733 0.0000000000
15733  -49.048  -66.686  5.614 0.0000000000
16945  -48.267  -65.783  5.634 0.0000000000
15732  -48.068  -66.752  5.191 0.0000000000
14590  -47.616  -67.583  4.234 0.0000000000
16961  -46.658  -65.588  4.537 0.0000000000
15755  -47.180  -66.810  4.280 0.0000000000
13488  -47.568  -67.918  3.274 0.0000000000
13494  -47.773  -67.850  2.644 0.0000000000
13501  -49.058  -67.919  1.669 0.0000000000
14618  -49.570  -67.316  1.412 0.0000000000
23155  -54.346  -60.938  9.981 0.0000000000
24506  -52.760  -60.331  10.083 0.0000000000
24505  -52.068  -60.095  10.090 0.0000000000
24485  -51.650  -59.882  10.548 0.0000000000
24484  -50.821  -59.521  10.628 0.0000000000
26974  -49.713  -57.370  17.537 0.0000000000
25671  -48.643  -58.567  17.136 0.0000000000
26988  -48.184  -57.386  16.194 0.0000000000
28406  -47.894  -56.740  15.584 0.0000000000
29764  -50.166  -55.244  16.078 0.0000000000
28412  -48.121  -56.288  15.381 0.0000000000
28411  -47.394  -56.629  14.941 0.0000000000
29781  -47.110  -55.881  14.169 0.0000000000
29791  -47.363  -55.060  13.368 0.0000000000
31217  -47.410  -54.106  12.479 0.0000000000
8365  -50.909  -73.426  2.278 0.0000000000
8344  -49.404  -73.606  3.309 0.0000000000
9289  -49.353  -72.919  2.597 0.0000000000
9306  -47.122  -72.156  3.145 0.0000000000
10311  -46.051  -71.811  3.666 0.0000000000
9283  -43.584  -72.802  3.369 0.0000000000
10363  -42.583  -71.478  1.292 0.0000000000
10388  -42.342  -71.679  0.566 0.0000000000
9362  -42.464  -72.557  -0.382 0.0000000000
9373  -42.935  -72.767  -1.369 0.0000000000
9384  -43.363  -72.415  -1.893 0.0000000000
12370  -53.933  -69.682  7.093 0.0000000000
11263  -53.334  -71.091  7.408 0.0000000000
11291  -53.370  -70.238  7.228 0.0000000000
11289  -52.272  -71.240  6.638 0.0000000000
10253  -52.244  -71.649  6.345 0.0000000000
11305  -51.573  -71.382  5.956 0.0000000000
10287  -51.613  -72.164  4.750 0.0000000000
9290  -51.683  -72.626  3.540 0.0000000000
14592  -49.046  -67.992  4.942 0.0000000000
13449  -49.424  -68.536  5.180 0.0000000000
11345  -48.987  -70.028  3.105 0.0000000000
11346  -49.956  -70.788  3.283 0.0000000000
9291  -52.059  -72.262  2.743 0.0000000000
8366  -51.440  -73.097  2.165 0.0000000000
8384  -51.251  -73.119  1.639 0.0000000000
9329  -50.918  -72.786  0.987 0.0000000000
9349  -50.599  -72.152  0.247 0.0000000000
9351  -52.237  -72.206  0.339 0.0000000000
9364  -51.195  -72.048  -0.299 0.0000000000
9348  -49.952  -71.870  0.546 0.0000000000
10391  -49.256  -71.364  0.447 0.0000000000
11406  -49.027  -70.650  -0.142 0.0000000000
11411  -48.631  -70.143  -0.345 0.0000000000
13428  -54.175  -68.739  6.497 0.0000000000
14544  -53.090  -67.834  6.512 0.0000000000
15714  -53.680  -66.760  6.996 0.0000000000
14543  -52.104  -67.337  6.395 0.0000000000
15712  -51.173  -66.598  6.314 0.0000000000
16926  -50.265  -65.553  6.339 0.0000000000
20529  -54.889  -62.448  8.686 0.0000000000
19267  -53.335  -63.041  8.510 0.0000000000
19288  -52.555  -63.369  8.211 0.0000000000
20526  -51.795  -62.175  8.454 0.0000000000
20551  -52.164  -62.707  8.364 0.0000000000
18110  -52.093  -64.313  7.656 0.0000000000
18109  -51.139  -64.498  7.366 0.0000000000
18130  -50.430  -64.642  7.034 0.0000000000
16925  -49.682  -65.303  6.180 0.0000000000
18129  -49.311  -64.842  6.420 0.0000000000
18128  -48.030  -64.524  6.417 0.0000000000
19299  -47.169  -63.898  6.384 0.0000000000
20546  -47.766  -62.680  7.798 0.0000000000
20563  -47.440  -63.172  7.227 0.0000000000
20562  -46.503  -62.776  6.719 0.0000000000
20561  -45.878  -61.968  6.598 0.0000000000
21876  -45.585  -61.259  6.443 0.0000000000
23028  -51.342  -61.047  14.910 0.0000000000
21699  -51.918  -61.285  14.454 0.0000000000
23074  -52.090  -61.138  13.069 0.0000000000
23095  -50.706  -60.336  12.135 0.0000000000
24464  -50.229  -59.666  11.466 0.0000000000
24483  -50.138  -59.359  10.751 0.0000000000
24387  -48.320  -59.524  15.699 0.0000000000
23048  -48.830  -60.074  15.283 0.0000000000
24414  -48.469  -59.794  13.470 0.0000000000
25726  -46.978  -58.618  12.993 0.0000000000
24413  -47.613  -59.206  13.302 0.0000000000
24462  -48.918  -59.219  11.667 0.0000000000
25800  -49.192  -58.964  10.909 0.0000000000
25824  -49.211  -58.935  10.338 0.0000000000
24501  -48.619  -58.827  9.513 0.0000000000
25849  -47.570  -58.729  9.156 0.0000000000
24526  -46.484  -59.685  8.556 0.0000000000
27102  -46.277  -57.526  9.689 0.0000000000
25820  -46.165  -58.267  9.180 0.0000000000
24525  -45.922  -59.959  8.129 0.0000000000
24547  -45.589  -59.711  7.520 0.0000000000
24558  -45.465  -59.614  6.580 0.0000000000
10255  -53.080  -72.113  7.343 0.0000000000
8289  -52.291  -73.145  7.417 0.0000000000
7273  -50.337  -74.363  6.974 0.0000000000
7296  -50.287  -74.265  6.343 0.0000000000
7295  -49.672  -74.742  6.521 0.0000000000
5445  -47.939  -76.332  6.511 0.0000000000
7343  -48.450  -74.101  4.395 0.0000000000
7328  -47.518  -74.675  5.126 0.0000000000
8316  -46.054  -73.742  4.773 0.0000000000
7327  -46.574  -74.649  5.243 0.0000000000
20606  -46.860  -62.615  3.760 0.0000000000
15771  -48.551  -66.293  2.022 0.0000000000
14619  -50.448  -67.508  1.035 0.0000000000
13504  -51.410  -68.692  0.230 0.0000000000
13520  -52.678  -68.783  -0.424 0.0000000000
11422  -53.312  -70.624  -1.815 0.0000000000
13573  -53.347  -69.311  -2.310 0.0000000000
12498  -52.560  -69.643  -2.267 0.0000000000
11420  -51.537  -70.554  -1.520 0.0000000000
12478  -50.254  -69.879  -1.252 0.0000000000
12477  -49.547  -69.563  -1.069 0.0000000000
12466  -48.175  -69.760  -0.204 0.0000000000
15835  -47.911  -66.527  -1.244 0.0000000000
14670  -48.091  -67.242  -1.070 0.0000000000
13538  -49.034  -68.414  -1.167 0.0000000000
13537  -47.764  -68.354  -0.464 0.0000000000
13518  -47.465  -68.921  -0.136 0.0000000000
12464  -46.411  -69.574  0.594 0.0000000000
13514  -43.709  -68.870  0.633 0.0000000000
13534  -42.699  -69.211  -0.107 0.0000000000
13555  -42.822  -68.881  -0.796 0.0000000000
12484  -42.434  -69.941  -0.723 0.0000000000
6348  -48.170  -76.190  6.791 0.0000000000
6349  -48.910  -75.466  6.588 0.0000000000
6369  -48.272  -75.808  6.132 0.0000000000
7312  -47.890  -75.394  5.464 0.0000000000
7314  -49.138  -75.064  5.850 0.0000000000
7331  -49.837  -74.412  5.093 0.0000000000
7344  -48.923  -74.269  4.140 0.0000000000
8263  -52.325  -73.158  8.112 0.0000000000
8288  -51.692  -73.453  7.056 0.0000000000
8304  -52.201  -73.064  6.676 0.0000000000
8318  -47.948  -73.956  4.639 0.0000000000
8342  -47.450  -73.309  4.201 0.0000000000
8364  -50.002  -73.273  2.282 0.0000000000
8385  -51.608  -72.926  1.810 0.0000000000
9180  -52.541  -72.647  8.691 0.0000000000
9209  -53.160  -72.277  8.028 0.0000000000
9232  -52.893  -72.388  7.498 0.0000000000
9261  -46.084  -73.017  4.318 0.0000000000
9282  -43.100  -73.218  3.206 0.0000000000
9285  -45.628  -72.480  4.023 0.0000000000
9309  -49.503  -72.757  2.050 0.0000000000
9310  -51.861  -72.654  2.236 0.0000000000
9363  -50.819  -71.949  -0.184 0.0000000000
9372  -42.626  -72.816  -0.813 0.0000000000
10213  -53.571  -71.821  8.521 0.0000000000
10230  -53.105  -71.315  7.310 0.0000000000
10270  -52.170  -72.101  6.003 0.0000000000
10314  -51.717  -71.889  3.146 0.0000000000
10366  -47.265  -71.226  1.835 0.0000000000
10392  -50.078  -71.543  0.144 0.0000000000
10393  -52.550  -71.544  0.268 0.0000000000
10394  -53.122  -71.174  -0.367 0.0000000000
10409  -52.596  -71.504  -0.560 0.0000000000
10419  -42.486  -71.941  -0.858 0.0000000000
10421  -52.093  -71.058  -1.564 0.0000000000
10423  -53.198  -71.218  -1.208 0.0000000000
11264  -53.774  -70.643  7.487 0.0000000000
11290  -52.884  -70.819  7.168 0.0000000000
11318  -48.803  -69.919  3.928 0.0000000000
11319  -49.428  -70.335  4.262 0.0000000000
11344  -48.648  -69.691  3.571 0.0000000000
11365  -46.035  -71.117  2.509 0.0000000000
11366  -49.179  -69.902  2.397 0.0000000000
11381  -42.800  -70.996  1.367 0.0000000000
11383  -44.044  -70.477  1.798 0.0000000000
11390  -52.726  -70.780  0.268 0.0000000000
11402  -43.024  -70.252  1.084 0.0000000000
11403  -46.548  -70.261  1.084 0.0000000000
11405  -48.321  -70.431  0.206 0.0000000000
11412  -49.229  -70.263  -0.636 0.0000000000
11419  -50.728  -70.308  -1.298 0.0000000000
11421  -52.477  -70.587  -1.895 0.0000000000
11427  -53.019  -70.358  -2.175 0.0000000000
11428  -53.344  -70.270  -2.211 0.0000000000
12436  -48.681  -69.603  2.875 0.0000000000
12443  -48.800  -69.303  2.414 0.0000000000
12448  -43.789  -70.252  1.461 0.0000000000
12452  -49.316  -69.089  1.762 0.0000000000
12468  -52.237  -69.672  -0.012 0.0000000000
12469  -52.992  -69.604  -0.561 0.0000000000
12475  -47.888  -69.213  -0.278 0.0000000000
12488  -51.948  -69.774  -2.021 0.0000000000
12489  -52.635  -70.080  -2.189 0.0000000000
12499  -53.096  -69.900  -2.363 0.0000000000
12500  -53.680  -69.975  -2.263 0.0000000000
13452  -52.308  -68.490  6.381 0.0000000000
13477  -47.592  -67.834  3.778 0.0000000000
13489  -47.872  -68.557  2.912 0.0000000000
13495  -48.445  -68.187  2.249 0.0000000000
13517  -46.760  -68.505  0.150 0.0000000000
13519  -51.996  -68.940  -0.081 0.0000000000
13535  -43.069  -68.656  0.077 0.0000000000
13540  -54.227  -68.769  -1.088 0.0000000000
13554  -42.600  -69.474  -0.393 0.0000000000
13572  -52.830  -69.361  -2.324 0.0000000000
13574  -54.059  -69.125  -2.126 0.0000000000
14600  -47.322  -67.308  3.655 0.0000000000
14641  -44.917  -67.922  0.460 0.0000000000
15683  -53.798  -66.164  7.248 0.0000000000
15711  -50.425  -66.215  6.173 0.0000000000
15754  -46.812  -66.212  4.185 0.0000000000
15756  -47.674  -67.117  4.707 0.0000000000
15759  -46.985  -66.349  3.452 0.0000000000
15772  -49.126  -65.867  1.965 0.0000000000
15782  -48.848  -66.587  1.731 0.0000000000
16907  -52.517  -65.062  7.363 0.0000000000
16943  -46.824  -65.497  4.967 0.0000000000
16947  -50.073  -66.024  6.098 0.0000000000
16962  -47.013  -66.216  4.636 0.0000000000
16971  -46.632  -65.275  3.621 0.0000000000
17068  -44.104  -65.568  -0.622 0.0000000000
17069  -48.181  -65.535  -1.356 0.0000000000
18108  -50.635  -64.332  7.270 0.0000000000
18127  -47.503  -64.389  6.225 0.0000000000
18131  -51.001  -64.861  7.161 0.0000000000
18144  -49.140  -65.117  6.039 0.0000000000
19268  -54.430  -63.136  8.456 0.0000000000
19284  -48.840  -63.479  7.523 0.0000000000
19298  -46.367  -63.331  6.139 0.0000000000
19302  -50.164  -64.190  7.141 0.0000000000
20527  -52.704  -62.481  8.613 0.0000000000
20545  -46.929  -62.434  7.529 0.0000000000
20550  -51.613  -62.881  8.267 0.0000000000
20574  -45.663  -61.802  6.141 0.0000000000
21678  -52.104  -61.336  15.166 0.0000000000
21679  -52.919  -61.405  15.111 0.0000000000
21725  -52.818  -61.450  13.515 0.0000000000
21794  -54.301  -61.324  9.445 0.0000000000
21812  -47.738  -61.253  8.515 0.0000000000
21818  -54.140  -61.821  9.094 0.0000000000
21835  -46.145  -61.354  7.591 0.0000000000
21836  -46.593  -61.710  7.830 0.0000000000
21877  -45.614  -61.361  5.696 0.0000000000
22982  -49.828  -59.861  17.468 0.0000000000
23005  -49.353  -59.937  16.906 0.0000000000
23025  -48.768  -59.892  15.626 0.0000000000
23051  -51.522  -61.115  13.918 0.0000000000
23114  -50.904  -60.038  11.477 0.0000000000
23116  -52.282  -60.414  11.573 0.0000000000
23136  -53.427  -60.578  10.404 0.0000000000
23170  -45.984  -60.383  8.072 0.0000000000
23177  -52.709  -60.936  9.244 0.0000000000
24338  -50.669  -58.808  18.440 0.0000000000
24340  -52.022  -59.121  18.919 0.0000000000
24352  -48.654  -59.068  17.157 0.0000000000
24353  -49.114  -59.339  17.323 0.0000000000
24355  -50.753  -59.484  18.257 0.0000000000
24371  -48.485  -59.186  16.753 0.0000000000
24372  -48.834  -59.661  16.457 0.0000000000
24388  -48.772  -59.741  16.018 0.0000000000
24399  -48.659  -60.072  14.526 0.0000000000
24400  -49.085  -60.273  14.284 0.0000000000
24438  -47.592  -58.907  12.501 0.0000000000
24439  -48.455  -59.344  12.278 0.0000000000
24441  -50.130  -60.030  12.113 0.0000000000
24463  -49.351  -59.421  11.759 0.0000000000
24465  -51.189  -59.867  11.083 0.0000000000
24467  -52.502  -60.287  11.137 0.0000000000
24486  -52.509  -60.232  10.650 0.0000000000
24504  -51.334  -59.701  9.852 0.0000000000
24527  -47.411  -59.555  8.853 0.0000000000
24531  -51.251  -59.893  9.470 0.0000000000
25673  -50.027  -58.077  18.132 0.0000000000
25694  -47.655  -58.630  15.419 0.0000000000
25695  -47.948  -58.943  15.837 0.0000000000
25725  -46.696  -58.086  13.359 0.0000000000
25768  -48.595  -58.892  11.440 0.0000000000
25769  -49.249  -59.180  11.334 0.0000000000
25801  -49.707  -59.257  11.056 0.0000000000
25825  -49.675  -59.198  10.614 0.0000000000
25848  -46.668  -58.868  8.953 0.0000000000
25850  -48.184  -58.673  9.464 0.0000000000
25875  -45.424  -58.735  7.176 0.0000000000
26956  -50.814  -57.426  18.625 0.0000000000
26973  -49.074  -57.849  17.238 0.0000000000
26975  -50.421  -57.387  18.235 0.0000000000
26981  -47.988  -57.814  16.244 0.0000000000
26982  -48.603  -57.552  16.649 0.0000000000
26987  -47.693  -57.447  15.768 0.0000000000
26996  -46.660  -57.308  14.205 0.0000000000
27010  -46.577  -57.374  13.213 0.0000000000
27029  -47.155  -57.981  11.617 0.0000000000
27048  -47.184  -57.719  11.128 0.0000000000
27101  -45.729  -57.804  9.044 0.0000000000
28389  -49.898  -56.596  17.374 0.0000000000
28399  -49.367  -56.743  16.742 0.0000000000
28408  -49.223  -56.259  16.211 0.0000000000
28410  -46.782  -56.491  14.237 0.0000000000
28478  -45.995  -56.355  10.703 0.0000000000
28510  -45.872  -56.573  9.989 0.0000000000
29771  -48.566  -56.086  15.449 0.0000000000
29780  -46.628  -56.157  13.944 0.0000000000
29792  -48.145  -54.791  13.810 0.0000000000
29809  -46.894  -54.652  12.691 0.0000000000
29855  -45.637  -55.550  10.208 0.0000000000
31156  -50.078  -55.065  16.386 0.0000000000
31165  -49.746  -54.069  16.268 0.0000000000
31279  -45.583  -55.180  10.044 0.0000000000
