#!ascii label  , from subject sub-01 vox2ras=TkReg
523
86650  -33.043  -16.695  -18.197 0.0000000000
89437  -32.357  -14.819  -19.869 0.0000000000
109517  -31.062  0.374  -19.259 0.0000000000
100430  -31.719  -5.712  -22.366 0.0000000000
93839  -33.136  -11.298  -24.024 0.0000000000
89439  -36.849  -14.912  -20.939 0.0000000000
111970  -29.547  2.148  -20.683 0.0000000000
97903  -31.110  -8.535  -22.725 0.0000000000
96568  -32.478  -9.599  -19.632 0.0000000000
85088  -31.738  -17.517  -20.314 0.0000000000
88157  -35.221  -15.876  -22.059 0.0000000000
86702  -36.941  -17.393  -20.956 0.0000000000
81870  -27.352  -19.737  -14.510 0.0000000000
85063  -29.835  -18.185  -17.815 0.0000000000
115529  -26.399  5.363  -26.042 0.0000000000
114423  -29.062  5.356  -25.993 0.0000000000
113209  -31.115  3.234  -24.824 0.0000000000
110821  -32.897  1.204  -24.486 0.0000000000
105514  -31.958  -1.841  -24.529 0.0000000000
105443  -32.315  -2.680  -20.406 0.0000000000
102916  -29.828  -4.715  -25.143 0.0000000000
97927  -29.673  -7.696  -25.366 0.0000000000
99174  -33.290  -7.641  -24.493 0.0000000000
96591  -34.926  -9.341  -22.076 0.0000000000
92334  -33.411  -12.867  -21.910 0.0000000000
92349  -36.201  -12.591  -22.912 0.0000000000
97867  -32.504  -8.634  -19.988 0.0000000000
96541  -30.753  -9.138  -17.896 0.0000000000
86669  -32.757  -17.146  -19.478 0.0000000000
86700  -34.557  -16.946  -21.131 0.0000000000
86670  -33.978  -16.577  -19.334 0.0000000000
78808  -25.569  -21.173  -10.833 0.0000000000
80377  -26.831  -19.833  -11.624 0.0000000000
81828  -27.014  -19.718  -12.664 0.0000000000
86648  -29.983  -17.183  -18.056 0.0000000000
86628  -28.427  -17.191  -16.470 0.0000000000
114424  -29.978  4.540  -25.684 0.0000000000
110776  -30.596  1.534  -20.204 0.0000000000
112005  -31.560  2.465  -22.076 0.0000000000
110802  -32.663  1.123  -22.103 0.0000000000
108239  -32.670  -0.602  -24.317 0.0000000000
108222  -32.667  -0.694  -22.248 0.0000000000
104128  -32.295  -3.664  -20.812 0.0000000000
105482  -31.553  -2.965  -22.581 0.0000000000
102893  -30.843  -4.671  -23.054 0.0000000000
100463  -28.541  -6.596  -25.781 0.0000000000
100439  -29.947  -6.645  -23.916 0.0000000000
95207  -31.675  -10.345  -23.426 0.0000000000
96618  -31.359  -9.792  -24.781 0.0000000000
96620  -33.772  -9.798  -24.253 0.0000000000
97904  -34.609  -8.714  -23.156 0.0000000000
95220  -34.648  -10.404  -24.388 0.0000000000
92294  -31.381  -12.474  -18.285 0.0000000000
92323  -33.138  -12.191  -20.342 0.0000000000
90827  -32.969  -13.493  -20.768 0.0000000000
88146  -36.911  -16.043  -22.080 0.0000000000
89476  -35.455  -14.045  -23.423 0.0000000000
90839  -36.189  -13.516  -22.096 0.0000000000
92336  -35.458  -12.178  -21.319 0.0000000000
90828  -35.634  -13.221  -19.993 0.0000000000
83438  -28.809  -18.846  -14.045 0.0000000000
81912  -27.702  -19.166  -15.828 0.0000000000
83461  -29.355  -18.469  -15.372 0.0000000000
85029  -29.590  -18.145  -16.151 0.0000000000
101610  -32.519  -5.685  -20.029 0.0000000000
100418  -31.658  -7.027  -22.495 0.0000000000
99146  -32.244  -7.690  -21.457 0.0000000000
96590  -32.096  -9.445  -21.905 0.0000000000
95198  -32.289  -10.716  -22.201 0.0000000000
88130  -31.933  -16.014  -20.392 0.0000000000
88143  -33.266  -15.618  -21.810 0.0000000000
86715  -33.340  -16.519  -21.456 0.0000000000
85118  -36.357  -17.129  -22.145 0.0000000000
88147  -37.744  -16.679  -21.652 0.0000000000
81850  -28.025  -19.139  -13.541 0.0000000000
88111  -31.201  -15.814  -18.545 0.0000000000
86683  -31.106  -17.138  -19.753 0.0000000000
83509  -30.438  -18.689  -19.135 0.0000000000
85065  -31.035  -18.394  -18.070 0.0000000000
115562  -25.554  5.852  -27.402 0.0000000000
114382  -26.934  4.572  -24.708 0.0000000000
115547  -27.963  5.583  -26.383 0.0000000000
114445  -30.145  4.494  -27.862 0.0000000000
113231  -30.678  3.803  -27.352 0.0000000000
112061  -31.690  2.357  -27.359 0.0000000000
113182  -31.304  3.396  -22.615 0.0000000000
112025  -31.907  2.723  -24.358 0.0000000000
110846  -32.360  1.071  -27.022 0.0000000000
109590  -32.255  0.393  -26.668 0.0000000000
106886  -31.973  -1.303  -26.203 0.0000000000
105529  -31.185  -2.130  -25.704 0.0000000000
108192  -31.861  -0.875  -19.845 0.0000000000
106835  -32.405  -1.638  -21.893 0.0000000000
104182  -30.991  -3.405  -24.424 0.0000000000
104223  -29.080  -4.191  -26.841 0.0000000000
101715  -28.448  -5.904  -27.596 0.0000000000
100465  -31.147  -6.368  -25.198 0.0000000000
97916  -30.304  -8.547  -24.663 0.0000000000
99172  -31.463  -7.719  -24.957 0.0000000000
95164  -32.276  -10.647  -19.281 0.0000000000
93791  -33.106  -11.521  -20.882 0.0000000000
93814  -33.531  -11.923  -22.953 0.0000000000
89464  -33.914  -14.549  -22.648 0.0000000000
90866  -35.193  -13.499  -23.694 0.0000000000
92382  -36.086  -12.251  -25.816 0.0000000000
95209  -35.604  -10.948  -22.925 0.0000000000
95190  -35.914  -10.331  -21.017 0.0000000000
85048  -29.125  -18.045  -16.583 0.0000000000
85050  -30.774  -17.876  -17.094 0.0000000000
85051  -32.066  -17.289  -17.201 0.0000000000
86651  -34.531  -16.534  -18.218 0.0000000000
86631  -33.896  -16.696  -17.248 0.0000000000
78809  -26.110  -20.575  -10.372 0.0000000000
80376  -26.075  -20.583  -11.765 0.0000000000
80359  -26.280  -20.443  -10.971 0.0000000000
109529  -30.953  1.088  -19.770 0.0000000000
110787  -31.969  1.467  -21.376 0.0000000000
109543  -32.345  0.795  -21.144 0.0000000000
109544  -32.633  0.232  -21.507 0.0000000000
109530  -31.945  0.361  -20.352 0.0000000000
102836  -32.342  -4.570  -20.156 0.0000000000
102835  -31.917  -4.082  -19.773 0.0000000000
102852  -32.252  -4.509  -21.193 0.0000000000
102869  -31.743  -4.287  -22.111 0.0000000000
101656  -31.193  -5.335  -22.732 0.0000000000
100440  -30.735  -6.015  -23.423 0.0000000000
95219  -32.344  -10.924  -23.815 0.0000000000
95232  -32.113  -10.039  -24.425 0.0000000000
95233  -32.973  -10.526  -24.220 0.0000000000
96609  -34.324  -9.845  -24.130 0.0000000000
95234  -34.295  -10.912  -24.576 0.0000000000
90819  -32.534  -13.626  -19.447 0.0000000000
90820  -33.144  -13.394  -20.029 0.0000000000
90826  -32.673  -14.080  -20.343 0.0000000000
89453  -36.602  -14.727  -22.031 0.0000000000
89452  -36.282  -14.161  -21.364 0.0000000000
90838  -35.780  -13.236  -21.120 0.0000000000
89438  -35.985  -14.206  -20.440 0.0000000000
89432  -35.727  -14.026  -19.184 0.0000000000
89433  -36.615  -14.985  -19.832 0.0000000000
83460  -28.636  -18.771  -14.853 0.0000000000
100387  -32.511  -6.705  -19.675 0.0000000000
100402  -32.638  -6.597  -20.762 0.0000000000
99132  -32.588  -7.662  -20.358 0.0000000000
97853  -32.189  -8.699  -19.142 0.0000000000
96580  -32.488  -9.550  -20.649 0.0000000000
96598  -31.797  -10.225  -22.664 0.0000000000
95189  -32.587  -10.539  -21.273 0.0000000000
86698  -32.315  -16.922  -21.034 0.0000000000
86714  -32.912  -16.271  -21.369 0.0000000000
86699  -33.386  -17.121  -21.154 0.0000000000
86701  -35.905  -17.107  -21.109 0.0000000000
85098  -36.647  -17.347  -21.368 0.0000000000
85111  -37.463  -17.136  -21.946 0.0000000000
86703  -37.953  -17.422  -21.301 0.0000000000
88132  -38.269  -16.572  -20.960 0.0000000000
86688  -37.459  -17.366  -20.292 0.0000000000
78822  -24.681  -21.756  -11.492 0.0000000000
78807  -24.751  -21.953  -10.596 0.0000000000
81849  -27.473  -19.461  -13.409 0.0000000000
83417  -28.478  -18.844  -13.383 0.0000000000
85075  -29.723  -18.154  -18.724 0.0000000000
85085  -29.749  -18.273  -19.183 0.0000000000
83501  -29.969  -19.176  -18.999 0.0000000000
85077  -31.094  -18.385  -19.009 0.0000000000
83491  -30.427  -18.829  -18.253 0.0000000000
114403  -25.880  4.949  -25.694 0.0000000000
114420  -25.533  5.267  -26.326 0.0000000000
115545  -25.987  5.376  -26.671 0.0000000000
115563  -26.648  6.099  -27.708 0.0000000000
115546  -26.978  5.729  -26.638 0.0000000000
114406  -28.995  4.651  -25.125 0.0000000000
114405  -27.888  4.948  -25.602 0.0000000000
114422  -28.399  5.378  -26.100 0.0000000000
115565  -28.659  5.586  -26.904 0.0000000000
114444  -29.550  5.152  -28.423 0.0000000000
114434  -29.520  5.282  -27.321 0.0000000000
113208  -30.498  3.812  -25.279 0.0000000000
113221  -30.626  3.834  -26.304 0.0000000000
113232  -31.232  3.151  -26.871 0.0000000000
113238  -31.217  3.056  -27.906 0.0000000000
113222  -31.144  3.172  -25.857 0.0000000000
113163  -31.035  3.194  -21.662 0.0000000000
110812  -32.297  1.963  -23.067 0.0000000000
112016  -31.888  2.467  -23.231 0.0000000000
112039  -32.533  2.108  -24.951 0.0000000000
112052  -32.386  2.002  -25.928 0.0000000000
110828  -32.804  1.260  -25.426 0.0000000000
109584  -32.933  0.727  -25.236 0.0000000000
108246  -32.546  -0.556  -25.329 0.0000000000
106866  -32.351  -1.325  -24.827 0.0000000000
105543  -30.596  -2.046  -26.391 0.0000000000
105423  -32.240  -2.957  -19.614 0.0000000000
105442  -32.061  -2.333  -19.736 0.0000000000
106821  -32.123  -1.701  -20.173 0.0000000000
106822  -32.356  -1.753  -20.994 0.0000000000
104181  -30.309  -3.982  -24.044 0.0000000000
105498  -31.626  -2.790  -23.728 0.0000000000
104193  -30.875  -2.987  -25.247 0.0000000000
104191  -29.604  -4.391  -25.698 0.0000000000
102942  -29.041  -5.017  -27.485 0.0000000000
102915  -29.494  -4.959  -25.743 0.0000000000
99185  -28.884  -7.494  -25.708 0.0000000000
100462  -28.512  -6.915  -26.414 0.0000000000
99198  -29.600  -7.033  -26.588 0.0000000000
100464  -30.376  -6.927  -26.150 0.0000000000
99186  -29.769  -7.463  -25.837 0.0000000000
99145  -31.765  -7.471  -22.184 0.0000000000
99152  -30.528  -8.002  -23.121 0.0000000000
97902  -30.607  -8.510  -23.153 0.0000000000
97918  -32.289  -8.577  -24.913 0.0000000000
97930  -31.555  -8.790  -25.282 0.0000000000
99173  -32.046  -7.701  -24.715 0.0000000000
100453  -32.396  -6.694  -24.779 0.0000000000
97883  -35.410  -8.795  -20.943 0.0000000000
95162  -31.079  -10.459  -18.127 0.0000000000
92324  -33.257  -12.687  -21.073 0.0000000000
93792  -33.274  -12.089  -21.588 0.0000000000
93803  -33.305  -12.064  -22.236 0.0000000000
88156  -34.119  -15.312  -22.178 0.0000000000
88155  -33.574  -15.035  -22.241 0.0000000000
89465  -34.764  -14.910  -22.837 0.0000000000
90867  -35.584  -13.499  -23.499 0.0000000000
92362  -35.407  -12.723  -24.192 0.0000000000
92373  -35.035  -12.625  -24.984 0.0000000000
92375  -36.257  -12.257  -25.375 0.0000000000
95237  -36.171  -11.533  -24.674 0.0000000000
93816  -36.144  -11.829  -22.931 0.0000000000
93804  -35.491  -11.596  -20.830 0.0000000000
93805  -35.885  -11.309  -21.425 0.0000000000
95177  -35.466  -10.226  -20.165 0.0000000000
85030  -30.341  -17.764  -16.181 0.0000000000
85031  -31.354  -17.347  -16.067 0.0000000000
99117  -32.358  -7.751  -19.376 0.0000000000
97852  -31.743  -8.712  -18.441 0.0000000000
86684  -32.558  -17.351  -20.427 0.0000000000
86685  -33.632  -16.930  -20.382 0.0000000000
86686  -34.937  -16.706  -20.303 0.0000000000
86687  -36.316  -16.791  -20.259 0.0000000000
86671  -35.386  -16.565  -19.262 0.0000000000
86652  -35.906  -16.500  -18.236 0.0000000000
80408  -26.629  -20.181  -13.266 0.0000000000
80393  -26.487  -20.188  -12.402 0.0000000000
81813  -27.277  -19.599  -12.182 0.0000000000
88097  -29.375  -16.073  -17.199 0.0000000000
88081  -29.187  -16.561  -16.987 0.0000000000
86629  -29.317  -17.139  -17.071 0.0000000000
114381  -26.008  4.615  -24.867 0.0000000000
114407  -29.847  4.344  -24.757 0.0000000000
113192  -30.284  3.872  -24.203 0.0000000000
111989  -31.171  2.473  -20.914 0.0000000000
110801  -32.169  1.829  -22.520 0.0000000000
110813  -32.652  1.399  -23.228 0.0000000000
109577  -32.903  0.345  -24.841 0.0000000000
109560  -32.757  0.299  -22.690 0.0000000000
108230  -32.571  -0.630  -23.279 0.0000000000
105464  -32.057  -2.800  -21.623 0.0000000000
104145  -31.645  -3.450  -22.021 0.0000000000
104159  -31.499  -3.811  -22.564 0.0000000000
102892  -30.438  -4.573  -23.640 0.0000000000
102905  -29.719  -5.185  -25.059 0.0000000000
101667  -30.145  -5.537  -23.973 0.0000000000
100450  -29.304  -6.840  -24.876 0.0000000000
99171  -29.568  -7.575  -24.766 0.0000000000
96597  -31.340  -9.339  -22.880 0.0000000000
96596  -30.663  -9.222  -23.606 0.0000000000
96608  -31.080  -9.884  -23.872 0.0000000000
96619  -32.476  -9.542  -24.609 0.0000000000
97919  -33.305  -8.824  -24.583 0.0000000000
99175  -33.854  -8.362  -24.300 0.0000000000
97920  -33.999  -9.011  -24.446 0.0000000000
96610  -34.636  -9.773  -23.755 0.0000000000
96599  -34.994  -9.539  -22.663 0.0000000000
93758  -31.680  -11.356  -18.630 0.0000000000
92295  -32.313  -12.497  -18.771 0.0000000000
92311  -33.277  -12.865  -20.343 0.0000000000
90837  -32.999  -13.768  -21.626 0.0000000000
88158  -36.228  -16.084  -22.286 0.0000000000
89466  -35.869  -14.867  -22.919 0.0000000000
90852  -35.955  -13.618  -22.931 0.0000000000
92348  -35.859  -11.986  -22.188 0.0000000000
92337  -35.866  -12.713  -21.966 0.0000000000
92326  -35.244  -12.532  -20.488 0.0000000000
92325  -34.697  -12.038  -20.068 0.0000000000
93760  -34.870  -11.751  -19.095 0.0000000000
90821  -35.552  -12.948  -19.141 0.0000000000
81871  -28.142  -19.206  -14.144 0.0000000000
81894  -27.923  -19.212  -15.163 0.0000000000
83479  -28.480  -18.830  -15.955 0.0000000000
83480  -29.154  -18.522  -16.111 0.0000000000
83462  -30.062  -18.060  -15.498 0.0000000000
102819  -32.289  -5.129  -19.582 0.0000000000
101626  -32.422  -5.470  -21.007 0.0000000000
100419  -32.117  -6.439  -21.934 0.0000000000
97894  -31.667  -8.488  -22.236 0.0000000000
97895  -32.038  -8.555  -21.612 0.0000000000
96589  -31.710  -9.100  -22.351 0.0000000000
89450  -32.465  -14.974  -20.773 0.0000000000
88142  -32.627  -15.819  -21.166 0.0000000000
88144  -34.136  -16.074  -21.636 0.0000000000
86717  -35.468  -16.817  -21.735 0.0000000000
86728  -36.137  -16.709  -22.269 0.0000000000
86729  -36.792  -16.731  -22.291 0.0000000000
88131  -37.435  -15.819  -21.392 0.0000000000
88123  -37.623  -15.694  -20.410 0.0000000000
78789  -24.653  -22.154  -10.042 0.0000000000
80409  -27.087  -19.903  -13.430 0.0000000000
80427  -27.123  -20.064  -13.768 0.0000000000
83418  -29.277  -18.683  -13.454 0.0000000000
88112  -31.990  -15.195  -18.607 0.0000000000
88122  -32.024  -15.547  -19.273 0.0000000000
88129  -31.480  -16.650  -20.124 0.0000000000
85096  -31.450  -17.407  -20.159 0.0000000000
86667  -30.415  -17.116  -18.949 0.0000000000
86682  -30.592  -17.610  -19.498 0.0000000000
85078  -31.806  -17.781  -19.645 0.0000000000
85066  -31.902  -17.600  -18.624 0.0000000000
114401  -24.933  5.350  -25.830 0.0000000000
114362  -26.145  4.233  -24.015 0.0000000000
114404  -26.685  5.086  -25.403 0.0000000000
115530  -27.168  5.631  -25.865 0.0000000000
115564  -27.805  5.823  -27.353 0.0000000000
114435  -30.106  4.608  -26.763 0.0000000000
113237  -30.641  3.689  -28.354 0.0000000000
112068  -30.810  2.755  -28.728 0.0000000000
112069  -31.547  2.175  -28.382 0.0000000000
113181  -30.457  3.965  -23.088 0.0000000000
113193  -31.261  3.394  -23.753 0.0000000000
112038  -31.796  2.630  -25.399 0.0000000000
112051  -31.742  2.516  -26.384 0.0000000000
112062  -32.242  1.798  -26.827 0.0000000000
110845  -31.904  1.333  -27.672 0.0000000000
109598  -31.993  0.586  -27.287 0.0000000000
108261  -31.696  -0.858  -27.400 0.0000000000
108254  -32.236  -0.716  -26.490 0.0000000000
109507  -31.213  -0.657  -19.002 0.0000000000
109518  -31.469  -0.328  -19.364 0.0000000000
108207  -32.573  -0.831  -21.336 0.0000000000
106849  -32.281  -1.455  -22.787 0.0000000000
106848  -31.940  -2.183  -23.149 0.0000000000
105499  -31.909  -2.196  -24.100 0.0000000000
105528  -30.364  -2.834  -25.989 0.0000000000
101691  -28.201  -6.269  -26.686 0.0000000000
100486  -29.655  -6.274  -27.525 0.0000000000
101694  -31.699  -5.381  -25.823 0.0000000000
99162  -30.697  -6.926  -23.361 0.0000000000
99160  -29.831  -7.701  -24.255 0.0000000000
97915  -29.713  -8.005  -25.027 0.0000000000
96617  -30.557  -9.167  -25.068 0.0000000000
97928  -30.336  -8.251  -25.246 0.0000000000
99187  -30.860  -7.618  -25.298 0.0000000000
100452  -31.528  -7.211  -24.868 0.0000000000
99164  -34.128  -7.665  -23.660 0.0000000000
96558  -32.112  -9.604  -18.782 0.0000000000
95176  -32.691  -10.542  -20.237 0.0000000000
93776  -32.707  -11.501  -19.925 0.0000000000
93802  -32.754  -11.472  -21.788 0.0000000000
93813  -32.775  -11.452  -22.626 0.0000000000
93826  -33.833  -11.909  -23.805 0.0000000000
89451  -32.795  -14.853  -21.510 0.0000000000
90850  -33.573  -13.742  -22.323 0.0000000000
89475  -35.084  -14.264  -23.390 0.0000000000
90865  -34.663  -13.615  -23.443 0.0000000000
92347  -34.416  -13.034  -23.117 0.0000000000
92361  -34.803  -12.633  -23.800 0.0000000000
93827  -34.555  -12.067  -24.472 0.0000000000
93841  -34.848  -11.808  -25.195 0.0000000000
95235  -35.374  -11.277  -25.151 0.0000000000
96611  -35.281  -10.435  -23.382 0.0000000000
96600  -35.378  -10.228  -22.508 0.0000000000
93815  -35.832  -11.374  -22.443 0.0000000000
95199  -35.700  -10.625  -21.973 0.0000000000
96592  -35.358  -9.540  -21.685 0.0000000000
85049  -29.947  -18.197  -16.966 0.0000000000
85064  -30.296  -18.505  -17.806 0.0000000000
77366  -24.265  -22.426  -10.239 0.0000000000
81814  -27.635  -19.507  -11.894 0.0000000000
81848  -27.049  -19.813  -13.206 0.0000000000
83489  -29.785  -18.762  -18.638 0.0000000000
83490  -30.040  -18.967  -18.340 0.0000000000
83500  -29.755  -18.679  -19.105 0.0000000000
83502  -30.450  -18.858  -18.657 0.0000000000
83507  -29.871  -18.461  -19.293 0.0000000000
83508  -30.123  -18.606  -19.326 0.0000000000
85076  -29.813  -17.845  -19.115 0.0000000000
85086  -30.121  -18.033  -19.410 0.0000000000
85087  -30.906  -17.982  -19.629 0.0000000000
85097  -31.706  -17.287  -20.579 0.0000000000
85099  -37.131  -17.373  -21.566 0.0000000000
85100  -37.504  -17.240  -21.746 0.0000000000
85109  -36.447  -17.264  -21.730 0.0000000000
85110  -37.041  -17.248  -22.109 0.0000000000
85119  -36.634  -17.035  -22.329 0.0000000000
86666  -29.855  -17.587  -18.775 0.0000000000
86668  -31.112  -16.676  -19.179 0.0000000000
86697  -31.542  -16.968  -20.501 0.0000000000
86716  -34.243  -16.735  -21.499 0.0000000000
86718  -37.372  -16.876  -22.041 0.0000000000
86719  -37.727  -17.079  -21.793 0.0000000000
88121  -31.488  -16.340  -19.569 0.0000000000
88145  -34.774  -16.434  -21.625 0.0000000000
89463  -33.220  -14.627  -22.167 0.0000000000
89474  -34.476  -14.264  -23.175 0.0000000000
90836  -32.641  -14.205  -21.066 0.0000000000
90851  -34.158  -13.695  -22.886 0.0000000000
92296  -34.789  -11.985  -18.975 0.0000000000
92297  -35.033  -12.121  -18.705 0.0000000000
92310  -32.876  -12.504  -19.653 0.0000000000
92312  -34.788  -12.018  -19.332 0.0000000000
92313  -35.156  -12.488  -19.622 0.0000000000
92335  -34.977  -11.953  -20.719 0.0000000000
92346  -33.889  -12.792  -22.572 0.0000000000
92360  -34.172  -12.385  -23.199 0.0000000000
92363  -35.839  -12.510  -24.160 0.0000000000
92374  -35.790  -12.609  -25.180 0.0000000000
92381  -35.535  -12.270  -25.523 0.0000000000
92383  -36.432  -12.131  -25.811 0.0000000000
93759  -32.261  -11.560  -19.192 0.0000000000
93793  -35.157  -11.489  -20.277 0.0000000000
93794  -35.795  -11.040  -20.478 0.0000000000
93825  -32.942  -11.406  -23.406 0.0000000000
93828  -36.033  -11.422  -23.247 0.0000000000
93829  -36.225  -11.855  -23.859 0.0000000000
93840  -33.988  -11.410  -24.352 0.0000000000
93842  -36.240  -11.699  -25.290 0.0000000000
93843  -36.288  -11.855  -24.978 0.0000000000
93851  -35.697  -11.846  -25.662 0.0000000000
93852  -36.214  -11.804  -25.611 0.0000000000
93853  -36.438  -12.015  -25.571 0.0000000000
95163  -31.710  -10.408  -18.711 0.0000000000
95208  -32.237  -10.890  -23.047 0.0000000000
95218  -31.831  -10.360  -24.165 0.0000000000
95221  -35.408  -10.692  -24.373 0.0000000000
95222  -35.997  -11.178  -24.030 0.0000000000
95223  -36.228  -11.602  -24.439 0.0000000000
95236  -36.018  -11.444  -25.025 0.0000000000
95247  -35.850  -11.646  -25.610 0.0000000000
95248  -35.924  -11.543  -25.429 0.0000000000
96607  -30.607  -9.295  -24.349 0.0000000000
96621  -34.304  -9.427  -24.255 0.0000000000
96626  -30.782  -8.821  -25.299 0.0000000000
96627  -31.144  -9.171  -25.364 0.0000000000
96628  -31.783  -9.258  -25.139 0.0000000000
97881  -32.293  -8.586  -20.968 0.0000000000
97897  -35.185  -8.833  -21.457 0.0000000000
97908  -29.958  -8.064  -24.380 0.0000000000
97909  -30.291  -8.625  -23.956 0.0000000000
97910  -34.392  -8.766  -24.045 0.0000000000
97917  -31.528  -8.205  -25.093 0.0000000000
97929  -31.027  -8.535  -25.388 0.0000000000
99153  -31.051  -7.693  -22.835 0.0000000000
99161  -30.196  -7.747  -23.629 0.0000000000
99184  -28.662  -7.361  -26.285 0.0000000000
99196  -28.537  -7.145  -26.389 0.0000000000
99197  -28.975  -7.163  -26.542 0.0000000000
100429  -31.349  -6.451  -22.762 0.0000000000
100438  -29.690  -7.335  -24.255 0.0000000000
100451  -29.652  -6.091  -24.517 0.0000000000
100466  -32.172  -5.888  -25.224 0.0000000000
100474  -28.491  -6.519  -27.138 0.0000000000
100484  -28.725  -6.176  -27.664 0.0000000000
100485  -29.153  -6.170  -27.567 0.0000000000
101643  -31.642  -4.887  -22.388 0.0000000000
101644  -32.054  -5.109  -21.929 0.0000000000
101657  -31.689  -5.255  -22.376 0.0000000000
101668  -30.636  -5.219  -23.335 0.0000000000
101680  -29.248  -5.866  -25.241 0.0000000000
101681  -29.763  -5.499  -24.650 0.0000000000
101692  -28.598  -5.744  -26.163 0.0000000000
101695  -32.376  -5.235  -25.182 0.0000000000
101704  -27.777  -5.946  -27.362 0.0000000000
101705  -28.020  -5.644  -26.811 0.0000000000
102870  -32.008  -4.438  -21.681 0.0000000000
102884  -31.330  -4.477  -22.692 0.0000000000
102906  -30.029  -4.769  -24.523 0.0000000000
102928  -28.205  -5.458  -27.210 0.0000000000
102929  -28.741  -5.044  -26.652 0.0000000000
102941  -28.224  -5.625  -27.468 0.0000000000
104146  -31.976  -3.855  -21.542 0.0000000000
104169  -30.523  -4.102  -23.622 0.0000000000
104170  -31.079  -3.893  -23.395 0.0000000000
104192  -30.017  -3.956  -25.308 0.0000000000
104208  -29.440  -4.344  -26.141 0.0000000000
104209  -29.712  -3.555  -26.438 0.0000000000
105422  -31.623  -2.665  -19.139 0.0000000000
105463  -31.620  -3.032  -22.008 0.0000000000
105483  -31.968  -2.166  -22.374 0.0000000000
105513  -31.542  -2.474  -24.716 0.0000000000
106797  -31.301  -1.763  -18.692 0.0000000000
106808  -31.670  -1.737  -19.505 0.0000000000
106856  -31.852  -2.156  -23.714 0.0000000000
106857  -32.292  -1.596  -23.832 0.0000000000
106865  -31.845  -1.770  -25.217 0.0000000000
106874  -31.755  -1.592  -25.888 0.0000000000
106875  -32.198  -1.258  -25.677 0.0000000000
106885  -31.409  -1.409  -26.615 0.0000000000
108171  -30.953  -1.005  -18.677 0.0000000000
108193  -32.334  -0.844  -20.558 0.0000000000
108253  -31.894  -1.096  -26.888 0.0000000000
109506  -30.910  -0.359  -18.909 0.0000000000
109528  -30.334  1.187  -19.872 0.0000000000
109531  -32.623  -0.248  -20.845 0.0000000000
109569  -32.825  0.330  -23.800 0.0000000000
109578  -33.080  0.698  -24.989 0.0000000000
109583  -32.646  0.364  -25.782 0.0000000000
110777  -31.284  1.512  -20.482 0.0000000000
110788  -32.494  0.955  -21.513 0.0000000000
110822  -33.048  0.815  -24.781 0.0000000000
110829  -33.174  0.993  -25.024 0.0000000000
110836  -32.425  1.157  -26.275 0.0000000000
111972  -30.887  1.968  -20.450 0.0000000000
111988  -30.256  2.757  -20.860 0.0000000000
112017  -32.416  2.051  -23.343 0.0000000000
112026  -32.630  2.201  -23.923 0.0000000000
113143  -30.271  3.219  -21.455 0.0000000000
113144  -30.722  2.995  -21.176 0.0000000000
114379  -25.003  5.283  -25.567 0.0000000000
114402  -25.300  5.245  -25.918 0.0000000000
114421  -25.707  5.153  -26.138 0.0000000000
115526  -24.647  5.547  -25.733 0.0000000000
115527  -24.886  5.478  -26.125 0.0000000000
115528  -25.976  5.066  -26.173 0.0000000000
115548  -28.531  5.440  -26.392 0.0000000000
