#!ascii label  , from subject sub-01 vox2ras=TkReg
1272
78789  -24.653  -22.154  -10.042 0.4285714328
78808  -25.569  -21.173  -10.833 0.2857142985
78822  -24.681  -21.756  -11.492 0.4285714328
80359  -26.280  -20.443  -10.971 0.4285714328
80376  -26.075  -20.583  -11.765 0.2857142985
80377  -26.831  -19.833  -11.624 0.4285714328
81813  -27.277  -19.599  -12.182 0.4285714328
80409  -27.087  -19.903  -13.430 0.4285714328
81849  -27.473  -19.461  -13.409 0.4285714328
81870  -27.352  -19.737  -14.510 0.4285714328
83438  -28.809  -18.846  -14.045 0.4285714328
81912  -27.702  -19.166  -15.828 0.5714285970
81894  -27.923  -19.212  -15.163 0.5714285970
83460  -28.636  -18.771  -14.853 0.4285714328
83440  -30.282  -18.207  -14.514 0.2857142985
83479  -28.480  -18.830  -15.955 0.7142857313
83461  -29.355  -18.469  -15.372 0.7142857313
85031  -31.354  -17.347  -16.067 0.7142857313
85029  -29.590  -18.145  -16.151 0.7142857313
85030  -30.341  -17.764  -16.181 0.5714285970
85051  -32.066  -17.289  -17.201 0.5714285970
85050  -30.774  -17.876  -17.094 0.5714285970
85066  -31.902  -17.600  -18.624 0.5714285970
86650  -33.043  -16.695  -18.197 0.5714285970
86631  -33.896  -16.696  -17.248 0.4285714328
86670  -33.978  -16.577  -19.334 0.5714285970
86687  -36.316  -16.791  -20.259 0.5714285970
85078  -31.806  -17.781  -19.645 0.7142857313
86686  -34.937  -16.706  -20.303 0.7142857313
86701  -35.905  -17.107  -21.109 0.7142857313
86702  -36.941  -17.393  -20.956 0.5714285970
86669  -32.757  -17.146  -19.478 0.5714285970
85085  -29.749  -18.273  -19.183 0.5714285970
86684  -32.558  -17.351  -20.427 0.8571428657
85098  -36.647  -17.347  -21.368 0.7142857313
86703  -37.953  -17.422  -21.301 0.5714285970
85088  -31.738  -17.517  -20.314 0.7142857313
85096  -31.450  -17.407  -20.159 0.5714285970
86729  -36.792  -16.731  -22.291 0.7142857313
88147  -37.744  -16.679  -21.652 0.5714285970
86700  -34.557  -16.946  -21.131 0.7142857313
85118  -36.357  -17.129  -22.145 0.7142857313
88146  -36.911  -16.043  -22.080 0.5714285970
86717  -35.468  -16.817  -21.735 0.7142857313
89453  -36.602  -14.727  -22.031 0.5714285970
86715  -33.340  -16.519  -21.456 0.5714285970
88144  -34.136  -16.074  -21.636 0.7142857313
88158  -36.228  -16.084  -22.286 0.7142857313
90852  -35.955  -13.618  -22.931 0.7142857313
89465  -34.764  -14.910  -22.837 0.7142857313
89466  -35.869  -14.867  -22.919 0.7142857313
89476  -35.455  -14.045  -23.423 0.7142857313
92349  -36.201  -12.591  -22.912 0.7142857313
89475  -35.084  -14.264  -23.390 0.7142857313
88143  -33.266  -15.618  -21.810 0.5714285970
93816  -36.144  -11.829  -22.931 0.5714285970
95209  -35.604  -10.948  -22.925 0.5714285970
90865  -34.663  -13.615  -23.443 0.8571428657
89464  -33.914  -14.549  -22.648 0.8571428657
95237  -36.171  -11.533  -24.674 0.7142857313
92382  -36.086  -12.251  -25.816 0.7142857313
90866  -35.193  -13.499  -23.694 0.8571428657
92373  -35.035  -12.625  -24.984 0.7142857313
95233  -32.973  -10.526  -24.220 0.8571428657
95220  -34.648  -10.404  -24.388 0.5714285970
93841  -34.848  -11.808  -25.195 0.8571428657
93826  -33.833  -11.909  -23.805 0.8571428657
92361  -34.803  -12.633  -23.800 0.8571428657
93827  -34.555  -12.067  -24.472 0.8571428657
96608  -31.080  -9.884  -23.872 0.8571428657
96618  -31.359  -9.792  -24.781 0.8571428657
97916  -30.304  -8.547  -24.663 0.8571428657
93839  -33.136  -11.298  -24.024 0.8571428657
96596  -30.663  -9.222  -23.606 0.8571428657
99145  -31.765  -7.471  -22.184 1.0000000000
97902  -30.607  -8.510  -23.153 1.0000000000
95207  -31.675  -10.345  -23.426 0.8571428657
99152  -30.528  -8.002  -23.121 1.0000000000
97903  -31.110  -8.535  -22.725 1.0000000000
100430  -31.719  -5.712  -22.366 1.0000000000
104128  -32.295  -3.664  -20.812 0.7142857313
99162  -30.697  -6.926  -23.361 1.0000000000
100419  -32.117  -6.439  -21.934 1.0000000000
101656  -31.193  -5.335  -22.732 1.0000000000
106849  -32.281  -1.455  -22.787 1.0000000000
108207  -32.573  -0.831  -21.336 0.8571428657
110802  -32.663  1.123  -22.103 0.8571428657
109544  -32.633  0.232  -21.507 1.0000000000
112038  -31.796  2.630  -25.399 0.8571428657
112016  -31.888  2.467  -23.231 0.8571428657
110812  -32.297  1.963  -23.067 1.0000000000
113221  -30.626  3.834  -26.304 0.8571428657
113232  -31.232  3.151  -26.871 0.8571428657
114435  -30.106  4.608  -26.763 0.7142857313
114407  -29.847  4.344  -24.757 0.5714285970
115565  -28.659  5.586  -26.904 0.7142857313
114444  -29.550  5.152  -28.423 0.5714285970
114405  -27.888  4.948  -25.602 0.5714285970
114406  -28.995  4.651  -25.125 0.5714285970
114404  -26.685  5.086  -25.403 0.4285714328
115545  -25.987  5.376  -26.671 0.4285714328
115563  -26.648  6.099  -27.708 0.4285714328
115512  -25.419  5.535  -24.606 0.2857142985
115500  -25.270  5.463  -23.245 0.2857142985
114380  -25.365  5.050  -25.113 0.2857142985
115501  -26.238  5.814  -23.791 0.2857142985
78823  -25.375  -21.251  -12.077 0.2857142985
85111  -37.463  -17.136  -21.946 0.5714285970
96611  -35.281  -10.435  -23.382 0.5714285970
92362  -35.407  -12.723  -24.192 0.7142857313
92375  -36.257  -12.257  -25.375 0.7142857313
95234  -34.295  -10.912  -24.576 0.8571428657
96620  -33.772  -9.798  -24.253 0.8571428657
96619  -32.476  -9.542  -24.609 0.8571428657
96617  -30.557  -9.167  -25.068 0.8571428657
104145  -31.645  -3.450  -22.021 0.8571428657
115477  -27.349  6.043  -21.149 0.1428571492
80392  -25.841  -20.581  -12.704 0.2857142985
80393  -26.487  -20.188  -12.402 0.2857142985
81828  -27.014  -19.718  -12.664 0.4285714328
83417  -28.478  -18.844  -13.383 0.4285714328
80408  -26.629  -20.181  -13.266 0.2857142985
81871  -28.142  -19.206  -14.144 0.4285714328
83418  -29.277  -18.683  -13.454 0.4285714328
83462  -30.062  -18.060  -15.498 0.4285714328
83480  -29.154  -18.522  -16.111 0.7142857313
85064  -30.296  -18.505  -17.806 0.5714285970
86652  -35.906  -16.500  -18.236 0.4285714328
83491  -30.427  -18.829  -18.253 0.7142857313
85077  -31.094  -18.385  -19.009 0.7142857313
86671  -35.386  -16.565  -19.262 0.4285714328
86682  -30.592  -17.610  -19.498 0.5714285970
89452  -36.282  -14.161  -21.364 0.5714285970
86698  -32.315  -16.922  -21.034 0.5714285970
88131  -37.435  -15.819  -21.392 0.5714285970
88157  -35.221  -15.876  -22.059 0.7142857313
86728  -36.137  -16.709  -22.269 0.7142857313
90839  -36.189  -13.516  -22.096 0.5714285970
96609  -34.324  -9.845  -24.130 0.5714285970
99160  -29.831  -7.701  -24.255 1.0000000000
97894  -31.667  -8.488  -22.236 1.0000000000
102852  -32.252  -4.509  -21.193 0.8571428657
105443  -32.315  -2.680  -20.406 0.7142857313
105464  -32.057  -2.800  -21.623 1.0000000000
105482  -31.553  -2.965  -22.581 1.0000000000
106822  -32.356  -1.753  -20.994 0.7142857313
106821  -32.123  -1.701  -20.173 0.7142857313
108222  -32.667  -0.694  -22.248 0.8571428657
112025  -31.907  2.723  -24.358 0.8571428657
110813  -32.652  1.399  -23.228 1.0000000000
109560  -32.757  0.299  -22.690 1.0000000000
114424  -29.978  4.540  -25.684 0.7142857313
115529  -26.399  5.363  -26.042 0.7142857313
114422  -28.399  5.378  -26.100 0.7142857313
114382  -26.934  4.572  -24.708 0.4285714328
115511  -24.926  5.369  -25.226 0.2857142985
114420  -25.533  5.267  -26.326 0.4285714328
115564  -27.805  5.823  -27.353 0.4285714328
115562  -25.554  5.852  -27.402 0.4285714328
114401  -24.933  5.350  -25.830 0.4285714328
85048  -29.125  -18.045  -16.583 0.4285714328
85063  -29.835  -18.185  -17.815 0.4285714328
114403  -25.880  4.949  -25.694 0.4285714328
115530  -27.168  5.631  -25.865 0.7142857313
78807  -24.751  -21.953  -10.596 0.4285714328
78809  -26.110  -20.575  -10.372 0.4285714328
78836  -25.167  -21.219  -13.083 0.2857142985
80426  -26.561  -20.358  -14.305 0.2857142985
80427  -27.123  -20.064  -13.768 0.4285714328
81850  -28.025  -19.139  -13.541 0.4285714328
85049  -29.947  -18.197  -16.966 0.5714285970
85065  -31.035  -18.394  -18.070 0.5714285970
86651  -34.531  -16.534  -18.218 0.4285714328
86685  -33.632  -16.930  -20.382 0.7142857313
83509  -30.438  -18.689  -19.135 0.7142857313
83501  -29.969  -19.176  -18.999 0.7142857313
86699  -33.386  -17.121  -21.154 0.5714285970
86714  -32.912  -16.271  -21.369 0.7142857313
88156  -34.119  -15.312  -22.178 0.8571428657
90867  -35.584  -13.499  -23.499 0.7142857313
88155  -33.574  -15.035  -22.241 0.8571428657
95235  -35.374  -11.277  -25.151 0.8571428657
95219  -32.344  -10.924  -23.815 0.8571428657
95232  -32.113  -10.039  -24.425 0.8571428657
93814  -33.531  -11.923  -22.953 0.8571428657
96597  -31.340  -9.339  -22.880 1.0000000000
113209  -31.115  3.234  -24.824 0.8571428657
113208  -30.498  3.812  -25.279 0.8571428657
114434  -29.520  5.282  -27.321 0.7142857313
114423  -29.062  5.356  -25.993 0.5714285970
115547  -27.963  5.583  -26.383 0.5714285970
114362  -26.145  4.233  -24.015 0.4285714328
114381  -26.008  4.615  -24.867 0.4285714328
115546  -26.978  5.729  -26.638 0.4285714328
115489  -26.109  5.910  -22.617 0.2857142985
116617  -26.749  6.179  -22.198 0.1428571492
80407  -25.798  -20.688  -13.667 0.2857142985
117735  -25.371  7.136  -27.716 0.2857142985
118798  -25.219  8.770  -25.700 0.1428571492
116691  -24.957  6.472  -27.511 0.2857142985
116702  -24.695  7.190  -29.514 0.2857142985
117709  -24.826  7.895  -25.931 0.1428571492
118790  -25.452  8.801  -25.060 0.1428571492
116649  -25.108  6.289  -25.120 0.1428571492
115560  -24.646  6.168  -27.058 0.2857142985
116662  -25.227  7.019  -25.810 0.1428571492
116728  -25.416  6.506  -30.661 0.2857142985
116703  -24.801  6.780  -28.768 0.2857142985
113261  -29.488  3.550  -32.953 0.2857142985
115608  -27.803  5.590  -31.679 0.2857142985
118791  -25.918  8.739  -24.374 0.1428571492
116693  -25.784  6.426  -28.070 0.2857142985
114453  -29.397  4.982  -29.450 0.2857142985
116729  -26.303  6.027  -30.485 0.2857142985
116704  -25.338  6.348  -28.844 0.2857142985
112084  -30.377  2.352  -30.541 0.1428571492
114461  -29.174  4.964  -30.566 0.2857142985
115599  -28.143  5.730  -30.680 0.2857142985
117710  -25.102  7.721  -25.436 0.1428571492
115586  -27.362  5.914  -30.306 0.2857142985
116717  -25.822  6.390  -29.738 0.2857142985
106933  -30.658  -1.264  -31.044 0.1428571492
109623  -30.542  0.268  -30.922 0.1428571492
113252  -30.297  3.317  -30.256 0.4285714328
115588  -28.716  5.599  -28.985 0.2857142985
109597  -31.630  0.181  -27.961 0.2857142985
112068  -30.810  2.755  -28.728 0.4285714328
114454  -30.234  4.473  -28.917 0.2857142985
106905  -30.596  -1.469  -28.103 0.1428571492
110856  -31.334  1.095  -28.566 0.2857142985
113237  -30.641  3.689  -28.354 0.4285714328
112062  -32.242  1.798  -26.827 0.5714285970
113231  -30.678  3.803  -27.352 0.7142857313
105542  -30.117  -2.605  -26.993 0.1428571492
106896  -30.889  -1.392  -27.592 0.1428571492
113238  -31.217  3.056  -27.906 0.7142857313
114445  -30.145  4.494  -27.862 0.4285714328
109590  -32.255  0.393  -26.668 0.4285714328
104224  -29.679  -3.695  -27.339 0.2857142985
105529  -31.185  -2.130  -25.704 0.7142857313
112051  -31.742  2.516  -26.384 0.7142857313
108230  -32.571  -0.630  -23.279 0.8571428657
108246  -32.546  -0.556  -25.329 0.8571428657
110828  -32.804  1.260  -25.426 0.5714285970
101727  -30.087  -5.354  -28.286 0.2857142985
102959  -29.945  -4.621  -28.135 0.2857142985
109584  -32.933  0.727  -25.236 0.7142857313
113182  -31.304  3.396  -22.615 0.5714285970
110821  -32.897  1.204  -24.486 0.8571428657
101717  -30.032  -6.049  -28.180 0.1428571492
104193  -30.875  -2.987  -25.247 0.7142857313
101706  -30.319  -5.872  -27.351 0.1428571492
99117  -32.358  -7.751  -19.376 0.5714285970
101626  -32.422  -5.470  -21.007 0.8571428657
101610  -32.519  -5.685  -20.029 0.4285714328
102836  -32.342  -4.570  -20.156 0.5714285970
106835  -32.405  -1.638  -21.893 0.8571428657
102892  -30.438  -4.573  -23.640 0.8571428657
100476  -29.903  -6.480  -26.882 0.2857142985
104182  -30.991  -3.405  -24.424 0.8571428657
105499  -31.909  -2.196  -24.100 0.8571428657
109577  -32.903  0.345  -24.841 0.8571428657
101694  -31.699  -5.381  -25.823 0.4285714328
102915  -29.494  -4.959  -25.743 0.7142857313
99102  -31.310  -7.838  -18.101 0.2857142985
99146  -32.244  -7.690  -21.457 0.5714285970
99132  -32.588  -7.662  -20.358 0.5714285970
100418  -31.658  -7.027  -22.495 0.8571428657
102893  -30.843  -4.671  -23.054 0.8571428657
104159  -31.499  -3.811  -22.564 0.8571428657
104181  -30.309  -3.982  -24.044 0.8571428657
105498  -31.626  -2.790  -23.728 0.8571428657
99198  -29.600  -7.033  -26.588 0.4285714328
100463  -28.541  -6.596  -25.781 0.8571428657
102916  -29.828  -4.715  -25.143 0.8571428657
100465  -31.147  -6.368  -25.198 0.4285714328
90820  -33.144  -13.394  -20.029 0.7142857313
93758  -31.680  -11.356  -18.630 0.4285714328
90827  -32.969  -13.493  -20.768 0.7142857313
93792  -33.274  -12.089  -21.588 0.8571428657
93791  -33.106  -11.521  -20.882 0.5714285970
96568  -32.478  -9.599  -19.632 0.5714285970
96541  -30.753  -9.138  -17.896 0.4285714328
93802  -32.754  -11.472  -21.788 0.8571428657
97867  -32.504  -8.634  -19.988 0.5714285970
96598  -31.797  -10.225  -22.664 0.8571428657
96590  -32.096  -9.445  -21.905 0.7142857313
97930  -31.555  -8.790  -25.282 0.7142857313
97928  -30.336  -8.251  -25.246 0.7142857313
99171  -29.568  -7.575  -24.766 0.7142857313
100450  -29.304  -6.840  -24.876 0.8571428657
100442  -34.133  -6.450  -23.600 0.2857142985
100453  -32.396  -6.694  -24.779 0.4285714328
100452  -31.528  -7.211  -24.868 0.5714285970
88130  -31.933  -16.014  -20.392 0.4285714328
89437  -32.357  -14.819  -19.869 0.4285714328
92294  -31.381  -12.474  -18.285 0.4285714328
92347  -34.416  -13.034  -23.117 0.7142857313
92334  -33.411  -12.867  -21.910 0.7142857313
93803  -33.305  -12.064  -22.236 0.7142857313
95198  -32.289  -10.716  -22.201 0.8571428657
97919  -33.305  -8.824  -24.583 0.7142857313
99163  -33.739  -7.465  -24.076 0.2857142985
99174  -33.290  -7.641  -24.493 0.5714285970
97918  -32.289  -8.577  -24.913 0.5714285970
88129  -31.480  -16.650  -20.124 0.4285714328
88111  -31.201  -15.814  -18.545 0.5714285970
89450  -32.465  -14.974  -20.773 0.5714285970
90826  -32.673  -14.080  -20.343 0.5714285970
90850  -33.573  -13.742  -22.323 0.7142857313
96599  -34.994  -9.539  -22.663 0.4285714328
97904  -34.609  -8.714  -23.156 0.4285714328
99164  -34.128  -7.665  -23.660 0.4285714328
99175  -33.854  -8.362  -24.300 0.4285714328
85075  -29.723  -18.154  -18.724 0.5714285970
88123  -37.623  -15.694  -20.410 0.4285714328
89439  -36.849  -14.912  -20.939 0.4285714328
93805  -35.885  -11.309  -21.425 0.4285714328
92348  -35.859  -11.986  -22.188 0.4285714328
95190  -35.914  -10.331  -21.017 0.4285714328
96600  -35.378  -10.228  -22.508 0.4285714328
83419  -30.059  -18.520  -13.558 0.1428571492
90838  -35.780  -13.236  -21.120 0.4285714328
92326  -35.244  -12.532  -20.488 0.4285714328
93804  -35.491  -11.596  -20.830 0.4285714328
85015  -31.972  -17.621  -14.991 0.1428571492
88114  -37.978  -16.417  -18.768 0.2857142985
89411  -36.334  -14.851  -17.458 0.2857142985
88113  -37.506  -15.573  -19.268 0.2857142985
86688  -37.459  -17.366  -20.292 0.4285714328
89423  -35.693  -14.125  -17.910 0.2857142985
89433  -36.615  -14.985  -19.832 0.2857142985
88124  -38.229  -16.504  -19.878 0.2857142985
90809  -35.463  -13.120  -18.260 0.2857142985
89432  -35.727  -14.026  -19.184 0.4285714328
83420  -30.979  -18.420  -13.502 0.1428571492
83441  -31.414  -17.958  -14.203 0.1428571492
83439  -29.419  -18.618  -14.319 0.1428571492
85016  -33.079  -17.330  -14.699 0.2857142985
85033  -33.710  -17.188  -15.538 0.2857142985
85055  -36.871  -18.309  -17.367 0.2857142985
83503  -38.975  -18.354  -19.043 0.2857142985
85079  -37.969  -18.012  -18.854 0.2857142985
86653  -37.046  -17.284  -18.375 0.2857142985
86674  -38.479  -17.391  -19.204 0.2857142985
83442  -32.496  -17.947  -14.056 0.1428571492
85035  -35.173  -18.264  -15.835 0.2857142985
83443  -33.505  -18.110  -14.086 0.2857142985
85034  -34.706  -17.735  -15.556 0.2857142985
85054  -35.741  -17.800  -16.595 0.2857142985
83395  -29.035  -18.648  -12.598 0.1428571492
83394  -28.221  -19.008  -12.641 0.2857142985
83397  -30.618  -18.839  -12.815 0.1428571492
78790  -25.099  -21.729  -9.895 0.2857142985
77343  -24.493  -22.510  -9.422 0.2857142985
77342  -24.008  -22.752  -9.866 0.2857142985
83373  -28.301  -19.126  -12.158 0.2857142985
77344  -25.360  -21.985  -9.089 0.1428571492
75897  -24.109  -22.853  -9.072 0.2857142985
75896  -23.764  -23.275  -9.377 0.1428571492
85018  -34.577  -18.102  -14.949 0.2857142985
86675  -38.925  -17.594  -18.593 0.2857142985
88132  -38.269  -16.572  -20.960 0.4285714328
92297  -35.033  -12.121  -18.705 0.2857142985
92323  -33.138  -12.191  -20.342 0.7142857313
92325  -34.697  -12.038  -20.068 0.4285714328
96580  -32.488  -9.550  -20.649 0.5714285970
93815  -35.832  -11.374  -22.443 0.4285714328
96610  -34.636  -9.773  -23.755 0.4285714328
99154  -34.634  -7.888  -22.636 0.2857142985
110801  -32.169  1.829  -22.520 0.7142857313
97927  -29.673  -7.696  -25.366 0.7142857313
113192  -30.284  3.872  -24.203 0.4285714328
105514  -31.958  -1.841  -24.529 0.8571428657
112039  -32.533  2.108  -24.951 0.8571428657
104223  -29.080  -4.191  -26.841 0.5714285970
115587  -27.941  6.072  -29.664 0.2857142985
108261  -31.696  -0.858  -27.400 0.4285714328
109598  -31.993  0.586  -27.287 0.4285714328
110864  -30.669  1.608  -29.933 0.1428571492
115597  -26.224  5.940  -31.310 0.2857142985
78791  -26.030  -20.951  -9.505 0.1428571492
77383  -24.113  -22.327  -11.018 0.2857142985
80360  -26.868  -20.188  -10.315 0.1428571492
81829  -27.606  -19.333  -12.556 0.2857142985
83422  -32.949  -18.709  -13.603 0.1428571492
83423  -33.695  -18.905  -13.771 0.1428571492
85052  -33.264  -16.913  -16.510 0.2857142985
85053  -34.456  -16.988  -16.331 0.2857142985
86633  -36.174  -17.046  -17.489 0.2857142985
83494  -38.895  -18.317  -18.126 0.2857142985
86632  -35.139  -16.738  -17.241 0.2857142985
86655  -38.450  -16.968  -18.199 0.2857142985
88122  -32.024  -15.547  -19.273 0.5714285970
86672  -36.729  -16.939  -19.302 0.2857142985
90808  -31.929  -13.525  -18.595 0.2857142985
93742  -35.024  -11.133  -17.730 0.2857142985
92311  -33.277  -12.865  -20.343 0.7142857313
90837  -32.999  -13.768  -21.626 0.5714285970
95162  -31.079  -10.459  -18.127 0.4285714328
93776  -32.707  -11.501  -19.925 0.5714285970
93760  -34.870  -11.751  -19.095 0.4285714328
97852  -31.743  -8.712  -18.441 0.5714285970
93778  -35.273  -10.929  -19.794 0.2857142985
92337  -35.866  -12.713  -21.966 0.4285714328
95176  -32.691  -10.542  -20.237 0.7142857313
100373  -32.009  -6.870  -18.628 0.2857142985
96569  -35.385  -9.398  -19.666 0.1428571492
97883  -35.410  -8.795  -20.943 0.4285714328
96591  -34.926  -9.341  -22.076 0.4285714328
99133  -34.957  -7.462  -20.695 0.1428571492
100440  -30.735  -6.015  -23.423 0.8571428657
99147  -34.739  -7.641  -21.703 0.1428571492
99173  -32.046  -7.701  -24.715 0.5714285970
100454  -33.565  -6.470  -24.379 0.2857142985
99186  -29.769  -7.463  -25.837 0.5714285970
101691  -28.201  -6.269  -26.686 0.7142857313
108239  -32.670  -0.602  -24.317 0.8571428657
102918  -32.563  -4.509  -25.570 0.2857142985
102917  -32.069  -4.780  -26.449 0.1428571492
116648  -24.763  5.761  -25.238 0.2857142985
101715  -28.448  -5.904  -27.596 0.4285714328
102944  -31.727  -4.808  -27.696 0.1428571492
106886  -31.973  -1.303  -26.203 0.5714285970
102960  -31.018  -4.661  -28.234 0.1428571492
106895  -30.154  -1.786  -27.712 0.1428571492
116663  -25.404  7.421  -25.332 0.1428571492
105550  -29.866  -2.597  -27.968 0.1428571492
108271  -30.881  -0.862  -28.473 0.1428571492
113245  -30.296  3.452  -29.264 0.2857142985
110855  -30.797  1.773  -29.020 0.2857142985
109605  -31.165  0.184  -28.955 0.2857142985
108279  -30.710  -0.357  -29.314 0.1428571492
108289  -30.227  -0.748  -30.488 0.1428571492
109624  -30.614  0.253  -30.203 0.1428571492
113257  -29.725  3.855  -31.993 0.2857142985
112090  -30.249  3.020  -32.312 0.2857142985
112095  -30.203  2.048  -32.476 0.1428571492
110879  -30.385  1.234  -31.758 0.1428571492
80340  -27.514  -20.529  -9.609 0.1428571492
83398  -31.453  -18.872  -12.804 0.1428571492
88101  -37.647  -16.381  -17.660 0.2857142985
101658  -34.464  -5.654  -22.778 0.2857142985
106940  -30.826  -1.253  -32.201 0.1428571492
112094  -29.901  2.763  -33.198 0.2857142985
80378  -27.698  -19.672  -11.093 0.1428571492
81814  -27.635  -19.507  -11.894 0.1428571492
85032  -32.572  -17.252  -15.807 0.2857142985
85014  -30.818  -17.604  -15.182 0.1428571492
86630  -33.043  -16.846  -17.262 0.2857142985
89451  -32.795  -14.853  -21.510 0.5714285970
88142  -32.627  -15.819  -21.166 0.4285714328
95199  -35.700  -10.625  -21.973 0.4285714328
93813  -32.775  -11.452  -22.626 0.7142857313
97915  -29.713  -8.005  -25.027 0.7142857313
96589  -31.710  -9.100  -22.351 0.8571428657
100439  -29.947  -6.645  -23.916 0.8571428657
102869  -31.743  -4.287  -22.111 0.8571428657
113193  -31.261  3.394  -23.753 0.5714285970
113222  -31.144  3.172  -25.857 0.7142857313
115577  -28.753  5.719  -27.930 0.2857142985
116705  -26.376  6.479  -28.808 0.2857142985
97920  -33.999  -9.011  -24.446 0.4285714328
89438  -35.985  -14.206  -20.440 0.4285714328
97895  -32.038  -8.555  -21.612 0.5714285970
106848  -31.940  -2.183  -23.149 0.8571428657
115544  -25.169  5.472  -26.616 0.2857142985
116706  -27.103  6.285  -28.974 0.2857142985
115561  -24.866  5.927  -27.228 0.2857142985
115543  -24.460  5.880  -26.530 0.2857142985
117734  -24.886  6.705  -27.293 0.2857142985
117720  -25.095  7.446  -26.615 0.1428571492
117719  -24.866  6.894  -26.986 0.2857142985
117699  -25.093  8.263  -25.362 0.1428571492
116690  -24.673  6.446  -26.968 0.2857142985
117762  -24.705  7.246  -30.257 0.2857142985
116676  -25.024  7.270  -26.213 0.1428571492
116675  -24.757  6.724  -26.403 0.1428571492
116716  -24.934  6.492  -29.709 0.2857142985
114467  -29.170  4.635  -31.667 0.2857142985
115607  -27.006  5.670  -31.928 0.2857142985
114460  -28.542  5.205  -31.374 0.2857142985
117700  -25.474  7.950  -24.892 0.1428571492
115600  -28.757  5.567  -29.882 0.2857142985
113251  -29.872  4.088  -30.948 0.2857142985
113244  -29.936  4.225  -29.913 0.2857142985
116718  -26.892  6.132  -29.721 0.2857142985
116730  -26.865  5.875  -30.381 0.2857142985
112076  -30.478  2.525  -29.608 0.2857142985
112091  -30.298  2.191  -31.514 0.1428571492
110873  -30.603  1.406  -30.825 0.1428571492
108297  -30.374  -0.546  -31.604 0.1428571492
110874  -30.809  0.777  -30.206 0.1428571492
109630  -30.370  0.371  -32.125 0.1428571492
113258  -30.250  3.164  -31.261 0.1428571492
112061  -31.690  2.357  -27.359 0.5714285970
112069  -31.547  2.175  -28.382 0.4285714328
106913  -30.594  -1.662  -29.196 0.1428571492
106884  -30.569  -1.796  -27.055 0.1428571492
109614  -30.854  0.235  -29.717 0.2857142985
110845  -31.904  1.333  -27.672 0.4285714328
110846  -32.360  1.071  -27.022 0.5714285970
112052  -32.386  2.002  -25.928 0.7142857313
105543  -30.596  -2.046  -26.391 0.4285714328
108254  -32.236  -0.716  -26.490 0.5714285970
105528  -30.364  -2.834  -25.989 0.5714285970
106866  -32.351  -1.325  -24.827 0.7142857313
102942  -29.041  -5.017  -27.485 0.5714285970
100486  -29.655  -6.274  -27.525 0.4285714328
100402  -32.638  -6.597  -20.762 0.5714285970
102819  -32.289  -5.129  -19.582 0.4285714328
100387  -32.511  -6.705  -19.675 0.4285714328
101667  -30.145  -5.537  -23.973 0.8571428657
102905  -29.719  -5.185  -25.059 0.8571428657
100462  -28.512  -6.915  -26.414 0.4285714328
100464  -30.376  -6.927  -26.150 0.5714285970
104191  -29.604  -4.391  -25.698 0.8571428657
99185  -28.884  -7.494  -25.708 0.7142857313
90819  -32.534  -13.626  -19.447 0.5714285970
92295  -32.313  -12.497  -18.771 0.4285714328
92324  -33.257  -12.687  -21.073 0.7142857313
95164  -32.276  -10.647  -19.281 0.4285714328
97853  -32.189  -8.699  -19.142 0.5714285970
96558  -32.112  -9.604  -18.782 0.4285714328
96556  -30.479  -9.675  -18.096 0.2857142985
95189  -32.587  -10.539  -21.273 0.7142857313
99172  -31.463  -7.719  -24.957 0.5714285970
99187  -30.860  -7.618  -25.298 0.7142857313
88112  -31.990  -15.195  -18.607 0.5714285970
100431  -34.429  -6.802  -22.459 0.2857142985
92336  -35.458  -12.178  -21.319 0.4285714328
95177  -35.466  -10.226  -20.165 0.4285714328
96592  -35.358  -9.540  -21.685 0.4285714328
90828  -35.634  -13.221  -19.993 0.4285714328
89424  -36.450  -14.906  -18.631 0.2857142985
86689  -38.371  -17.337  -20.306 0.2857142985
86673  -37.872  -17.612  -19.367 0.2857142985
90821  -35.552  -12.948  -19.141 0.4285714328
83421  -32.041  -18.604  -13.388 0.1428571492
85017  -34.029  -17.796  -14.821 0.2857142985
85068  -37.550  -18.153  -18.251 0.2857142985
77345  -25.987  -21.722  -8.712 0.1428571492
97896  -34.792  -8.755  -22.021 0.2857142985
117691  -26.370  7.805  -24.229 0.1428571492
80361  -28.002  -20.106  -10.276 0.1428571492
116640  -26.591  6.728  -24.214 0.1428571492
111989  -31.171  2.473  -20.914 0.5714285970
109529  -30.953  1.088  -19.770 0.4285714328
110776  -30.596  1.534  -20.204 0.4285714328
109517  -31.062  0.374  -19.259 0.4285714328
110787  -31.969  1.467  -21.376 0.5714285970
112005  -31.560  2.465  -22.076 0.4285714328
105442  -32.061  -2.333  -19.736 0.4285714328
108192  -31.861  -0.875  -19.845 0.4285714328
109507  -31.213  -0.657  -19.002 0.4285714328
109518  -31.469  -0.328  -19.364 0.5714285970
109530  -31.945  0.361  -20.352 0.5714285970
109543  -32.345  0.795  -21.144 0.5714285970
102835  -31.917  -4.082  -19.773 0.5714285970
89396  -35.898  -13.899  -15.852 0.1428571492
90791  -35.479  -13.236  -17.186 0.1428571492
92266  -35.506  -12.450  -16.527 0.1428571492
81911  -27.341  -19.202  -15.968 0.2857142985
88100  -37.038  -15.714  -18.149 0.1428571492
89373  -36.609  -14.092  -14.044 0.1428571492
88069  -36.850  -15.263  -15.850 0.1428571492
90743  -36.613  -13.220  -13.478 0.1428571492
89387  -36.308  -14.062  -15.158 0.1428571492
92223  -36.567  -12.389  -13.708 0.1428571492
81893  -27.240  -19.528  -15.553 0.2857142985
85036  -38.294  -17.568  -16.670 0.1428571492
88070  -37.155  -15.984  -15.507 0.1428571492
86634  -38.367  -16.938  -17.219 0.1428571492
89343  -36.580  -14.205  -12.511 0.1428571492
88058  -36.904  -15.117  -14.711 0.1428571492
92141  -37.618  -12.682  -10.012 0.1428571492
90708  -36.854  -13.423  -11.882 0.1428571492
92170  -37.433  -12.603  -10.549 0.1428571492
81869  -26.826  -20.053  -15.129 0.2857142985
80442  -25.522  -20.205  -15.317 0.2857142985
81914  -37.176  -19.640  -16.637 0.1428571492
81915  -38.076  -19.881  -16.789 0.1428571492
83483  -38.523  -18.913  -17.459 0.1428571492
83482  -37.736  -18.947  -17.622 0.1428571492
83484  -38.665  -18.245  -17.358 0.1428571492
85019  -37.011  -17.358  -14.516 0.1428571492
83465  -38.291  -18.436  -16.442 0.1428571492
86582  -36.768  -16.314  -13.851 0.1428571492
85020  -37.754  -17.483  -15.631 0.1428571492
86564  -36.865  -16.109  -12.497 0.1428571492
87982  -37.007  -15.124  -10.540 0.1428571492
89292  -37.546  -14.282  -9.620 0.1428571492
89317  -36.847  -14.418  -10.954 0.1428571492
80443  -26.222  -20.340  -15.128 0.2857142985
80425  -25.630  -20.744  -14.594 0.2857142985
78862  -25.069  -21.114  -14.580 0.2857142985
83464  -35.609  -18.937  -15.835 0.1428571492
80454  -36.647  -20.061  -16.519 0.1428571492
83446  -37.377  -18.091  -14.447 0.1428571492
81896  -38.222  -19.399  -16.655 0.1428571492
83399  -36.872  -18.088  -12.768 0.1428571492
86544  -37.088  -15.971  -11.334 0.1428571492
84992  -36.928  -17.140  -12.162 0.1428571492
92142  -38.012  -12.506  -9.580 0.1428571492
90662  -37.912  -13.390  -9.394 0.1428571492
83445  -35.180  -18.995  -14.902 0.1428571492
81895  -35.713  -19.871  -15.845 0.1428571492
78891  -37.534  -21.271  -17.251 0.1428571492
80445  -36.315  -20.985  -16.233 0.1428571492
80431  -38.696  -20.799  -15.198 0.1428571492
81854  -38.079  -19.856  -14.285 0.1428571492
81897  -38.440  -20.188  -16.460 0.1428571492
83400  -37.248  -19.000  -13.420 0.1428571492
86518  -37.251  -16.223  -10.258 0.1428571492
83375  -36.871  -17.975  -11.783 0.1428571492
89265  -37.732  -14.700  -8.713 0.1428571492
87960  -37.408  -15.437  -9.419 0.1428571492
80428  -35.390  -20.118  -14.474 0.1428571492
83444  -34.451  -18.628  -14.398 0.1428571492
77448  -36.046  -22.330  -17.388 0.1428571492
78889  -36.012  -22.017  -16.819 0.1428571492
80430  -36.008  -21.155  -15.850 0.1428571492
78903  -38.008  -21.475  -17.440 0.1428571492
78890  -36.614  -21.624  -17.086 0.1428571492
80444  -36.142  -20.347  -16.313 0.1428571492
78852  -38.299  -21.534  -14.018 0.1428571492
78865  -38.630  -21.380  -15.700 0.1428571492
81836  -37.437  -19.946  -12.929 0.1428571492
83376  -37.259  -18.874  -12.223 0.1428571492
77459  -35.619  -22.792  -17.845 0.1428571492
78876  -35.736  -22.056  -16.155 0.1428571492
78864  -35.856  -21.461  -15.709 0.1428571492
76016  -37.287  -22.943  -17.124 0.1428571492
77460  -36.401  -22.614  -17.886 0.1428571492
77427  -38.305  -22.139  -15.151 0.1428571492
77449  -37.807  -22.420  -16.745 0.1428571492
83357  -37.094  -18.470  -10.947 0.1428571492
80398  -37.689  -20.864  -12.435 0.1428571492
78902  -37.242  -21.816  -17.540 0.1428571492
80455  -37.200  -20.620  -16.659 0.1428571492
78878  -38.799  -21.311  -16.619 0.1428571492
81874  -37.943  -19.395  -15.649 0.1428571492
83493  -38.570  -18.453  -18.489 0.1428571492
89293  -37.868  -13.858  -8.961 0.1428571492
92121  -38.671  -12.086  -9.054 0.1428571492
89318  -37.266  -14.151  -10.386 0.1428571492
88039  -36.717  -15.071  -13.415 0.1428571492
88002  -36.731  -15.143  -11.307 0.1428571492
88082  -36.764  -15.651  -16.971 0.1428571492
90772  -35.912  -13.313  -15.465 0.1428571492
84952  -37.194  -17.387  -10.106 0.1428571492
86495  -37.318  -16.527  -9.172 0.1428571492
90640  -38.523  -13.056  -8.873 0.1428571492
93611  -39.286  -11.407  -9.156 0.1428571492
105423  -32.240  -2.957  -19.614 0.4285714328
93610  -38.514  -11.452  -9.488 0.1428571492
90689  -37.180  -13.564  -10.732 0.1428571492
93630  -37.900  -11.879  -10.112 0.1428571492
92211  -36.970  -12.180  -12.155 0.1428571492
93629  -37.550  -11.530  -10.881 0.1428571492
92278  -35.261  -12.247  -17.505 0.1428571492
113163  -31.035  3.194  -21.662 0.4285714328
113181  -30.457  3.965  -23.088 0.4285714328
110885  -30.368  1.898  -33.979 0.1428571492
113265  -29.395  3.389  -33.762 0.1428571492
89410  -35.742  -14.080  -16.791 0.1428571492
83481  -36.571  -18.888  -16.747 0.1428571492
81873  -35.508  -19.667  -15.063 0.1428571492
86635  -38.665  -17.447  -17.593 0.1428571492
93761  -35.199  -11.153  -18.907 0.1428571492
95165  -35.282  -10.224  -19.248 0.1428571492
89397  -36.379  -14.597  -16.339 0.1428571492
90778  -35.560  -13.305  -16.220 0.1428571492
90757  -36.521  -13.186  -14.303 0.1428571492
89357  -36.445  -13.973  -13.238 0.1428571492
88040  -36.889  -15.707  -14.250 0.1428571492
90773  -36.232  -13.060  -14.899 0.1428571492
93670  -36.249  -11.674  -13.968 0.1428571492
90727  -36.651  -13.321  -12.694 0.1428571492
83466  -38.500  -18.029  -16.926 0.1428571492
86614  -37.734  -16.780  -16.091 0.1428571492
88083  -37.421  -16.189  -16.534 0.1428571492
86600  -37.241  -16.595  -15.061 0.1428571492
86543  -36.860  -15.591  -11.852 0.1428571492
86583  -36.915  -16.200  -14.509 0.1428571492
92190  -37.157  -12.456  -11.532 0.1428571492
81913  -36.181  -19.644  -16.465 0.1428571492
83447  -37.629  -18.278  -15.192 0.1428571492
85006  -36.728  -17.204  -13.263 0.1428571492
86565  -36.978  -16.500  -11.883 0.1428571492
81916  -38.613  -20.378  -17.009 0.1428571492
80456  -38.296  -20.820  -17.215 0.1428571492
83425  -37.416  -18.879  -14.499 0.1428571492
81875  -38.547  -20.179  -15.433 0.1428571492
84973  -37.152  -16.884  -10.937 0.1428571492
81872  -34.944  -19.592  -14.342 0.1428571492
80429  -35.800  -20.724  -15.202 0.1428571492
78877  -36.111  -21.543  -16.300 0.1428571492
80446  -38.751  -20.757  -16.115 0.1428571492
80414  -38.389  -20.786  -14.424 0.1428571492
80466  -38.675  -21.073  -17.318 0.1428571492
77462  -38.136  -21.686  -17.392 0.1428571492
80413  -38.047  -20.764  -13.495 0.1428571492
81819  -37.365  -19.937  -11.552 0.1428571492
77450  -38.378  -21.763  -17.095 0.1428571492
77461  -37.503  -22.224  -17.438 0.1428571492
74368  -22.960  -24.604  -9.880 0.1428571492
74387  -22.110  -24.037  -10.863 0.1428571492
75933  -23.147  -23.406  -11.024 0.1428571492
77365  -23.595  -22.896  -10.438 0.1428571492
77382  -23.518  -22.773  -11.390 0.1428571492
77411  -24.040  -22.357  -12.722 0.1428571492
78848  -24.313  -21.747  -13.518 0.1428571492
78835  -24.612  -21.807  -12.481 0.1428571492
77410  -23.414  -22.297  -13.071 0.1428571492
78847  -23.365  -21.554  -13.647 0.1428571492
78849  -25.110  -21.184  -13.993 0.1428571492
80406  -23.506  -21.037  -14.163 0.1428571492
80423  -23.866  -20.315  -14.616 0.1428571492
80441  -24.722  -19.967  -15.248 0.1428571492
81891  -25.314  -19.488  -15.709 0.2857142985
81892  -26.323  -19.548  -15.780 0.1428571492
83458  -26.592  -19.237  -16.215 0.1428571492
83478  -27.455  -18.791  -16.241 0.1428571492
81910  -25.709  -19.111  -16.260 0.2857142985
85047  -28.089  -18.070  -16.445 0.2857142985
88097  -29.375  -16.073  -17.199 0.4285714328
86683  -31.106  -17.138  -19.753 0.4285714328
102818  -31.794  -4.622  -19.231 0.2857142985
104093  -31.357  -3.680  -19.029 0.2857142985
104112  -32.272  -3.588  -19.979 0.2857142985
109514  -28.006  0.128  -19.541 0.2857142985
110762  -29.037  1.026  -19.871 0.2857142985
111971  -30.367  2.062  -20.528 0.2857142985
111970  -29.547  2.148  -20.683 0.4285714328
81909  -25.009  -18.859  -16.051 0.1428571492
77397  -23.363  -22.729  -12.226 0.1428571492
80440  -24.220  -19.659  -15.166 0.1428571492
81890  -24.524  -19.327  -15.620 0.1428571492
83476  -25.534  -18.319  -16.291 0.2857142985
85045  -25.994  -17.654  -16.412 0.2857142985
85046  -27.074  -17.821  -16.387 0.2857142985
85028  -28.143  -17.580  -16.336 0.2857142985
86629  -29.317  -17.139  -17.071 0.4285714328
101598  -32.064  -5.779  -19.289 0.2857142985
102817  -31.028  -4.631  -18.492 0.2857142985
104092  -30.476  -3.703  -18.268 0.2857142985
105405  -31.031  -2.688  -18.246 0.2857142985
108183  -31.364  -1.058  -19.216 0.2857142985
108181  -29.545  -0.265  -18.925 0.2857142985
108180  -28.366  -0.713  -18.637 0.2857142985
110763  -29.451  0.866  -19.729 0.2857142985
85027  -27.803  -17.532  -16.291 0.2857142985
105404  -30.059  -2.830  -18.041 0.2857142985
106794  -28.647  -1.737  -18.246 0.2857142985
106796  -30.403  -1.649  -18.210 0.2857142985
106790  -30.076  -1.164  -18.283 0.2857142985
108168  -28.701  -0.919  -18.440 0.2857142985
108182  -30.354  -0.066  -19.040 0.2857142985
104110  -28.767  -3.882  -19.069 0.2857142985
105421  -28.844  -3.174  -18.889 0.2857142985
106795  -29.579  -1.941  -18.127 0.2857142985
86648  -29.983  -17.183  -18.056 0.4285714328
86667  -30.415  -17.116  -18.949 0.4285714328
86628  -28.427  -17.191  -16.470 0.4285714328
77398  -24.093  -22.356  -11.909 0.1428571492
109516  -30.053  0.651  -19.485 0.2857142985
108169  -29.349  -1.010  -18.247 0.2857142985
83477  -26.467  -18.838  -16.546 0.1428571492
80424  -24.875  -20.739  -14.958 0.1428571492
78861  -24.524  -21.161  -14.369 0.1428571492
75919  -23.300  -24.006  -10.258 0.1428571492
75949  -23.072  -23.138  -11.642 0.1428571492
78860  -23.901  -21.282  -14.174 0.1428571492
88081  -29.187  -16.561  -16.987 0.4285714328
109515  -28.984  0.361  -19.442 0.2857142985
105420  -28.063  -3.059  -19.118 0.2857142985
89409  -30.419  -14.786  -17.529 0.2857142985
88099  -30.772  -15.292  -17.917 0.2857142985
89431  -32.200  -14.551  -18.973 0.2857142985
116732  -28.666  7.034  -30.965 0.1428571492
116739  -29.473  5.974  -32.260 0.1428571492
116742  -27.886  6.356  -32.973 0.1428571492
114470  -27.800  5.059  -33.442 0.1428571492
113260  -28.830  4.054  -33.484 0.1428571492
116721  -29.803  6.436  -30.407 0.1428571492
115617  -27.525  5.619  -33.427 0.1428571492
117780  -25.840  7.082  -31.329 0.1428571492
118817  -26.591  7.902  -27.842 0.1428571492
89421  -31.038  -14.658  -17.896 0.2857142985
90807  -31.069  -13.542  -18.034 0.2857142985
113268  -29.241  4.116  -34.303 0.1428571492
115615  -29.845  5.288  -33.272 0.1428571492
114472  -28.943  4.325  -32.624 0.1428571492
116747  -28.448  5.655  -33.670 0.1428571492
114477  -29.087  4.922  -34.370 0.1428571492
114466  -28.368  5.014  -32.213 0.1428571492
116735  -26.132  6.564  -31.625 0.1428571492
114471  -27.992  4.636  -33.066 0.1428571492
117782  -27.169  7.537  -31.118 0.1428571492
118829  -26.435  7.684  -28.228 0.1428571492
117776  -26.475  7.498  -30.483 0.1428571492
117750  -24.945  7.530  -29.232 0.1428571492
118815  -25.455  7.908  -26.960 0.1428571492
117763  -24.789  7.805  -30.237 0.1428571492
115612  -27.281  5.468  -32.803 0.1428571492
115606  -26.567  6.110  -31.974 0.1428571492
88110  -30.586  -16.414  -18.391 0.2857142985
116738  -28.846  6.408  -32.519 0.1428571492
117778  -28.431  7.330  -29.837 0.1428571492
115614  -29.141  5.584  -33.413 0.1428571492
116741  -27.179  6.439  -32.568 0.1428571492
116737  -27.568  7.090  -31.931 0.1428571492
116720  -29.221  6.950  -29.677 0.1428571492
116736  -26.629  6.761  -31.839 0.1428571492
115620  -29.531  5.121  -34.002 0.1428571492
102815  -28.815  -4.895  -18.535 0.1428571492
102816  -29.607  -4.644  -18.400 0.1428571492
102834  -28.948  -4.278  -18.983 0.1428571492
106820  -27.828  -2.010  -18.914 0.1428571492
105437  -24.739  -2.633  -21.093 0.1428571492
106817  -25.576  -1.440  -20.550 0.1428571492
101597  -31.470  -5.672  -18.543 0.1428571492
106819  -27.089  -1.993  -19.397 0.1428571492
106834  -25.168  -1.240  -21.508 0.1428571492
108206  -26.281  0.084  -21.040 0.1428571492
93739  -31.739  -11.146  -18.961 0.2857142985
95161  -30.057  -10.409  -18.123 0.1428571492
99100  -29.179  -7.519  -18.419 0.1428571492
100372  -30.911  -6.719  -18.277 0.1428571492
101595  -29.329  -5.686  -18.384 0.1428571492
100466  -32.172  -5.888  -25.224 0.1428571492
102833  -28.354  -4.363  -19.038 0.1428571492
108179  -27.486  -0.592  -19.393 0.1428571492
110774  -28.625  1.510  -20.418 0.1428571492
109525  -26.738  0.704  -20.498 0.1428571492
109542  -26.425  0.795  -21.374 0.2857142985
110800  -28.206  2.084  -21.922 0.2857142985
113177  -26.146  3.284  -23.388 0.2857142985
115513  -25.889  6.175  -24.677 0.1428571492
115475  -25.551  5.417  -21.086 0.1428571492
111987  -29.495  2.724  -21.362 0.2857142985
110772  -26.900  1.337  -21.169 0.2857142985
112003  -28.359  2.782  -22.134 0.2857142985
113191  -29.685  4.122  -24.009 0.2857142985
113160  -28.091  3.490  -22.563 0.2857142985
112015  -26.997  2.795  -23.030 0.2857142985
114383  -27.980  4.530  -24.465 0.2857142985
113178  -27.146  3.416  -23.353 0.2857142985
112014  -26.635  2.934  -23.177 0.2857142985
114361  -25.430  4.743  -23.933 0.1428571492
113157  -25.319  3.428  -22.390 0.2857142985
116628  -26.692  6.821  -22.872 0.1428571492
113158  -25.765  2.784  -22.743 0.1428571492
112000  -25.261  2.184  -22.342 0.1428571492
109541  -25.876  0.223  -21.673 0.2857142985
113175  -25.027  4.340  -23.393 0.1428571492
113176  -25.361  3.889  -23.458 0.2857142985
114360  -24.750  4.732  -23.091 0.1428571492
114345  -24.977  4.501  -22.182 0.1428571492
106846  -24.432  -1.159  -22.162 0.2857142985
113141  -25.155  3.504  -21.056 0.1428571492
115466  -25.554  5.013  -20.221 0.1428571492
114346  -25.234  4.135  -21.490 0.1428571492
106832  -21.359  -1.305  -21.640 0.1428571492
102919  -32.965  -4.515  -25.031 0.1428571492
99101  -30.266  -7.732  -18.150 0.1428571492
100370  -28.827  -6.589  -18.516 0.1428571492
102908  -33.168  -4.515  -24.566 0.1428571492
101594  -28.366  -5.761  -18.591 0.1428571492
102850  -27.067  -4.225  -18.850 0.1428571492
102849  -26.454  -4.229  -19.425 0.1428571492
104126  -26.706  -3.537  -19.194 0.1428571492
105438  -25.252  -2.632  -20.503 0.1428571492
106804  -27.034  -1.156  -19.744 0.1428571492
109513  -27.032  0.122  -19.644 0.1428571492
108221  -25.195  -0.491  -22.148 0.2857142985
110785  -27.440  1.922  -21.654 0.1428571492
111985  -26.883  2.204  -21.832 0.1428571492
112002  -27.320  2.560  -22.371 0.2857142985
112001  -26.258  2.359  -22.731 0.1428571492
113159  -27.443  3.203  -22.885 0.1428571492
114333  -24.899  4.692  -21.225 0.1428571492
115474  -24.936  5.161  -20.803 0.1428571492
115487  -24.902  5.184  -21.625 0.1428571492
101684  -34.073  -5.593  -24.084 0.1428571492
101669  -33.421  -5.254  -24.216 0.1428571492
102896  -34.037  -4.820  -23.669 0.1428571492
114384  -29.094  4.396  -24.068 0.2857142985
115488  -25.424  5.558  -22.070 0.1428571492
114363  -27.034  4.108  -23.866 0.2857142985
115499  -24.826  5.168  -22.429 0.1428571492
113162  -30.375  3.562  -22.162 0.2857142985
97839  -31.179  -8.675  -17.930 0.1428571492
96540  -30.133  -9.103  -17.900 0.1428571492
100420  -34.662  -6.666  -21.221 0.1428571492
113161  -29.234  3.751  -22.429 0.2857142985
109526  -27.642  0.959  -19.922 0.1428571492
111969  -28.908  2.164  -21.070 0.1428571492
104127  -27.086  -3.776  -18.777 0.1428571492
105440  -26.429  -2.750  -19.570 0.1428571492
102831  -27.035  -4.909  -19.240 0.1428571492
101608  -27.693  -5.530  -19.045 0.1428571492
106818  -26.245  -1.656  -19.691 0.1428571492
108190  -25.910  -0.864  -20.681 0.1428571492
108178  -26.953  -0.537  -19.743 0.1428571492
100371  -29.830  -6.646  -18.343 0.1428571492
106847  -24.836  -1.142  -21.944 0.1428571492
108191  -26.287  -0.536  -20.221 0.1428571492
110773  -27.593  1.387  -20.823 0.2857142985
109559  -26.177  0.881  -21.985 0.2857142985
110799  -27.858  2.249  -22.130 0.2857142985
112004  -29.189  2.824  -22.058 0.2857142985
110786  -28.270  1.857  -21.303 0.2857142985
114365  -28.793  4.287  -23.106 0.2857142985
113179  -27.747  3.707  -23.036 0.2857142985
114364  -27.935  4.293  -23.439 0.2857142985
113156  -24.769  3.991  -22.952 0.2857142985
110784  -26.563  1.577  -21.750 0.1428571492
111984  -26.586  2.067  -22.200 0.2857142985
83474  -23.940  -17.946  -15.953 0.1428571492
86625  -25.601  -16.930  -16.583 0.1428571492
85042  -23.655  -17.063  -16.169 0.1428571492
86644  -23.707  -16.080  -17.493 0.1428571492
86645  -24.413  -16.294  -17.724 0.1428571492
85062  -24.717  -16.767  -17.038 0.1428571492
86664  -24.622  -16.071  -18.339 0.1428571492
86646  -25.317  -16.427  -17.401 0.1428571492
86627  -27.509  -16.899  -16.262 0.1428571492
89420  -25.926  -15.168  -18.334 0.1428571492
89404  -26.498  -15.179  -17.222 0.1428571492
88080  -28.821  -16.381  -16.793 0.1428571492
89405  -27.270  -14.889  -17.132 0.1428571492
88095  -27.858  -15.294  -17.185 0.1428571492
88120  -24.528  -15.453  -19.023 0.1428571492
90785  -26.557  -14.583  -17.752 0.1428571492
89407  -28.738  -14.909  -17.366 0.1428571492
90788  -28.905  -13.998  -17.406 0.1428571492
90806  -30.069  -13.271  -18.023 0.1428571492
92293  -30.481  -12.470  -17.859 0.1428571492
108220  -24.273  -0.538  -22.233 0.1428571492
86626  -26.179  -16.626  -16.596 0.1428571492
86611  -28.039  -17.327  -16.206 0.1428571492
83457  -23.408  -18.357  -15.650 0.1428571492
85041  -22.897  -17.130  -16.054 0.1428571492
85061  -24.347  -16.710  -17.064 0.1428571492
111983  -25.059  2.597  -21.546 0.1428571492
88098  -30.292  -15.904  -17.888 0.1428571492
85043  -24.393  -17.086  -16.394 0.1428571492
83475  -24.737  -18.034  -16.086 0.1428571492
89408  -29.628  -14.934  -17.329 0.1428571492
85044  -25.177  -17.290  -16.514 0.1428571492
86643  -23.027  -15.809  -17.240 0.1428571492
86665  -24.881  -16.311  -18.142 0.1428571492
88109  -25.661  -15.769  -18.170 0.1428571492
88094  -25.929  -15.893  -17.473 0.1428571492
86647  -25.762  -16.272  -17.123 0.1428571492
89419  -25.306  -15.099  -18.873 0.1428571492
88078  -26.803  -15.874  -16.865 0.1428571492
89406  -27.946  -14.798  -17.392 0.1428571492
88091  -23.629  -15.326  -18.020 0.1428571492
83456  -22.702  -18.012  -15.440 0.1428571492
77366  -24.265  -22.426  -10.239 0.4285714328
77409  -22.947  -21.989  -13.135 0.1428571492
77416  -38.402  -21.944  -14.469 0.1428571492
77437  -38.301  -21.894  -16.223 0.1428571492
78853  -38.561  -21.435  -14.802 0.1428571492
78892  -38.791  -21.259  -17.176 0.1428571492
78904  -38.451  -21.373  -17.328 0.1428571492
80405  -22.923  -20.854  -14.083 0.1428571492
80457  -38.993  -20.744  -17.020 0.1428571492
80465  -38.433  -21.180  -17.368 0.1428571492
81815  -28.338  -19.344  -11.735 0.1428571492
81830  -28.010  -19.248  -12.185 0.2857142985
81848  -27.049  -19.813  -13.206 0.4285714328
81855  -38.520  -20.376  -14.809 0.1428571492
83356  -36.807  -17.853  -11.250 0.1428571492
83374  -28.634  -18.937  -12.118 0.2857142985
83393  -27.756  -19.110  -12.958 0.2857142985
83416  -27.960  -19.030  -13.201 0.2857142985
83424  -36.852  -18.176  -13.854 0.1428571492
83459  -26.904  -19.168  -16.053 0.2857142985
83463  -35.023  -18.388  -15.183 0.1428571492
83473  -23.296  -17.735  -15.905 0.1428571492
83489  -29.785  -18.762  -18.638 0.7142857313
83490  -30.040  -18.967  -18.340 0.7142857313
83492  -38.040  -18.586  -18.399 0.1428571492
83500  -29.755  -18.679  -19.105 0.7142857313
83502  -30.450  -18.858  -18.657 0.7142857313
83504  -39.063  -18.281  -18.735 0.2857142985
83507  -29.871  -18.461  -19.293 0.5714285970
83508  -30.123  -18.606  -19.326 0.5714285970
84951  -36.944  -17.575  -10.915 0.1428571492
84972  -36.978  -17.361  -11.433 0.1428571492
84993  -37.074  -16.772  -11.553 0.1428571492
85037  -38.591  -17.855  -17.208 0.1428571492
85056  -38.570  -17.529  -17.295 0.1428571492
85057  -38.841  -17.832  -17.734 0.1428571492
85067  -36.696  -17.700  -17.580 0.2857142985
85069  -38.184  -18.352  -18.721 0.2857142985
85070  -39.118  -17.921  -18.459 0.2857142985
85076  -29.813  -17.845  -19.115 0.5714285970
85080  -38.559  -18.132  -19.146 0.2857142985
85081  -39.177  -17.982  -19.162 0.2857142985
85086  -30.121  -18.033  -19.410 0.5714285970
85087  -30.906  -17.982  -19.629 0.5714285970
85097  -31.706  -17.287  -20.579 0.5714285970
85099  -37.131  -17.373  -21.566 0.7142857313
85100  -37.504  -17.240  -21.746 0.5714285970
85109  -36.447  -17.264  -21.730 0.7142857313
85110  -37.041  -17.248  -22.109 0.5714285970
85119  -36.634  -17.035  -22.329 0.7142857313
86599  -36.873  -16.609  -14.514 0.1428571492
86610  -27.810  -17.272  -16.139 0.1428571492
86624  -23.931  -16.668  -16.980 0.1428571492
86649  -30.358  -16.704  -18.284 0.2857142985
86654  -37.660  -17.828  -18.749 0.2857142985
86656  -38.771  -17.406  -17.972 0.1428571492
86666  -29.855  -17.587  -18.775 0.5714285970
86668  -31.112  -16.676  -19.179 0.4285714328
86697  -31.542  -16.968  -20.501 0.4285714328
86716  -34.243  -16.735  -21.499 0.5714285970
86718  -37.372  -16.876  -22.041 0.5714285970
86719  -37.727  -17.079  -21.793 0.5714285970
87981  -36.744  -14.906  -10.895 0.1428571492
88003  -36.857  -15.464  -11.027 0.1428571492
88020  -36.740  -15.088  -12.222 0.1428571492
88059  -37.028  -15.901  -14.805 0.1428571492
88079  -27.781  -15.927  -16.858 0.1428571492
88093  -25.543  -16.048  -17.991 0.1428571492
88096  -28.434  -15.552  -17.126 0.2857142985
88107  -24.229  -15.756  -18.611 0.1428571492
88108  -25.101  -15.807  -18.572 0.1428571492
88121  -31.488  -16.340  -19.569 0.4285714328
88145  -34.774  -16.434  -21.625 0.7142857313
89331  -36.776  -14.343  -11.705 0.1428571492
89386  -36.053  -13.750  -15.478 0.1428571492
89394  -26.736  -15.396  -16.904 0.1428571492
89395  -27.018  -15.343  -16.854 0.1428571492
89422  -31.621  -14.539  -18.404 0.2857142985
89463  -33.220  -14.627  -22.167 0.8571428657
89474  -34.476  -14.264  -23.175 0.7142857313
90661  -37.493  -13.291  -9.993 0.1428571492
90688  -36.924  -13.775  -11.302 0.1428571492
90709  -37.034  -13.142  -11.184 0.1428571492
90836  -32.641  -14.205  -21.066 0.5714285970
90851  -34.158  -13.695  -22.886 0.8571428657
92122  -39.356  -12.216  -8.756 0.1428571492
92143  -39.731  -11.730  -9.055 0.1428571492
92171  -37.730  -12.402  -10.051 0.1428571492
92189  -36.874  -12.752  -12.222 0.1428571492
92255  -35.669  -12.661  -15.796 0.1428571492
92296  -34.789  -11.985  -18.975 0.4285714328
92310  -32.876  -12.504  -19.653 0.4285714328
92312  -34.788  -12.018  -19.332 0.4285714328
92313  -35.156  -12.488  -19.622 0.4285714328
92335  -34.977  -11.953  -20.719 0.4285714328
92346  -33.889  -12.792  -22.572 0.7142857313
92360  -34.172  -12.385  -23.199 0.8571428657
92363  -35.839  -12.510  -24.160 0.7142857313
92374  -35.790  -12.609  -25.180 0.7142857313
92381  -35.535  -12.270  -25.523 0.7142857313
92383  -36.432  -12.131  -25.811 0.7142857313
93594  -38.855  -11.655  -9.117 0.1428571492
93595  -39.016  -11.800  -8.937 0.1428571492
93740  -31.868  -11.343  -19.033 0.2857142985
93759  -32.261  -11.560  -19.192 0.4285714328
93777  -34.885  -11.532  -19.603 0.2857142985
93793  -35.157  -11.489  -20.277 0.4285714328
93794  -35.795  -11.040  -20.478 0.4285714328
93825  -32.942  -11.406  -23.406 0.7142857313
93828  -36.033  -11.422  -23.247 0.5714285970
93829  -36.225  -11.855  -23.859 0.5714285970
93840  -33.988  -11.410  -24.352 0.8571428657
93842  -36.240  -11.699  -25.290 0.7142857313
93843  -36.288  -11.855  -24.978 0.7142857313
93851  -35.697  -11.846  -25.662 0.7142857313
93852  -36.214  -11.804  -25.611 0.7142857313
93853  -36.438  -12.015  -25.571 0.7142857313
95031  -38.582  -10.826  -9.728 0.1428571492
95145  -31.786  -10.907  -19.014 0.2857142985
95146  -31.936  -11.124  -19.172 0.2857142985
95163  -31.710  -10.408  -18.711 0.4285714328
95208  -32.237  -10.890  -23.047 0.8571428657
95218  -31.831  -10.360  -24.165 0.8571428657
95221  -35.408  -10.692  -24.373 0.8571428657
95222  -35.997  -11.178  -24.030 0.7142857313
95223  -36.228  -11.602  -24.439 0.7142857313
95236  -36.018  -11.444  -25.025 0.7142857313
95247  -35.850  -11.646  -25.610 0.7142857313
95248  -35.924  -11.543  -25.429 0.7142857313
96539  -29.794  -9.060  -17.938 0.1428571492
96557  -31.311  -9.522  -18.304 0.2857142985
96607  -30.607  -9.295  -24.349 0.8571428657
96621  -34.304  -9.427  -24.255 0.4285714328
96626  -30.782  -8.821  -25.299 0.7142857313
96627  -31.144  -9.171  -25.364 0.7142857313
96628  -31.783  -9.258  -25.139 0.5714285970
97837  -29.884  -8.760  -17.978 0.1428571492
97838  -30.499  -8.500  -17.917 0.1428571492
97881  -32.293  -8.586  -20.968 0.5714285970
97882  -35.108  -8.254  -21.234 0.1428571492
97897  -35.185  -8.833  -21.457 0.4285714328
97908  -29.958  -8.064  -24.380 0.8571428657
97909  -30.291  -8.625  -23.956 1.0000000000
97910  -34.392  -8.766  -24.045 0.4285714328
97917  -31.528  -8.205  -25.093 0.5714285970
97929  -31.027  -8.535  -25.388 0.7142857313
99087  -30.773  -8.050  -17.921 0.1428571492
99088  -30.973  -8.256  -17.861 0.1428571492
99103  -31.974  -7.965  -18.693 0.2857142985
99153  -31.051  -7.693  -22.835 1.0000000000
99161  -30.196  -7.747  -23.629 1.0000000000
99184  -28.662  -7.361  -26.285 0.7142857313
99196  -28.537  -7.145  -26.389 0.4285714328
99197  -28.975  -7.163  -26.542 0.4285714328
100429  -31.349  -6.451  -22.762 1.0000000000
100438  -29.690  -7.335  -24.255 0.7142857313
100441  -33.668  -7.122  -23.928 0.2857142985
100451  -29.652  -6.091  -24.517 0.8571428657
100455  -34.172  -5.962  -24.176 0.1428571492
100474  -28.491  -6.519  -27.138 0.4285714328
100475  -29.193  -6.541  -27.038 0.2857142985
100484  -28.725  -6.176  -27.664 0.4285714328
100485  -29.153  -6.170  -27.567 0.4285714328
101596  -30.404  -5.650  -18.308 0.1428571492
101609  -28.146  -4.991  -18.694 0.1428571492
101643  -31.642  -4.887  -22.388 1.0000000000
101644  -32.054  -5.109  -21.929 1.0000000000
101657  -31.689  -5.255  -22.376 1.0000000000
101668  -30.636  -5.219  -23.335 0.8571428657
101670  -33.884  -5.247  -24.024 0.1428571492
101671  -34.215  -5.496  -23.653 0.1428571492
101680  -29.248  -5.866  -25.241 0.8571428657
101681  -29.763  -5.499  -24.650 0.8571428657
101682  -32.931  -5.635  -24.644 0.1428571492
101683  -33.734  -5.690  -24.312 0.1428571492
101692  -28.598  -5.744  -26.163 0.7142857313
101693  -30.455  -5.774  -26.212 0.2857142985
101695  -32.376  -5.235  -25.182 0.4285714328
101704  -27.777  -5.946  -27.362 0.4285714328
101705  -28.020  -5.644  -26.811 0.4285714328
101707  -31.328  -5.279  -26.989 0.1428571492
101716  -29.342  -5.710  -27.804 0.2857142985
101718  -30.886  -5.466  -27.927 0.1428571492
101726  -29.674  -5.252  -28.170 0.2857142985
101728  -30.509  -5.440  -28.226 0.1428571492
102832  -27.685  -4.658  -18.960 0.1428571492
102851  -27.659  -4.137  -19.041 0.1428571492
102870  -32.008  -4.438  -21.681 0.8571428657
102884  -31.330  -4.477  -22.692 0.8571428657
102894  -33.026  -4.971  -24.294 0.1428571492
102895  -33.607  -4.642  -24.053 0.1428571492
102906  -30.029  -4.769  -24.523 0.8571428657
102907  -32.733  -4.858  -24.810 0.1428571492
102928  -28.205  -5.458  -27.210 0.4285714328
102929  -28.741  -5.044  -26.652 0.5714285970
102941  -28.224  -5.625  -27.468 0.4285714328
102943  -29.755  -4.274  -27.688 0.2857142985
102958  -29.449  -5.172  -27.983 0.2857142985
104091  -29.431  -3.859  -18.682 0.2857142985
104109  -27.918  -3.693  -19.009 0.2857142985
104111  -31.781  -3.574  -19.465 0.2857142985
104146  -31.976  -3.855  -21.542 0.7142857313
104169  -30.523  -4.102  -23.622 0.8571428657
104170  -31.079  -3.893  -23.395 0.8571428657
104171  -33.765  -4.244  -23.957 0.1428571492
104183  -33.579  -4.137  -24.232 0.1428571492
104192  -30.017  -3.956  -25.308 0.8571428657
104194  -32.970  -4.232  -25.515 0.2857142985
104208  -29.440  -4.344  -26.141 0.8571428657
104209  -29.712  -3.555  -26.438 0.5714285970
105403  -29.352  -2.988  -18.452 0.2857142985
105418  -25.394  -2.778  -20.273 0.1428571492
105419  -25.511  -2.707  -20.112 0.1428571492
105422  -31.623  -2.665  -19.139 0.4285714328
105439  -25.718  -2.447  -19.911 0.1428571492
105441  -27.377  -3.043  -19.013 0.2857142985
105463  -31.620  -3.032  -22.008 1.0000000000
105483  -31.968  -2.166  -22.374 0.8571428657
105513  -31.542  -2.474  -24.716 0.8571428657
106789  -29.796  -1.306  -18.209 0.2857142985
106797  -31.301  -1.763  -18.692 0.4285714328
106805  -27.482  -1.467  -19.110 0.1428571492
106806  -27.934  -2.246  -18.459 0.2857142985
106807  -28.888  -2.161  -18.927 0.2857142985
106808  -31.670  -1.737  -19.505 0.4285714328
106856  -31.852  -2.156  -23.714 0.8571428657
106857  -32.292  -1.596  -23.832 0.8571428657
106865  -31.845  -1.770  -25.217 0.7142857313
106874  -31.755  -1.592  -25.888 0.4285714328
106875  -32.198  -1.258  -25.677 0.8571428657
106885  -31.409  -1.409  -26.615 0.5714285970
106904  -30.432  -1.646  -28.555 0.1428571492
108162  -29.635  -1.091  -18.222 0.2857142985
108163  -29.864  -1.013  -18.284 0.2857142985
108170  -30.193  -0.782  -18.544 0.2857142985
108171  -30.953  -1.005  -18.677 0.4285714328
108193  -32.334  -0.844  -20.558 0.8571428657
108205  -25.849  -0.659  -21.206 0.1428571492
108253  -31.894  -1.096  -26.888 0.5714285970
108262  -31.786  -0.052  -27.066 0.2857142985
109506  -30.910  -0.359  -18.909 0.4285714328
109527  -28.440  0.829  -19.805 0.1428571492
109528  -30.334  1.187  -19.872 0.4285714328
109531  -32.623  -0.248  -20.845 0.8571428657
109569  -32.825  0.330  -23.800 1.0000000000
109578  -33.080  0.698  -24.989 0.7142857313
109583  -32.646  0.364  -25.782 0.7142857313
109613  -30.452  -0.246  -29.997 0.2857142985
110775  -29.746  1.374  -20.112 0.2857142985
110777  -31.284  1.512  -20.482 0.5714285970
110788  -32.494  0.955  -21.513 0.8571428657
110822  -33.048  0.815  -24.781 0.7142857313
110829  -33.174  0.993  -25.024 0.7142857313
110836  -32.425  1.157  -26.275 0.5714285970
110865  -31.176  0.967  -29.487 0.1428571492
111972  -30.887  1.968  -20.450 0.5714285970
111986  -28.713  2.429  -21.633 0.2857142985
111988  -30.256  2.757  -20.860 0.4285714328
112017  -32.416  2.051  -23.343 1.0000000000
112026  -32.630  2.201  -23.923 0.8571428657
113142  -29.722  3.227  -21.902 0.2857142985
113143  -30.271  3.219  -21.455 0.4285714328
113144  -30.722  2.995  -21.176 0.4285714328
113180  -29.601  4.088  -23.497 0.2857142985
113264  -29.032  3.992  -34.106 0.1428571492
113269  -29.545  3.495  -34.362 0.1428571492
114347  -28.219  3.992  -22.954 0.2857142985
114348  -28.573  3.949  -22.720 0.2857142985
114379  -25.003  5.283  -25.567 0.4285714328
114385  -29.732  4.175  -24.270 0.2857142985
114402  -25.300  5.245  -25.918 0.4285714328
114421  -25.707  5.153  -26.138 0.4285714328
114475  -27.999  4.985  -33.573 0.1428571492
114476  -28.696  4.790  -33.875 0.1428571492
114479  -29.063  4.372  -34.217 0.1428571492
114480  -29.290  4.518  -34.364 0.1428571492
115526  -24.647  5.547  -25.733 0.4285714328
115527  -24.886  5.478  -26.125 0.4285714328
115528  -25.976  5.066  -26.173 0.4285714328
115548  -28.531  5.440  -26.392 0.7142857313
115575  -26.977  6.275  -28.515 0.2857142985
115576  -27.734  6.131  -28.544 0.2857142985
115596  -25.938  6.342  -31.400 0.2857142985
115598  -27.033  5.681  -30.974 0.2857142985
115605  -26.102  6.416  -31.569 0.1428571492
115609  -29.456  5.730  -32.753 0.1428571492
115611  -26.903  5.899  -32.878 0.1428571492
115613  -27.650  5.318  -32.424 0.2857142985
115616  -27.157  5.948  -33.185 0.1428571492
115618  -28.295  5.421  -33.712 0.1428571492
115619  -28.965  5.121  -33.967 0.1428571492
115621  -29.310  4.894  -34.523 0.1428571492
115622  -29.484  4.786  -34.413 0.1428571492
116661  -24.480  6.224  -25.714 0.1428571492
116692  -25.259  6.489  -27.864 0.2857142985
116715  -24.634  7.033  -29.746 0.2857142985
116719  -27.451  6.224  -29.246 0.2857142985
116727  -24.796  6.850  -30.218 0.2857142985
116734  -25.666  6.664  -31.276 0.2857142985
116740  -26.763  6.260  -32.285 0.1428571492
116743  -28.540  6.014  -33.336 0.1428571492
116744  -26.969  6.173  -32.941 0.1428571492
116745  -27.399  6.119  -33.215 0.1428571492
116746  -27.910  6.015  -33.748 0.1428571492
117749  -24.559  7.462  -29.831 0.2857142985
117773  -24.883  6.958  -30.554 0.2857142985
117774  -25.186  7.142  -30.846 0.1428571492
117775  -25.621  7.466  -30.645 0.1428571492
117779  -25.615  6.884  -31.305 0.1428571492
117781  -26.494  7.331  -31.286 0.1428571492
