#!ascii label  , from subject sub-01 vox2ras=TkReg
1875
76269  55.568  -19.560  56.574 0.0000000000
56184  35.501  -32.570  62.034 0.0000000000
53234  25.995  -34.196  62.322 0.0000000000
56147  17.973  -32.233  65.467 0.0000000000
47672  32.542  -38.559  67.000 0.0000000000
51841  32.822  -36.143  57.408 0.0000000000
66051  47.531  -26.126  55.280 0.0000000000
87185  56.817  -12.617  48.596 0.0000000000
68792  46.400  -24.287  60.622 0.0000000000
62702  41.435  -27.949  59.050 0.0000000000
62870  37.688  -28.140  51.399 0.0000000000
53177  25.346  -34.725  66.863 0.0000000000
54721  21.997  -33.235  62.971 0.0000000000
56067  21.598  -32.484  69.283 0.0000000000
50354  29.676  -36.251  64.692 0.0000000000
79328  48.695  -18.850  61.915 0.0000000000
59138  36.324  -30.991  68.133 0.0000000000
64281  36.534  -27.231  64.893 0.0000000000
62579  41.350  -28.070  63.390 0.0000000000
60994  37.470  -29.306  59.511 0.0000000000
66058  39.489  -26.621  55.099 0.0000000000
57730  37.998  -31.624  56.155 0.0000000000
50478  28.498  -36.298  55.040 0.0000000000
54953  31.285  -32.798  53.073 0.0000000000
82624  54.963  -14.775  52.861 0.0000000000
82672  52.553  -16.059  49.674 0.0000000000
53341  26.303  -34.099  56.287 0.0000000000
54852  21.710  -33.008  56.300 0.0000000000
49036  36.500  -37.599  63.963 0.0000000000
50402  38.193  -35.951  58.738 0.0000000000
47745  34.529  -38.738  61.647 0.0000000000
49089  30.002  -36.771  58.966 0.0000000000
73320  50.754  -21.906  55.456 0.0000000000
60785  18.907  -29.369  72.080 0.0000000000
54597  14.757  -33.564  70.258 0.0000000000
85597  55.763  -14.140  54.657 0.0000000000
80995  52.674  -16.653  57.246 0.0000000000
76212  48.651  -19.533  58.469 0.0000000000
67380  48.421  -25.469  59.483 0.0000000000
59317  49.614  -29.568  59.953 0.0000000000
70136  42.546  -23.738  63.879 0.0000000000
57666  45.005  -31.211  62.205 0.0000000000
62753  45.892  -28.119  56.495 0.0000000000
67500  43.843  -25.478  52.982 0.0000000000
56275  35.642  -32.218  54.022 0.0000000000
53129  24.523  -33.873  69.119 0.0000000000
54632  22.948  -33.192  68.504 0.0000000000
56046  22.641  -32.475  69.930 0.0000000000
51687  26.073  -35.305  68.369 0.0000000000
56140  36.344  -32.303  65.597 0.0000000000
60908  36.059  -29.388  63.501 0.0000000000
62606  37.281  -27.847  62.241 0.0000000000
59356  36.034  -30.394  60.184 0.0000000000
61048  36.602  -29.765  57.874 0.0000000000
56219  35.669  -33.132  58.329 0.0000000000
50480  26.613  -36.414  54.623 0.0000000000
51969  27.856  -35.336  52.841 0.0000000000
79465  55.505  -18.003  55.055 0.0000000000
79495  54.097  -17.341  53.913 0.0000000000
74787  54.801  -20.073  55.484 0.0000000000
54792  26.172  -33.691  59.168 0.0000000000
54850  23.997  -33.170  56.608 0.0000000000
54794  24.302  -33.448  59.519 0.0000000000
54704  20.105  -32.627  64.313 0.0000000000
54763  19.580  -32.743  61.502 0.0000000000
54746  17.608  -32.793  62.740 0.0000000000
54709  15.707  -33.324  64.209 0.0000000000
50302  35.740  -36.028  67.297 0.0000000000
46331  35.514  -38.768  65.860 0.0000000000
46366  36.417  -39.252  63.090 0.0000000000
47696  34.240  -38.720  64.559 0.0000000000
51769  28.465  -35.199  63.434 0.0000000000
51797  31.198  -35.534  61.449 0.0000000000
53248  28.713  -34.401  60.489 0.0000000000
53314  28.256  -35.171  57.734 0.0000000000
70322  47.657  -23.272  54.299 0.0000000000
68918  50.425  -24.282  53.554 0.0000000000
67530  47.836  -25.421  52.601 0.0000000000
51647  16.026  -35.797  72.130 0.0000000000
79443  50.214  -17.307  57.495 0.0000000000
79408  49.709  -17.552  59.680 0.0000000000
73182  47.731  -21.422  61.498 0.0000000000
70152  49.418  -22.420  61.304 0.0000000000
67348  48.017  -25.206  60.570 0.0000000000
65951  49.322  -27.812  59.611 0.0000000000
64353  47.793  -27.883  60.558 0.0000000000
60938  41.216  -29.453  61.356 0.0000000000
59259  42.824  -30.763  62.955 0.0000000000
60958  43.401  -29.267  60.511 0.0000000000
60986  45.500  -29.380  59.475 0.0000000000
64435  44.305  -27.718  58.118 0.0000000000
66053  44.830  -26.791  55.580 0.0000000000
66035  43.119  -26.276  56.513 0.0000000000
67535  40.153  -25.809  52.703 0.0000000000
50432  35.768  -36.339  57.300 0.0000000000
53359  37.022  -34.604  55.820 0.0000000000
53387  34.115  -33.979  55.404 0.0000000000
59498  32.332  -31.131  50.991 0.0000000000
79596  59.783  -17.455  47.895 0.0000000000
84219  56.881  -14.918  47.205 0.0000000000
51755  25.840  -34.566  64.421 0.0000000000
54739  23.880  -33.653  62.318 0.0000000000
53195  23.687  -33.726  65.135 0.0000000000
54668  21.751  -32.916  66.380 0.0000000000
56105  19.806  -32.202  67.562 0.0000000000
48955  29.577  -37.467  69.367 0.0000000000
50339  31.319  -37.256  65.798 0.0000000000
50305  28.672  -36.771  67.337 0.0000000000
50344  27.349  -35.730  65.977 0.0000000000
80951  49.452  -16.350  61.295 0.0000000000
74686  45.544  -20.182  61.034 0.0000000000
65900  39.313  -26.525  63.832 0.0000000000
64359  39.285  -27.865  61.513 0.0000000000
62686  39.360  -28.479  59.116 0.0000000000
64492  40.233  -26.743  57.193 0.0000000000
62726  38.155  -28.063  57.159 0.0000000000
62785  38.194  -28.928  55.041 0.0000000000
61131  38.309  -29.828  53.752 0.0000000000
50451  30.393  -36.723  56.407 0.0000000000
53389  31.941  -34.047  55.280 0.0000000000
53415  29.831  -34.365  53.913 0.0000000000
85649  54.763  -13.716  50.902 0.0000000000
84207  54.380  -14.429  48.357 0.0000000000
82626  53.609  -15.803  52.564 0.0000000000
54778  21.824  -33.060  60.357 0.0000000000
53186  36.564  -34.123  66.459 0.0000000000
51766  35.619  -35.445  63.288 0.0000000000
51809  35.901  -35.098  59.941 0.0000000000
50382  37.185  -37.449  61.426 0.0000000000
47789  36.115  -38.071  59.716 0.0000000000
49105  33.692  -37.512  59.044 0.0000000000
50374  32.600  -36.505  62.983 0.0000000000
47770  31.765  -37.801  60.347 0.0000000000
47823  31.203  -38.056  58.382 0.0000000000
49123  29.289  -37.450  57.584 0.0000000000
50453  27.206  -36.309  56.482 0.0000000000
73293  53.258  -21.539  57.039 0.0000000000
71766  54.493  -22.389  57.073 0.0000000000
70269  52.452  -23.375  56.155 0.0000000000
57500  20.125  -31.110  70.394 0.0000000000
56071  18.145  -31.611  68.824 0.0000000000
59102  16.341  -30.939  71.532 0.0000000000
57565  15.735  -31.981  68.276 0.0000000000
87120  55.782  -12.301  51.697 0.0000000000
82605  55.662  -14.973  53.769 0.0000000000
79453  55.546  -17.739  56.161 0.0000000000
77805  54.451  -18.390  57.298 0.0000000000
76272  51.580  -19.688  56.284 0.0000000000
74763  48.557  -20.218  56.203 0.0000000000
71770  47.338  -22.342  57.124 0.0000000000
73209  49.263  -19.817  60.471 0.0000000000
71730  48.317  -22.315  59.300 0.0000000000
67404  47.786  -25.685  57.192 0.0000000000
64434  49.858  -27.899  58.347 0.0000000000
60981  51.076  -29.448  58.967 0.0000000000
70201  43.812  -23.460  60.367 0.0000000000
64277  42.403  -27.041  64.905 0.0000000000
62602  43.590  -28.207  63.031 0.0000000000
64356  45.764  -27.823  60.830 0.0000000000
59285  47.581  -30.271  61.534 0.0000000000
61017  47.473  -29.387  58.789 0.0000000000
66079  41.555  -25.667  54.617 0.0000000000
54824  38.089  -33.792  57.527 0.0000000000
56261  38.352  -32.592  54.985 0.0000000000
59479  36.826  -30.202  52.143 0.0000000000
56277  33.683  -32.583  53.726 0.0000000000
59481  34.760  -30.809  52.242 0.0000000000
54594  23.225  -32.847  69.535 0.0000000000
56045  23.227  -32.410  69.715 0.0000000000
56172  35.790  -32.653  63.716 0.0000000000
59207  36.288  -30.634  64.999 0.0000000000
57649  35.752  -31.127  62.950 0.0000000000
59292  35.952  -30.200  62.061 0.0000000000
57669  35.494  -31.762  61.498 0.0000000000
59382  35.580  -31.374  59.300 0.0000000000
56204  35.369  -32.744  60.251 0.0000000000
76296  55.580  -19.370  55.891 0.0000000000
76309  55.347  -19.074  55.330 0.0000000000
74757  55.561  -20.301  56.215 0.0000000000
53265  26.553  -33.922  60.457 0.0000000000
54793  25.351  -33.658  59.575 0.0000000000
54775  24.912  -33.571  60.557 0.0000000000
54689  18.426  -32.316  65.339 0.0000000000
54725  18.345  -32.527  63.604 0.0000000000
54707  17.098  -32.479  64.301 0.0000000000
54727  16.585  -32.849  63.558 0.0000000000
54690  16.837  -32.538  64.809 0.0000000000
47629  31.982  -37.655  68.837 0.0000000000
47644  33.216  -37.606  67.974 0.0000000000
47655  34.627  -38.131  67.088 0.0000000000
46319  33.961  -38.819  66.785 0.0000000000
46349  34.547  -39.162  65.005 0.0000000000
47685  33.205  -38.427  66.160 0.0000000000
53219  26.888  -34.531  62.790 0.0000000000
51800  28.224  -34.442  61.492 0.0000000000
53250  27.055  -34.079  61.099 0.0000000000
53264  27.335  -34.069  60.178 0.0000000000
68870  46.878  -24.367  54.923 0.0000000000
68921  47.513  -24.249  53.574 0.0000000000
66103  47.512  -25.793  53.345 0.0000000000
84022  51.211  -15.106  59.033 0.0000000000
80977  50.855  -15.502  58.865 0.0000000000
82488  50.228  -15.450  60.082 0.0000000000
71681  46.986  -22.357  61.254 0.0000000000
70155  48.039  -22.948  61.737 0.0000000000
67349  47.407  -25.054  60.690 0.0000000000
65934  47.493  -26.573  60.539 0.0000000000
65935  46.719  -26.558  60.629 0.0000000000
60990  41.428  -28.919  59.926 0.0000000000
60959  42.215  -29.177  60.386 0.0000000000
62682  42.458  -28.388  59.723 0.0000000000
62681  43.798  -28.487  59.553 0.0000000000
64468  43.167  -27.227  57.879 0.0000000000
66009  43.603  -26.705  57.291 0.0000000000
66010  42.506  -26.665  57.524 0.0000000000
51840  33.754  -35.702  57.225 0.0000000000
51865  35.049  -35.213  56.420 0.0000000000
51866  33.875  -35.102  56.404 0.0000000000
84217  58.667  -14.660  47.875 0.0000000000
85721  57.435  -14.001  47.402 0.0000000000
51739  25.198  -34.629  65.663 0.0000000000
53194  24.610  -34.257  65.301 0.0000000000
53179  23.970  -33.798  66.304 0.0000000000
54633  21.981  -32.811  68.510 0.0000000000
54650  22.341  -33.214  67.451 0.0000000000
54651  21.414  -32.757  67.528 0.0000000000
54669  20.694  -32.594  66.503 0.0000000000
56084  21.083  -32.510  68.473 0.0000000000
48941  28.412  -36.840  69.802 0.0000000000
48979  28.868  -37.206  68.381 0.0000000000
48958  27.785  -36.636  68.621 0.0000000000
53148  25.646  -35.049  68.121 0.0000000000
51719  26.800  -35.682  66.701 0.0000000000
51720  25.890  -35.252  66.522 0.0000000000
51754  26.658  -34.858  64.476 0.0000000000
62534  36.059  -28.107  65.685 0.0000000000
65837  36.637  -26.684  66.441 0.0000000000
65860  38.067  -25.846  65.872 0.0000000000
67311  38.916  -25.581  65.230 0.0000000000
65902  37.693  -26.315  64.490 0.0000000000
60941  37.055  -29.038  61.078 0.0000000000
64361  38.155  -27.554  62.018 0.0000000000
62662  38.462  -28.514  60.787 0.0000000000
60962  39.297  -28.667  60.388 0.0000000000
60993  38.495  -28.729  59.364 0.0000000000
62705  38.683  -28.395  58.387 0.0000000000
61020  38.087  -28.733  58.616 0.0000000000
59416  37.189  -30.679  56.233 0.0000000000
61069  37.067  -29.527  56.761 0.0000000000
61092  37.780  -29.779  55.713 0.0000000000
61111  38.374  -29.888  54.610 0.0000000000
59435  38.344  -30.745  55.244 0.0000000000
50464  29.374  -36.535  55.746 0.0000000000
51918  30.410  -34.985  55.163 0.0000000000
50477  28.975  -35.966  55.118 0.0000000000
84159  54.938  -14.478  52.406 0.0000000000
82643  54.178  -14.934  51.614 0.0000000000
82625  54.416  -15.117  52.406 0.0000000000
79496  53.055  -17.378  53.392 0.0000000000
53393  26.101  -34.712  55.399 0.0000000000
54904  25.374  -33.955  55.266 0.0000000000
53237  22.778  -33.576  62.744 0.0000000000
54760  22.485  -33.223  61.293 0.0000000000
54761  21.550  -33.001  61.324 0.0000000000
54800  17.846  -33.173  59.949 0.0000000000
54799  18.833  -33.009  59.598 0.0000000000
50338  36.488  -36.386  66.074 0.0000000000
51715  36.526  -35.282  66.746 0.0000000000
51734  36.614  -35.471  65.946 0.0000000000
53203  36.256  -34.514  64.857 0.0000000000
50362  35.830  -36.256  63.635 0.0000000000
50373  35.794  -36.341  62.628 0.0000000000
49044  36.820  -37.798  62.741 0.0000000000
46404  35.129  -39.146  62.119 0.0000000000
46401  36.602  -38.721  61.193 0.0000000000
47766  35.251  -38.654  60.742 0.0000000000
49084  34.527  -37.782  59.595 0.0000000000
47792  33.541  -38.191  60.158 0.0000000000
50340  30.733  -36.850  65.716 0.0000000000
50351  32.477  -37.146  64.637 0.0000000000
50364  31.677  -36.439  63.898 0.0000000000
50396  30.759  -36.113  60.178 0.0000000000
50395  31.388  -36.385  60.611 0.0000000000
49087  31.289  -37.368  60.111 0.0000000000
47794  31.373  -38.023  59.581 0.0000000000
47795  30.606  -37.967  58.975 0.0000000000
49122  30.268  -37.746  57.707 0.0000000000
49109  29.404  -36.948  58.364 0.0000000000
53316  27.131  -34.226  57.185 0.0000000000
51844  27.570  -35.668  56.972 0.0000000000
51871  26.725  -35.599  56.194 0.0000000000
73305  51.824  -21.574  56.302 0.0000000000
71789  52.931  -22.359  56.729 0.0000000000
71809  51.239  -22.591  55.561 0.0000000000
68917  51.453  -24.643  53.768 0.0000000000
59084  19.550  -29.871  71.270 0.0000000000
57523  19.007  -31.100  69.717 0.0000000000
59100  17.979  -30.423  70.858 0.0000000000
54577  15.587  -33.661  72.285 0.0000000000
56049  15.218  -32.413  70.730 0.0000000000
57525  15.844  -31.518  69.928 0.0000000000
56072  15.185  -32.532  68.787 0.0000000000
54652  15.001  -33.539  67.116 0.0000000000
54616  14.474  -33.845  68.381 0.0000000000
88672  56.424  -11.470  50.831 0.0000000000
85615  55.738  -13.651  53.771 0.0000000000
84135  56.026  -14.895  54.847 0.0000000000
81038  55.855  -16.527  55.023 0.0000000000
82562  55.825  -15.762  55.175 0.0000000000
79424  53.896  -16.716  56.937 0.0000000000
79439  54.499  -17.366  57.045 0.0000000000
79440  53.605  -17.246  57.059 0.0000000000
76241  52.889  -19.456  56.922 0.0000000000
79454  52.409  -18.373  56.746 0.0000000000
77809  49.175  -18.549  57.432 0.0000000000
76274  49.149  -19.135  56.633 0.0000000000
76275  48.414  -19.668  56.849 0.0000000000
73308  47.679  -21.352  56.305 0.0000000000
73294  47.867  -20.953  58.003 0.0000000000
79327  49.261  -18.037  61.978 0.0000000000
79407  49.508  -17.823  60.707 0.0000000000
74683  49.193  -19.274  61.234 0.0000000000
68791  48.663  -23.904  60.218 0.0000000000
70215  48.961  -22.695  60.569 0.0000000000
68805  48.387  -24.293  59.299 0.0000000000
68814  48.056  -24.447  58.476 0.0000000000
67390  48.400  -25.411  58.724 0.0000000000
66005  49.224  -27.364  57.673 0.0000000000
65971  49.018  -27.065  59.134 0.0000000000
62656  49.345  -28.655  60.211 0.0000000000
62654  50.193  -28.671  59.464 0.0000000000
60982  50.536  -29.318  59.371 0.0000000000
59351  49.399  -29.703  59.665 0.0000000000
71684  42.574  -23.226  62.520 0.0000000000
64279  41.060  -27.069  64.384 0.0000000000
64232  41.895  -26.791  65.548 0.0000000000
62555  42.304  -28.339  64.868 0.0000000000
57647  43.943  -31.267  62.912 0.0000000000
60888  43.876  -29.418  64.054 0.0000000000
60905  44.517  -29.661  63.393 0.0000000000
62630  44.649  -28.406  61.659 0.0000000000
59258  45.772  -29.981  62.574 0.0000000000
60917  47.073  -29.784  61.921 0.0000000000
57644  46.382  -31.249  62.467 0.0000000000
62698  45.530  -28.772  58.394 0.0000000000
61018  46.615  -29.333  58.733 0.0000000000
62722  46.620  -28.519  57.270 0.0000000000
62721  47.552  -28.596  57.232 0.0000000000
62751  47.113  -28.500  56.361 0.0000000000
64508  46.326  -27.954  55.566 0.0000000000
66076  44.471  -25.853  54.205 0.0000000000
66104  45.452  -26.482  53.309 0.0000000000
66038  39.765  -26.542  55.859 0.0000000000
66056  41.341  -25.797  55.345 0.0000000000
67450  40.314  -26.080  54.820 0.0000000000
67534  41.222  -25.334  52.495 0.0000000000
51818  37.595  -35.704  59.225 0.0000000000
53297  37.394  -34.738  58.611 0.0000000000
51828  38.585  -35.156  57.985 0.0000000000
54898  35.954  -33.606  54.789 0.0000000000
54896  37.771  -33.265  55.180 0.0000000000
57752  36.922  -31.988  54.376 0.0000000000
57761  37.358  -31.276  54.046 0.0000000000
57773  35.816  -31.209  53.177 0.0000000000
54903  31.268  -33.745  54.340 0.0000000000
54928  32.883  -33.051  54.208 0.0000000000
56279  32.047  -32.467  53.199 0.0000000000
57790  33.085  -31.048  51.833 0.0000000000
61175  34.821  -29.792  51.108 0.0000000000
84195  53.629  -15.012  49.251 0.0000000000
84221  54.408  -15.535  47.414 0.0000000000
71786  55.949  -22.245  56.180 0.0000000000
53150  24.304  -33.878  68.456 0.0000000000
53164  24.212  -33.872  67.427 0.0000000000
53130  23.872  -33.539  69.107 0.0000000000
54613  23.224  -33.076  69.284 0.0000000000
56047  21.955  -32.423  69.989 0.0000000000
53128  25.592  -34.354  69.076 0.0000000000
56122  36.491  -32.116  66.643 0.0000000000
60848  36.000  -29.682  67.691 0.0000000000
57590  36.248  -30.938  66.538 0.0000000000
60875  35.948  -29.182  65.871 0.0000000000
62580  36.299  -28.397  64.082 0.0000000000
64307  36.733  -27.583  63.689 0.0000000000
60923  36.291  -29.414  62.429 0.0000000000
60942  36.403  -29.539  61.512 0.0000000000
60995  36.624  -29.788  59.722 0.0000000000
61022  36.791  -29.709  58.918 0.0000000000
59381  35.896  -30.576  58.884 0.0000000000
57707  35.789  -31.412  57.969 0.0000000000
57731  37.059  -31.846  56.568 0.0000000000
50479  27.559  -36.347  54.619 0.0000000000
51948  27.947  -35.721  54.041 0.0000000000
50493  27.172  -35.958  53.407 0.0000000000
81058  55.258  -16.545  54.144 0.0000000000
81059  54.639  -16.545  53.697 0.0000000000
77877  55.091  -18.056  54.291 0.0000000000
77859  54.692  -18.639  54.500 0.0000000000
54830  26.254  -33.601  57.747 0.0000000000
54849  25.087  -33.341  56.740 0.0000000000
54831  25.367  -33.497  57.675 0.0000000000
54816  23.759  -33.323  58.515 0.0000000000
54817  22.719  -33.012  58.449 0.0000000000
54723  20.253  -32.749  63.397 0.0000000000
54743  20.397  -32.842  62.383 0.0000000000
54744  19.450  -32.608  62.504 0.0000000000
54764  18.612  -32.739  61.662 0.0000000000
53239  15.732  -33.928  62.213 0.0000000000
49010  35.830  -37.441  66.531 0.0000000000
47695  36.467  -38.172  64.625 0.0000000000
47710  36.733  -38.526  63.520 0.0000000000
46347  36.164  -38.994  64.668 0.0000000000
46368  34.818  -39.175  64.091 0.0000000000
47726  34.299  -38.582  62.520 0.0000000000
51752  28.582  -35.566  64.477 0.0000000000
51767  30.243  -35.784  63.285 0.0000000000
51784  29.385  -35.190  62.397 0.0000000000
51799  29.322  -34.763  61.221 0.0000000000
51812  29.531  -34.861  59.924 0.0000000000
51829  29.146  -35.868  58.303 0.0000000000
53280  28.418  -34.375  58.941 0.0000000000
54811  27.455  -33.974  58.390 0.0000000000
71830  48.558  -22.650  54.615 0.0000000000
71828  50.179  -23.081  54.635 0.0000000000
70346  48.585  -23.584  53.489 0.0000000000
68938  48.921  -24.600  52.500 0.0000000000
53089  16.073  -34.680  72.590 0.0000000000
53108  14.975  -34.999  70.668 0.0000000000
51680  14.515  -35.275  69.012 0.0000000000
50270  15.400  -36.687  69.892 0.0000000000
80985  52.132  -15.930  57.706 0.0000000000
79442  51.326  -17.295  57.082 0.0000000000
80997  50.743  -16.612  57.714 0.0000000000
80998  50.113  -16.836  58.000 0.0000000000
79427  49.440  -18.164  58.920 0.0000000000
74665  48.306  -19.854  61.653 0.0000000000
73179  48.816  -20.865  61.039 0.0000000000
71652  48.743  -22.014  61.342 0.0000000000
68759  48.509  -23.652  61.186 0.0000000000
67364  48.288  -25.145  60.111 0.0000000000
67379  48.437  -26.231  59.690 0.0000000000
67347  48.120  -26.401  60.218 0.0000000000
64352  48.622  -28.000  60.269 0.0000000000
60933  48.873  -29.079  60.677 0.0000000000
62631  41.414  -28.945  62.176 0.0000000000
60907  42.207  -29.258  63.636 0.0000000000
59291  42.271  -30.121  61.674 0.0000000000
59290  43.149  -30.976  61.966 0.0000000000
59289  44.338  -30.895  61.688 0.0000000000
59288  45.380  -30.851  61.540 0.0000000000
60987  44.681  -29.183  59.904 0.0000000000
62680  45.037  -28.771  59.120 0.0000000000
62724  45.156  -28.052  57.513 0.0000000000
64510  45.328  -27.353  55.725 0.0000000000
66033  44.679  -27.077  56.549 0.0000000000
66054  43.781  -26.061  55.540 0.0000000000
66077  43.190  -25.679  54.647 0.0000000000
64558  38.779  -27.285  53.970 0.0000000000
66137  39.773  -26.300  53.323 0.0000000000
66138  39.232  -26.641  52.658 0.0000000000
66169  39.223  -26.284  51.641 0.0000000000
66207  39.071  -26.049  49.653 0.0000000000
50416  36.495  -36.750  57.837 0.0000000000
51837  37.547  -35.637  57.047 0.0000000000
50447  36.323  -35.737  56.656 0.0000000000
53386  35.632  -34.163  55.211 0.0000000000
56265  34.890  -33.164  54.470 0.0000000000
56313  31.362  -32.062  52.005 0.0000000000
57809  31.310  -31.413  50.768 0.0000000000
81137  59.594  -16.125  48.024 0.0000000000
81155  58.755  -16.067  47.948 0.0000000000
81157  56.884  -16.780  47.498 0.0000000000
51787  26.023  -34.356  63.065 0.0000000000
53235  25.265  -33.683  62.464 0.0000000000
53221  24.962  -33.827  63.474 0.0000000000
53222  23.945  -33.763  63.235 0.0000000000
54701  22.791  -33.562  64.160 0.0000000000
54649  23.340  -33.516  67.368 0.0000000000
54667  22.881  -33.318  66.093 0.0000000000
54685  21.949  -33.137  65.184 0.0000000000
56145  20.706  -32.589  65.089 0.0000000000
54670  19.772  -32.431  66.230 0.0000000000
56127  18.655  -32.045  66.299 0.0000000000
47659  30.802  -38.177  67.912 0.0000000000
47686  32.152  -38.284  66.370 0.0000000000
49001  30.535  -37.875  67.658 0.0000000000
49014  29.897  -37.258  66.880 0.0000000000
50326  28.862  -36.607  66.543 0.0000000000
50286  27.487  -36.352  68.098 0.0000000000
50327  28.071  -36.243  66.470 0.0000000000
51735  28.438  -35.796  65.280 0.0000000000
51753  27.603  -35.234  64.448 0.0000000000
64507  48.836  -27.396  55.862 0.0000000000
64555  48.471  -27.490  53.888 0.0000000000
64554  48.969  -28.023  54.520 0.0000000000
83985  50.124  -15.064  60.577 0.0000000000
77666  48.372  -18.769  62.123 0.0000000000
76141  47.899  -19.420  61.853 0.0000000000
74685  46.789  -20.490  60.971 0.0000000000
73241  46.017  -21.665  60.496 0.0000000000
65859  40.050  -26.017  65.189 0.0000000000
65899  39.963  -26.713  63.574 0.0000000000
64332  37.645  -27.441  62.595 0.0000000000
64331  38.695  -27.189  62.369 0.0000000000
64329  40.489  -27.718  62.410 0.0000000000
60939  40.154  -28.885  61.004 0.0000000000
60991  40.661  -28.909  59.881 0.0000000000
62703  40.635  -28.042  58.805 0.0000000000
64469  41.171  -26.904  58.052 0.0000000000
64439  40.286  -27.583  58.218 0.0000000000
64472  39.021  -27.446  57.131 0.0000000000
64494  38.638  -27.514  56.294 0.0000000000
61047  37.252  -29.169  57.670 0.0000000000
62754  37.908  -28.189  55.875 0.0000000000
64512  38.440  -27.770  55.311 0.0000000000
64533  38.599  -28.042  54.431 0.0000000000
62830  38.394  -28.792  53.169 0.0000000000
61153  38.037  -29.417  52.933 0.0000000000
51868  31.696  -35.988  57.054 0.0000000000
51894  31.901  -35.160  56.253 0.0000000000
53365  31.417  -34.850  55.797 0.0000000000
53414  30.649  -34.149  54.329 0.0000000000
54930  30.735  -33.562  53.627 0.0000000000
51947  28.712  -35.279  53.828 0.0000000000
53439  29.280  -34.006  53.145 0.0000000000
87186  56.038  -12.624  49.031 0.0000000000
85704  55.869  -13.382  48.139 0.0000000000
85662  54.587  -13.800  50.217 0.0000000000
84182  53.779  -14.855  50.379 0.0000000000
82644  53.374  -15.470  51.359 0.0000000000
82608  53.695  -16.157  53.061 0.0000000000
81092  53.101  -16.200  52.123 0.0000000000
54758  24.263  -33.596  61.389 0.0000000000
54777  22.817  -33.288  60.377 0.0000000000
54818  21.589  -33.021  58.359 0.0000000000
54779  20.788  -32.934  60.385 0.0000000000
54819  20.396  -32.858  58.297 0.0000000000
56121  36.667  -32.566  67.200 0.0000000000
54662  36.522  -32.804  66.166 0.0000000000
54695  35.963  -33.531  64.382 0.0000000000
53218  35.473  -34.449  62.832 0.0000000000
53247  35.439  -34.442  60.496 0.0000000000
51781  35.543  -35.412  62.183 0.0000000000
51795  36.375  -36.290  60.996 0.0000000000
50393  37.328  -37.086  60.662 0.0000000000
47724  37.082  -38.614  61.948 0.0000000000
49067  37.354  -37.633  60.193 0.0000000000
49081  37.052  -37.395  59.081 0.0000000000
49103  35.492  -37.312  58.670 0.0000000000
50418  34.689  -36.805  58.295 0.0000000000
50435  32.731  -36.852  58.095 0.0000000000
49031  32.508  -37.628  65.240 0.0000000000
49037  33.589  -37.680  63.567 0.0000000000
49054  33.358  -37.744  62.021 0.0000000000
50375  31.764  -35.982  62.803 0.0000000000
49055  32.956  -37.320  61.896 0.0000000000
47768  33.467  -38.414  60.752 0.0000000000
47793  32.465  -38.130  59.692 0.0000000000
49106  32.513  -37.682  58.844 0.0000000000
50436  31.833  -36.891  57.560 0.0000000000
49130  30.769  -37.237  56.997 0.0000000000
50452  29.855  -37.133  56.359 0.0000000000
49142  28.829  -37.068  56.037 0.0000000000
50437  28.478  -36.328  57.664 0.0000000000
49134  27.744  -37.069  56.744 0.0000000000
50466  27.529  -36.693  55.834 0.0000000000
74736  54.700  -20.475  57.282 0.0000000000
73290  54.998  -21.330  57.095 0.0000000000
71767  53.787  -22.468  57.196 0.0000000000
68893  51.353  -23.988  54.514 0.0000000000
68868  52.606  -24.365  55.452 0.0000000000
64584  48.296  -27.151  52.902 0.0000000000
57519  22.959  -31.619  70.000 0.0000000000
57497  22.301  -31.683  70.349 0.0000000000
57520  21.342  -31.857  70.119 0.0000000000
59097  20.955  -30.998  70.551 0.0000000000
57521  20.621  -31.646  69.899 0.0000000000
56069  19.794  -31.899  68.930 0.0000000000
56070  18.970  -31.675  68.822 0.0000000000
56107  18.081  -31.700  67.212 0.0000000000
59086  17.362  -30.063  71.735 0.0000000000
59118  17.434  -30.680  70.190 0.0000000000
57563  16.654  -31.597  68.575 0.0000000000
56108  16.969  -31.625  67.076 0.0000000000
56130  15.950  -32.476  66.415 0.0000000000
87161  57.511  -11.993  49.007 0.0000000000
87136  56.268  -12.026  50.287 0.0000000000
85648  55.305  -13.211  51.540 0.0000000000
84158  55.372  -14.303  52.906 0.0000000000
88626  55.962  -12.257  52.514 0.0000000000
85616  55.641  -13.739  53.210 0.0000000000
82606  55.233  -15.409  53.551 0.0000000000
81039  55.618  -16.487  54.622 0.0000000000
79464  55.621  -17.574  55.343 0.0000000000
76268  55.702  -18.920  56.849 0.0000000000
81007  55.338  -16.840  56.271 0.0000000000
77804  55.162  -18.264  57.262 0.0000000000
76238  55.178  -19.305  57.204 0.0000000000
74758  53.425  -20.233  57.140 0.0000000000
74760  52.112  -20.641  56.492 0.0000000000
74761  50.870  -20.574  55.916 0.0000000000
77831  51.162  -18.694  56.288 0.0000000000
74762  49.584  -19.976  55.787 0.0000000000
74789  49.717  -20.835  55.596 0.0000000000
73323  47.803  -21.837  55.512 0.0000000000
70296  47.177  -23.089  55.340 0.0000000000
68847  46.764  -24.301  55.614 0.0000000000
79384  49.910  -16.717  60.039 0.0000000000
77752  49.486  -18.851  59.922 0.0000000000
76189  49.184  -19.853  59.633 0.0000000000
73239  49.001  -21.365  61.025 0.0000000000
73266  48.817  -21.292  60.403 0.0000000000
74713  48.536  -20.936  59.093 0.0000000000
71746  47.759  -22.367  58.196 0.0000000000
68827  47.270  -24.461  56.722 0.0000000000
66032  47.815  -26.298  56.256 0.0000000000
64489  49.077  -27.405  56.679 0.0000000000
64488  49.812  -27.920  56.907 0.0000000000
65970  49.706  -28.015  59.238 0.0000000000
64432  50.769  -28.587  58.649 0.0000000000
73243  44.335  -21.319  61.003 0.0000000000
70200  44.912  -23.388  60.225 0.0000000000
67324  42.437  -25.608  64.243 0.0000000000
62554  42.990  -28.785  64.963 0.0000000000
64300  43.168  -27.623  63.875 0.0000000000
67337  42.503  -25.790  63.194 0.0000000000
67368  42.766  -25.693  61.211 0.0000000000
65955  44.606  -26.699  60.370 0.0000000000
65954  45.792  -26.610  60.512 0.0000000000
64354  47.041  -27.821  60.849 0.0000000000
62627  47.462  -29.001  61.361 0.0000000000
59318  48.640  -29.851  60.621 0.0000000000
59354  46.527  -30.131  60.025 0.0000000000
59353  47.407  -30.193  60.017 0.0000000000
59352  48.462  -29.923  59.817 0.0000000000
61016  48.539  -29.551  58.951 0.0000000000
64531  46.005  -27.461  54.748 0.0000000000
64557  46.053  -27.220  53.661 0.0000000000
66036  41.937  -26.109  56.552 0.0000000000
66078  42.170  -25.716  54.685 0.0000000000
67473  42.565  -25.379  53.955 0.0000000000
67503  41.037  -25.485  53.444 0.0000000000
67502  41.953  -25.348  53.231 0.0000000000
54790  35.897  -33.985  59.036 0.0000000000
54826  36.635  -33.482  57.882 0.0000000000
56240  37.842  -32.362  56.707 0.0000000000
53334  38.250  -34.281  56.487 0.0000000000
54869  38.758  -32.765  56.049 0.0000000000
57740  39.068  -31.903  55.519 0.0000000000
57760  38.056  -31.322  54.353 0.0000000000
61132  37.776  -30.024  53.222 0.0000000000
61172  37.121  -29.627  51.769 0.0000000000
54875  33.094  -34.055  55.209 0.0000000000
54927  33.837  -33.151  54.371 0.0000000000
56276  34.668  -32.662  54.064 0.0000000000
57777  32.458  -31.519  52.262 0.0000000000
57775  34.151  -31.372  52.608 0.0000000000
57774  35.128  -31.474  52.890 0.0000000000
59480  35.897  -30.637  52.561 0.0000000000
59494  36.184  -29.962  51.852 0.0000000000
84220  55.533  -14.751  47.322 0.0000000000
82694  56.366  -16.065  47.058 0.0000000000
82708  55.844  -16.757  47.463 0.0000000000
73303  55.541  -21.038  56.407 0.0000000000
56173  35.628  -32.668  62.900 0.0000000000
57631  35.717  -32.138  63.220 0.0000000000
57650  35.620  -31.689  62.581 0.0000000000
57682  35.426  -31.851  60.560 0.0000000000
56195  35.434  -32.610  61.144 0.0000000000
74735  55.301  -20.346  56.800 0.0000000000
53251  26.317  -34.014  61.371 0.0000000000
53266  25.745  -33.752  60.658 0.0000000000
53252  25.659  -33.775  61.592 0.0000000000
54706  18.096  -32.437  64.710 0.0000000000
56164  17.864  -32.414  65.061 0.0000000000
56148  16.989  -32.179  65.450 0.0000000000
47646  31.884  -38.037  68.478 0.0000000000
47645  32.719  -37.664  68.270 0.0000000000
47657  32.769  -38.277  67.683 0.0000000000
46307  33.569  -38.464  67.300 0.0000000000
46320  33.257  -38.644  67.120 0.0000000000
46333  33.835  -38.821  66.238 0.0000000000
47671  33.378  -38.696  66.689 0.0000000000
53233  26.779  -34.401  62.008 0.0000000000
67448  47.106  -25.099  54.910 0.0000000000
67471  47.311  -25.093  53.911 0.0000000000
66074  47.447  -25.970  54.268 0.0000000000
82503  50.750  -15.273  59.284 0.0000000000
84003  50.676  -14.846  59.693 0.0000000000
70177  46.650  -23.299  61.117 0.0000000000
68776  47.086  -24.142  61.107 0.0000000000
67350  46.756  -25.205  60.580 0.0000000000
62683  41.672  -28.439  59.565 0.0000000000
60989  41.880  -28.711  59.973 0.0000000000
62701  42.016  -27.969  59.291 0.0000000000
64410  42.893  -27.890  59.196 0.0000000000
64437  42.269  -27.337  58.633 0.0000000000
65986  41.952  -26.759  58.055 0.0000000000
51867  32.816  -35.520  56.693 0.0000000000
87184  57.874  -12.739  48.176 0.0000000000
87207  58.313  -13.516  47.916 0.0000000000
85703  57.045  -13.281  47.837 0.0000000000
51721  25.400  -34.840  66.175 0.0000000000
53178  24.790  -34.413  66.476 0.0000000000
50255  28.554  -36.298  70.557 0.0000000000
48957  28.100  -36.916  69.077 0.0000000000
50275  27.851  -36.373  69.641 0.0000000000
53162  25.498  -34.908  67.538 0.0000000000
64257  36.348  -27.453  66.058 0.0000000000
65862  36.656  -26.821  65.757 0.0000000000
65861  37.167  -26.340  65.905 0.0000000000
65884  36.864  -26.609  65.428 0.0000000000
65883  37.353  -26.330  65.160 0.0000000000
64280  37.161  -26.585  64.548 0.0000000000
60964  37.245  -29.263  60.283 0.0000000000
62663  37.682  -28.741  60.724 0.0000000000
60963  38.099  -28.865  60.149 0.0000000000
61021  37.488  -29.175  58.581 0.0000000000
59436  37.938  -30.862  55.725 0.0000000000
57742  38.418  -31.350  55.715 0.0000000000
82607  54.198  -15.861  53.225 0.0000000000
53367  26.285  -34.472  56.013 0.0000000000
54877  25.776  -33.839  55.993 0.0000000000
53238  22.402  -33.408  62.805 0.0000000000
54741  22.228  -33.300  62.218 0.0000000000
54821  17.892  -33.284  58.892 0.0000000000
49029  36.507  -37.259  65.210 0.0000000000
50350  36.534  -36.246  65.378 0.0000000000
51750  36.439  -35.487  65.140 0.0000000000
50361  36.319  -36.517  64.430 0.0000000000
50372  36.188  -37.048  63.205 0.0000000000
46403  35.437  -39.047  61.524 0.0000000000
47744  34.895  -38.792  61.138 0.0000000000
47791  34.437  -38.208  60.198 0.0000000000
47767  34.350  -38.587  60.739 0.0000000000
50353  30.688  -36.514  64.814 0.0000000000
50365  30.658  -36.159  63.723 0.0000000000
50405  30.333  -36.336  59.504 0.0000000000
50404  30.861  -36.762  59.897 0.0000000000
49088  30.460  -37.337  59.231 0.0000000000
49108  30.098  -37.716  58.405 0.0000000000
54847  26.722  -33.934  57.179 0.0000000000
53340  26.919  -34.580  56.497 0.0000000000
53366  26.480  -35.067  55.860 0.0000000000
71810  50.326  -22.591  55.071 0.0000000000
59085  18.514  -29.887  71.454 0.0000000000
59099  19.240  -30.455  70.510 0.0000000000
54596  14.962  -33.636  71.391 0.0000000000
56028  15.471  -32.482  71.765 0.0000000000
56050  15.120  -32.513  69.687 0.0000000000
54615  14.617  -33.471  69.126 0.0000000000
90223  56.897  -11.060  50.716 0.0000000000
90186  56.966  -10.267  50.985 0.0000000000
87072  55.671  -13.109  54.212 0.0000000000
82561  56.138  -15.067  54.931 0.0000000000
84105  56.077  -15.026  55.033 0.0000000000
79425  53.538  -16.503  57.040 0.0000000000
79441  52.586  -17.646  56.859 0.0000000000
77779  48.616  -19.107  58.104 0.0000000000
76242  48.796  -18.916  57.330 0.0000000000
76243  48.489  -19.434  57.610 0.0000000000
74739  47.995  -20.351  57.223 0.0000000000
79326  49.395  -18.073  61.241 0.0000000000
157237  48.889  -19.003  61.706 0.0000000000
65972  48.692  -26.098  59.000 0.0000000000
65985  48.708  -26.456  58.468 0.0000000000
60954  49.247  -29.350  60.370 0.0000000000
60953  50.131  -29.132  59.894 0.0000000000
59316  50.165  -29.390  59.796 0.0000000000
59350  50.242  -29.616  59.363 0.0000000000
70156  42.483  -23.853  63.098 0.0000000000
64302  41.329  -27.708  63.988 0.0000000000
64278  41.650  -27.632  64.661 0.0000000000
62578  41.757  -28.478  64.087 0.0000000000
57646  44.715  -31.367  62.843 0.0000000000
57627  44.392  -31.073  63.341 0.0000000000
57626  45.260  -31.098  63.186 0.0000000000
60904  45.195  -29.952  62.986 0.0000000000
59231  45.738  -30.552  63.004 0.0000000000
59230  46.407  -30.748  62.741 0.0000000000
57665  45.932  -31.294  62.020 0.0000000000
62723  45.671  -28.356  57.351 0.0000000000
61046  46.182  -28.975  58.024 0.0000000000
62752  46.298  -28.334  56.527 0.0000000000
62783  46.576  -28.256  55.678 0.0000000000
62784  46.129  -28.171  56.110 0.0000000000
66105  44.783  -25.891  52.688 0.0000000000
66057  40.289  -26.166  55.325 0.0000000000
66080  39.940  -26.328  54.659 0.0000000000
51817  38.226  -35.547  58.674 0.0000000000
50414  38.292  -35.931  58.226 0.0000000000
56264  35.403  -33.018  54.456 0.0000000000
56263  36.349  -32.744  54.512 0.0000000000
56274  36.287  -32.070  54.221 0.0000000000
57762  36.344  -31.460  53.727 0.0000000000
57763  35.570  -31.669  53.470 0.0000000000
54929  31.860  -33.114  53.804 0.0000000000
82657  53.170  -15.459  50.040 0.0000000000
82671  52.955  -15.708  48.985 0.0000000000
54595  22.685  -32.732  69.699 0.0000000000
53106  24.982  -33.942  69.425 0.0000000000
53149  25.220  -34.518  68.447 0.0000000000
57603  36.242  -31.327  65.717 0.0000000000
59235  35.918  -30.521  64.141 0.0000000000
60892  35.948  -29.569  64.752 0.0000000000
62556  35.943  -28.455  65.034 0.0000000000
59326  35.976  -30.244  61.155 0.0000000000
60965  36.511  -29.667  60.630 0.0000000000
57708  35.571  -31.935  58.731 0.0000000000
57719  36.177  -31.684  57.152 0.0000000000
57720  35.771  -32.359  57.718 0.0000000000
79478  55.416  -17.447  54.649 0.0000000000
79494  54.888  -17.354  54.102 0.0000000000
77858  55.274  -18.461  54.855 0.0000000000
76297  55.186  -19.622  55.531 0.0000000000
76310  54.828  -19.352  55.031 0.0000000000
54813  26.493  -33.675  58.481 0.0000000000
54814  25.716  -33.576  58.545 0.0000000000
54815  24.778  -33.553  58.569 0.0000000000
54833  23.317  -33.023  57.514 0.0000000000
54795  23.262  -33.254  59.450 0.0000000000
54724  19.312  -32.543  63.490 0.0000000000
54745  18.497  -32.626  62.632 0.0000000000
54765  17.730  -32.938  61.855 0.0000000000
54766  16.971  -33.203  62.029 0.0000000000
54783  16.983  -33.214  61.198 0.0000000000
54728  15.967  -33.169  63.604 0.0000000000
54748  16.094  -33.340  62.897 0.0000000000
53225  15.533  -33.936  63.209 0.0000000000
53211  15.100  -34.116  64.164 0.0000000000
50282  33.944  -36.644  67.835 0.0000000000
47670  34.932  -38.329  66.804 0.0000000000
48998  34.973  -37.616  67.047 0.0000000000
47669  35.401  -38.167  66.594 0.0000000000
47668  35.988  -37.864  66.307 0.0000000000
46330  35.949  -38.709  65.412 0.0000000000
46385  34.915  -39.097  62.863 0.0000000000
47711  34.403  -38.676  63.498 0.0000000000
51768  29.455  -35.582  63.467 0.0000000000
53262  28.924  -34.544  59.483 0.0000000000
53263  28.173  -34.169  59.878 0.0000000000
53282  26.829  -33.937  59.447 0.0000000000
53300  27.331  -33.978  58.962 0.0000000000
54791  26.632  -33.807  58.937 0.0000000000
54829  27.063  -33.847  57.779 0.0000000000
70321  48.941  -23.094  54.061 0.0000000000
70347  47.926  -23.749  53.449 0.0000000000
68920  48.296  -24.357  53.011 0.0000000000
67529  48.410  -25.281  52.148 0.0000000000
67528  49.466  -25.042  52.110 0.0000000000
66166  48.470  -26.110  51.729 0.0000000000
53107  15.524  -34.805  71.765 0.0000000000
51663  15.573  -36.033  71.220 0.0000000000
51664  15.270  -36.255  70.396 0.0000000000
82516  51.789  -15.500  58.147 0.0000000000
80978  50.050  -15.983  59.306 0.0000000000
80987  50.129  -16.573  58.536 0.0000000000
79426  49.765  -17.332  58.442 0.0000000000
73181  48.135  -21.215  61.587 0.0000000000
73180  48.445  -21.145  61.329 0.0000000000
71653  48.379  -22.113  61.614 0.0000000000
68760  48.182  -23.627  61.466 0.0000000000
67334  48.149  -24.160  61.116 0.0000000000
68774  48.537  -23.996  60.670 0.0000000000
67363  48.234  -26.231  60.034 0.0000000000
65933  48.062  -26.890  60.337 0.0000000000
62625  48.833  -28.602  60.507 0.0000000000
62626  48.355  -28.692  60.786 0.0000000000
60922  42.119  -29.675  62.527 0.0000000000
59324  42.717  -30.091  61.020 0.0000000000
59323  43.753  -30.296  61.104 0.0000000000
60957  44.339  -29.621  60.616 0.0000000000
60988  44.090  -29.063  60.252 0.0000000000
62700  44.131  -28.015  58.622 0.0000000000
62699  44.820  -28.223  58.239 0.0000000000
64466  44.813  -27.631  57.274 0.0000000000
66008  44.361  -26.931  57.143 0.0000000000
66034  44.154  -26.517  56.489 0.0000000000
66055  42.608  -25.848  55.575 0.0000000000
64587  38.816  -27.267  53.260 0.0000000000
66196  38.994  -26.195  50.471 0.0000000000
50431  36.670  -36.121  57.134 0.0000000000
50448  35.832  -35.853  56.739 0.0000000000
53337  34.709  -34.773  56.041 0.0000000000
53361  35.218  -34.610  55.766 0.0000000000
54874  34.627  -34.070  55.324 0.0000000000
54899  35.021  -33.711  54.776 0.0000000000
84218  57.910  -14.850  47.501 0.0000000000
82692  58.435  -15.632  47.693 0.0000000000
81156  58.262  -16.582  47.918 0.0000000000
82693  57.519  -15.884  47.319 0.0000000000
51772  25.638  -34.345  63.653 0.0000000000
51788  25.638  -34.041  63.045 0.0000000000
53207  25.085  -34.328  64.348 0.0000000000
53208  24.316  -33.874  64.278 0.0000000000
53209  23.376  -33.677  64.095 0.0000000000
54684  22.817  -33.473  64.774 0.0000000000
54631  23.714  -33.531  68.181 0.0000000000
54686  21.065  -32.677  65.395 0.0000000000
56125  20.055  -32.395  66.955 0.0000000000
54671  19.243  -32.262  66.220 0.0000000000
56126  19.438  -32.249  66.785 0.0000000000
48930  28.988  -36.955  70.573 0.0000000000
48929  29.597  -36.975  70.613 0.0000000000
47631  30.318  -37.603  69.313 0.0000000000
47647  30.967  -38.113  68.660 0.0000000000
47648  30.254  -37.740  68.677 0.0000000000
47660  30.219  -37.776  68.121 0.0000000000
50284  28.625  -36.865  67.930 0.0000000000
49003  29.177  -37.102  67.529 0.0000000000
49015  29.233  -36.908  66.945 0.0000000000
50325  29.563  -36.863  66.480 0.0000000000
51686  26.741  -35.885  68.692 0.0000000000
50307  27.387  -36.160  67.105 0.0000000000
50328  27.494  -35.958  66.432 0.0000000000
50343  28.002  -35.858  65.893 0.0000000000
51736  27.796  -35.563  65.302 0.0000000000
51771  26.392  -34.575  63.511 0.0000000000
64529  48.597  -27.425  54.967 0.0000000000
76121  48.098  -19.050  62.108 0.0000000000
76122  47.748  -18.813  62.119 0.0000000000
77709  46.346  -19.103  61.522 0.0000000000
76143  46.776  -19.437  61.452 0.0000000000
73212  46.694  -21.612  60.828 0.0000000000
74698  45.829  -20.905  60.605 0.0000000000
60862  35.865  -29.373  66.885 0.0000000000
65881  39.280  -25.914  64.652 0.0000000000
67298  39.439  -25.648  65.367 0.0000000000
65880  40.188  -26.564  64.306 0.0000000000
62607  36.703  -28.170  62.706 0.0000000000
64333  37.086  -27.485  63.163 0.0000000000
62634  38.848  -28.146  61.238 0.0000000000
64360  38.718  -27.635  61.692 0.0000000000
64330  39.755  -27.459  62.055 0.0000000000
62633  39.777  -28.267  61.325 0.0000000000
62632  40.681  -28.666  61.683 0.0000000000
60992  39.744  -28.634  59.815 0.0000000000
62685  40.191  -28.453  59.290 0.0000000000
62704  39.722  -28.073  58.549 0.0000000000
62725  39.150  -27.769  57.860 0.0000000000
62786  37.728  -28.897  55.630 0.0000000000
62755  37.489  -28.778  56.309 0.0000000000
62812  38.695  -28.973  54.076 0.0000000000
51869  30.907  -36.278  56.660 0.0000000000
51895  30.714  -35.587  55.899 0.0000000000
53391  30.312  -34.654  54.679 0.0000000000
51968  28.557  -34.921  53.160 0.0000000000
53440  28.637  -34.389  52.554 0.0000000000
54931  29.877  -33.609  53.214 0.0000000000
85661  55.163  -13.152  50.298 0.0000000000
85684  55.356  -13.070  49.195 0.0000000000
84172  54.076  -14.763  51.133 0.0000000000
81060  53.820  -16.612  53.418 0.0000000000
81076  53.252  -16.535  52.821 0.0000000000
54878  24.793  -33.314  55.771 0.0000000000
54879  23.664  -33.106  55.564 0.0000000000
54738  24.588  -33.569  62.122 0.0000000000
54796  22.208  -33.104  59.391 0.0000000000
54797  21.130  -32.820  59.364 0.0000000000
54762  20.560  -32.907  61.388 0.0000000000
54780  19.731  -32.923  60.485 0.0000000000
54820  19.042  -33.103  58.325 0.0000000000
54798  19.969  -32.966  59.400 0.0000000000
51683  35.610  -35.056  67.837 0.0000000000
53157  36.316  -34.436  67.753 0.0000000000
53170  36.595  -34.166  66.964 0.0000000000
54644  36.731  -33.253  67.334 0.0000000000
54661  36.652  -33.249  66.750 0.0000000000
54677  36.554  -33.865  66.182 0.0000000000
51765  35.959  -35.490  64.285 0.0000000000
53217  35.760  -34.502  63.893 0.0000000000
54713  35.646  -33.537  63.384 0.0000000000
50383  36.678  -36.971  61.777 0.0000000000
50384  35.984  -36.158  61.706 0.0000000000
50394  36.927  -36.564  60.668 0.0000000000
47709  37.071  -38.972  62.747 0.0000000000
47725  37.038  -38.443  62.632 0.0000000000
46365  36.791  -39.114  62.268 0.0000000000
47765  36.142  -38.535  60.517 0.0000000000
47742  36.958  -38.486  60.932 0.0000000000
47764  36.823  -38.104  59.947 0.0000000000
47788  36.598  -37.816  59.485 0.0000000000
49102  36.341  -37.252  58.459 0.0000000000
49082  36.198  -37.617  59.136 0.0000000000
49104  34.610  -37.384  58.914 0.0000000000
50419  33.771  -37.027  58.496 0.0000000000
50420  33.164  -37.279  58.630 0.0000000000
49022  31.590  -37.807  66.175 0.0000000000
49021  32.209  -38.020  65.882 0.0000000000
49032  31.762  -37.459  65.544 0.0000000000
50363  32.544  -36.766  64.039 0.0000000000
49038  33.107  -37.207  64.268 0.0000000000
49046  33.181  -37.118  63.187 0.0000000000
49045  33.487  -37.700  62.526 0.0000000000
51783  30.423  -35.453  62.467 0.0000000000
50376  30.898  -35.760  62.912 0.0000000000
51782  31.327  -35.652  62.242 0.0000000000
49069  32.132  -37.255  60.951 0.0000000000
49056  32.450  -36.801  61.575 0.0000000000
49068  32.607  -37.706  61.191 0.0000000000
47747  32.892  -37.873  61.346 0.0000000000
47769  32.504  -38.016  60.678 0.0000000000
47808  31.986  -38.061  59.021 0.0000000000
49107  31.621  -37.938  58.629 0.0000000000
49120  32.030  -37.271  58.083 0.0000000000
49121  31.252  -37.632  57.775 0.0000000000
50450  31.121  -36.848  57.057 0.0000000000
49131  30.310  -37.413  56.937 0.0000000000
49132  29.316  -37.338  56.677 0.0000000000
49133  28.431  -37.407  56.892 0.0000000000
51830  28.717  -35.566  58.054 0.0000000000
50422  29.009  -36.316  58.069 0.0000000000
50438  27.826  -36.374  57.240 0.0000000000
49125  27.695  -36.792  57.036 0.0000000000
49144  27.974  -37.178  56.463 0.0000000000
74738  53.481  -21.135  57.207 0.0000000000
73292  53.692  -21.581  57.260 0.0000000000
71768  53.489  -21.997  57.054 0.0000000000
71788  53.512  -22.893  56.890 0.0000000000
70268  53.287  -23.359  56.571 0.0000000000
70344  50.200  -23.729  54.017 0.0000000000
70319  50.546  -23.533  54.455 0.0000000000
68894  50.651  -23.865  54.117 0.0000000000
68892  52.228  -24.740  54.263 0.0000000000
68867  53.543  -24.943  55.761 0.0000000000
62827  48.630  -27.763  53.198 0.0000000000
57541  23.154  -31.380  69.518 0.0000000000
59115  22.232  -30.882  70.346 0.0000000000
59096  21.741  -30.919  70.476 0.0000000000
57498  21.711  -31.609  70.377 0.0000000000
59098  19.993  -30.699  70.625 0.0000000000
57499  20.882  -31.292  70.390 0.0000000000
57542  20.043  -31.698  69.484 0.0000000000
57544  18.449  -31.322  69.397 0.0000000000
56087  18.569  -31.645  68.104 0.0000000000
59088  16.182  -31.140  71.728 0.0000000000
59074  16.649  -31.117  72.914 0.0000000000
59087  16.420  -30.777  72.131 0.0000000000
59101  16.793  -30.681  71.107 0.0000000000
57524  16.616  -31.018  70.434 0.0000000000
57547  15.624  -31.929  68.574 0.0000000000
57546  16.085  -31.510  68.973 0.0000000000
57564  15.988  -31.739  68.341 0.0000000000
56089  16.451  -31.724  67.859 0.0000000000
57595  16.320  -32.066  66.588 0.0000000000
56110  15.619  -32.664  67.046 0.0000000000
51689  14.737  -35.881  68.687 0.0000000000
88699  57.960  -11.482  49.560 0.0000000000
87162  56.606  -12.121  49.565 0.0000000000
88700  57.085  -11.549  49.901 0.0000000000
88648  56.030  -11.782  51.570 0.0000000000
88673  55.936  -11.861  51.274 0.0000000000
84170  55.157  -13.913  52.222 0.0000000000
85635  55.514  -13.332  52.520 0.0000000000
90160  56.127  -11.284  52.206 0.0000000000
84149  55.811  -14.567  54.268 0.0000000000
85634  55.692  -13.128  53.052 0.0000000000
84150  55.641  -14.419  53.633 0.0000000000
82590  55.510  -15.966  54.255 0.0000000000
81019  55.664  -16.794  55.598 0.0000000000
77847  55.654  -18.472  55.954 0.0000000000
77829  55.734  -18.490  56.461 0.0000000000
82542  55.205  -15.898  56.110 0.0000000000
81008  55.096  -16.405  56.450 0.0000000000
79438  55.168  -17.569  56.964 0.0000000000
76237  55.513  -18.701  57.153 0.0000000000
76239  54.246  -19.505  57.389 0.0000000000
77830  52.210  -18.994  56.635 0.0000000000
76271  52.575  -19.905  56.640 0.0000000000
79456  50.719  -17.889  56.704 0.0000000000
76273  50.404  -19.349  56.026 0.0000000000
74790  49.062  -20.476  55.642 0.0000000000
73322  48.633  -21.209  55.535 0.0000000000
71791  47.349  -22.379  55.929 0.0000000000
70271  46.934  -23.339  56.270 0.0000000000
70272  46.825  -23.603  55.501 0.0000000000
82471  49.665  -15.541  61.010 0.0000000000
80966  49.775  -16.228  60.453 0.0000000000
80965  49.600  -16.637  60.885 0.0000000000
77751  49.446  -18.670  60.646 0.0000000000
157238  49.348  -19.533  59.878 0.0000000000
157231  49.274  -20.029  60.040 0.0000000000
71651  49.075  -22.032  61.178 0.0000000000
71679  49.178  -21.880  61.022 0.0000000000
70216  48.659  -23.131  59.854 0.0000000000
71729  48.785  -22.133  60.339 0.0000000000
73267  48.593  -21.429  59.607 0.0000000000
70230  48.182  -23.369  58.742 0.0000000000
67391  47.933  -25.240  58.104 0.0000000000
68815  47.688  -24.528  57.689 0.0000000000
66031  48.494  -26.829  56.431 0.0000000000
66007  48.164  -26.429  56.845 0.0000000000
64464  49.302  -27.461  57.280 0.0000000000
64463  49.734  -27.763  57.705 0.0000000000
64487  50.261  -28.211  57.447 0.0000000000
62719  50.710  -28.521  57.820 0.0000000000
65952  48.674  -27.056  59.737 0.0000000000
65950  49.714  -28.206  59.418 0.0000000000
62677  50.538  -28.836  59.333 0.0000000000
64407  50.338  -28.430  59.010 0.0000000000
62696  51.102  -28.899  58.698 0.0000000000
71682  43.658  -21.888  61.246 0.0000000000
71710  44.333  -22.330  60.539 0.0000000000
65856  42.152  -26.421  65.384 0.0000000000
67310  42.282  -25.502  65.001 0.0000000000
65879  42.413  -26.402  64.731 0.0000000000
60906  42.605  -30.026  63.353 0.0000000000
60891  42.264  -28.920  64.281 0.0000000000
60890  42.758  -29.432  64.264 0.0000000000
62577  43.707  -28.619  63.629 0.0000000000
62553  43.410  -28.574  64.452 0.0000000000
64328  42.862  -27.298  63.443 0.0000000000
65916  42.642  -26.818  63.267 0.0000000000
65915  42.673  -26.740  62.619 0.0000000000
67352  42.611  -25.292  62.158 0.0000000000
65937  42.938  -26.768  61.886 0.0000000000
62657  45.171  -28.331  61.012 0.0000000000
64386  44.301  -27.503  60.834 0.0000000000
64385  45.099  -27.601  60.622 0.0000000000
67366  45.049  -25.549  60.202 0.0000000000
65936  46.215  -27.245  60.727 0.0000000000
64355  46.329  -27.925  60.892 0.0000000000
62598  47.164  -29.392  61.702 0.0000000000
60935  47.665  -29.694  61.567 0.0000000000
60934  48.299  -29.552  61.160 0.0000000000
59284  48.316  -29.983  61.251 0.0000000000
60956  45.190  -29.807  60.306 0.0000000000
59321  45.846  -30.424  60.697 0.0000000000
59355  45.845  -29.939  59.945 0.0000000000
60984  46.992  -29.719  59.432 0.0000000000
60983  47.777  -29.737  59.456 0.0000000000
66052  45.468  -27.278  55.271 0.0000000000
64586  46.101  -27.078  52.540 0.0000000000
64470  40.655  -26.969  57.796 0.0000000000
66011  41.381  -26.533  57.561 0.0000000000
66012  40.699  -26.547  57.308 0.0000000000
67474  41.712  -25.467  54.069 0.0000000000
67504  40.343  -25.893  53.711 0.0000000000
67567  41.521  -25.187  51.499 0.0000000000
67533  42.223  -25.114  52.307 0.0000000000
54773  35.358  -33.682  59.928 0.0000000000
53261  35.668  -34.402  59.747 0.0000000000
54808  37.869  -34.220  58.039 0.0000000000
54809  37.123  -34.234  58.283 0.0000000000
54825  37.393  -33.602  57.682 0.0000000000
56227  37.649  -32.985  57.176 0.0000000000
56226  38.133  -32.963  56.890 0.0000000000
53336  37.278  -34.991  56.323 0.0000000000
51861  37.995  -34.875  56.692 0.0000000000
53335  37.703  -34.733  56.296 0.0000000000
54895  38.307  -33.159  55.370 0.0000000000
56252  38.558  -32.878  55.406 0.0000000000
56251  38.820  -32.460  55.484 0.0000000000
56260  38.846  -32.234  54.990 0.0000000000
59450  38.706  -31.558  54.908 0.0000000000
57750  38.547  -31.796  54.739 0.0000000000
59465  36.968  -30.542  53.183 0.0000000000
61154  37.493  -29.706  52.447 0.0000000000
53364  32.107  -34.469  55.684 0.0000000000
54876  32.570  -34.030  55.233 0.0000000000
57778  31.816  -31.637  52.005 0.0000000000
57791  32.281  -31.315  51.517 0.0000000000
59482  34.162  -30.863  52.119 0.0000000000
57789  33.733  -30.991  52.120 0.0000000000
61187  35.102  -29.088  50.560 0.0000000000
61174  35.648  -29.515  51.360 0.0000000000
61173  36.533  -29.409  51.472 0.0000000000
78011  60.321  -17.578  47.609 0.0000000000
85705  55.068  -13.693  48.605 0.0000000000
84206  55.101  -13.948  47.969 0.0000000000
82707  56.010  -16.558  47.370 0.0000000000
73302  55.734  -21.677  56.433 0.0000000000
54593  24.173  -33.294  69.414 0.0000000000
54612  23.779  -33.308  69.344 0.0000000000
56025  22.819  -32.152  70.028 0.0000000000
56157  36.066  -32.503  64.639 0.0000000000
57613  36.214  -31.488  64.773 0.0000000000
57630  35.811  -31.563  63.655 0.0000000000
59261  35.905  -30.427  63.032 0.0000000000
59262  35.746  -30.856  62.485 0.0000000000
59293  35.669  -30.928  61.773 0.0000000000
59327  35.662  -31.027  60.845 0.0000000000
59357  35.554  -31.135  59.908 0.0000000000
57694  35.401  -31.964  59.675 0.0000000000
56211  35.375  -32.912  59.300 0.0000000000
77848  55.487  -18.492  55.426 0.0000000000
74786  55.259  -20.278  55.742 0.0000000000
53283  26.037  -33.758  59.910 0.0000000000
53284  25.625  -33.705  60.096 0.0000000000
53267  25.405  -33.671  60.225 0.0000000000
54705  19.182  -32.483  64.490 0.0000000000
54726  17.404  -32.606  63.598 0.0000000000
54747  16.799  -33.020  62.809 0.0000000000
54708  16.358  -32.804  64.251 0.0000000000
54691  16.277  -32.883  65.046 0.0000000000
48976  33.358  -37.253  68.112 0.0000000000
48975  33.772  -37.094  67.766 0.0000000000
47656  33.581  -37.867  67.624 0.0000000000
46306  34.190  -38.448  67.129 0.0000000000
46318  34.784  -38.576  66.656 0.0000000000
46332  34.567  -39.007  65.889 0.0000000000
47684  33.987  -38.790  65.512 0.0000000000
51770  27.415  -34.785  63.358 0.0000000000
51785  28.383  -34.838  62.373 0.0000000000
51786  27.516  -34.564  62.272 0.0000000000
51801  27.474  -34.321  61.563 0.0000000000
53249  27.838  -34.171  60.812 0.0000000000
68895  47.054  -24.274  54.361 0.0000000000
66134  47.645  -25.637  52.869 0.0000000000
51631  16.422  -36.235  72.161 0.0000000000
84021  51.679  -14.723  58.938 0.0000000000
82502  51.506  -15.188  58.657 0.0000000000
71680  47.533  -22.138  61.477 0.0000000000
71654  47.933  -22.189  61.652 0.0000000000
70176  47.417  -23.022  61.584 0.0000000000
68775  47.713  -23.840  61.342 0.0000000000
67335  47.908  -24.348  61.097 0.0000000000
60960  41.267  -29.344  60.451 0.0000000000
59325  41.884  -29.778  60.929 0.0000000000
62660  43.027  -28.744  60.190 0.0000000000
62659  43.410  -28.799  60.162 0.0000000000
64436  43.514  -27.711  58.533 0.0000000000
64467  44.008  -27.263  57.756 0.0000000000
50433  34.784  -36.164  57.544 0.0000000000
50449  35.201  -35.868  56.944 0.0000000000
51839  34.547  -35.579  56.921 0.0000000000
53362  34.121  -34.451  55.809 0.0000000000
84205  58.948  -14.288  48.172 0.0000000000
85720  58.277  -13.928  47.761 0.0000000000
53193  25.349  -34.503  65.024 0.0000000000
56104  20.549  -32.474  67.600 0.0000000000
56085  20.226  -32.224  68.369 0.0000000000
48940  28.931  -37.260  70.008 0.0000000000
48978  29.582  -37.516  68.619 0.0000000000
48956  28.811  -37.358  69.271 0.0000000000
48980  28.221  -36.797  68.405 0.0000000000
51702  26.715  -35.838  67.759 0.0000000000
51703  26.074  -35.368  67.520 0.0000000000
51737  26.813  -35.381  65.539 0.0000000000
51738  25.892  -34.851  65.404 0.0000000000
62513  35.956  -28.350  66.492 0.0000000000
64234  36.154  -27.517  66.928 0.0000000000
65814  36.514  -26.568  67.295 0.0000000000
65835  38.011  -25.629  66.323 0.0000000000
67299  38.905  -25.524  65.736 0.0000000000
67312  38.560  -25.654  65.478 0.0000000000
65882  38.295  -25.850  64.967 0.0000000000
65901  38.395  -26.254  64.098 0.0000000000
62636  36.769  -28.810  61.821 0.0000000000
62635  37.652  -28.076  61.569 0.0000000000
60940  39.640  -28.596  60.849 0.0000000000
62706  37.813  -28.688  57.957 0.0000000000
61070  36.488  -30.230  56.888 0.0000000000
61091  38.222  -29.843  55.128 0.0000000000
59451  38.364  -30.925  54.597 0.0000000000
50463  30.117  -36.268  55.852 0.0000000000
51896  29.930  -35.958  55.596 0.0000000000
51919  29.594  -35.395  54.864 0.0000000000
84171  54.665  -14.309  51.616 0.0000000000
77879  53.652  -18.256  54.138 0.0000000000
54851  22.885  -32.878  56.459 0.0000000000
53236  23.344  -33.716  62.744 0.0000000000
54740  23.008  -33.550  62.104 0.0000000000
54781  18.723  -32.962  60.678 0.0000000000
50323  36.003  -36.520  66.866 0.0000000000
51714  36.479  -34.578  67.264 0.0000000000
53171  36.590  -34.728  66.408 0.0000000000
53187  36.522  -34.543  65.819 0.0000000000
49053  37.084  -37.683  61.881 0.0000000000
46384  35.636  -39.367  62.533 0.0000000000
46383  36.257  -39.285  61.995 0.0000000000
46421  35.650  -38.819  61.083 0.0000000000
46420  35.795  -38.707  60.882 0.0000000000
47790  35.323  -38.262  59.978 0.0000000000
49083  35.397  -37.751  59.350 0.0000000000
49085  33.591  -37.859  59.662 0.0000000000
50352  31.735  -36.944  65.009 0.0000000000
51810  30.912  -35.587  60.689 0.0000000000
47810  30.828  -38.085  58.563 0.0000000000
47824  30.876  -38.020  58.077 0.0000000000
53315  27.712  -34.664  57.422 0.0000000000
51843  28.109  -35.670  57.474 0.0000000000
53339  27.468  -35.121  56.734 0.0000000000
51870  27.183  -35.509  56.533 0.0000000000
50454  26.561  -36.067  56.032 0.0000000000
51922  26.289  -35.325  55.344 0.0000000000
71790  51.871  -22.539  56.158 0.0000000000
70270  51.719  -23.130  55.786 0.0000000000
67497  51.020  -24.793  53.325 0.0000000000
57522  19.652  -31.220  69.951 0.0000000000
59117  18.394  -30.717  69.925 0.0000000000
56015  15.945  -32.621  72.532 0.0000000000
57487  15.939  -31.609  72.060 0.0000000000
57502  16.011  -31.327  71.140 0.0000000000
57501  16.475  -30.989  70.904 0.0000000000
57526  15.476  -31.896  69.189 0.0000000000
56090  15.614  -32.363  67.924 0.0000000000
54634  14.805  -33.185  68.171 0.0000000000
54635  14.584  -33.813  67.741 0.0000000000
88671  57.352  -11.066  50.345 0.0000000000
87119  55.983  -12.006  51.926 0.0000000000
87087  55.639  -12.660  53.167 0.0000000000
82589  55.804  -15.442  54.607 0.0000000000
80994  54.068  -16.364  56.842 0.0000000000
80993  54.814  -16.735  56.717 0.0000000000
77806  53.597  -18.548  57.180 0.0000000000
77807  52.869  -18.782  57.023 0.0000000000
77808  49.779  -17.991  57.047 0.0000000000
77833  49.529  -18.507  56.854 0.0000000000
73307  48.200  -20.846  56.112 0.0000000000
74740  47.761  -20.888  56.837 0.0000000000
73295  47.607  -21.302  57.331 0.0000000000
80933  49.352  -16.955  61.863 0.0000000000
80950  49.509  -16.970  61.219 0.0000000000
80932  49.438  -17.480  61.517 0.0000000000
157233  49.377  -18.727  61.030 0.0000000000
68773  49.156  -23.252  60.857 0.0000000000
70196  49.671  -22.778  60.877 0.0000000000
70198  48.895  -23.089  60.403 0.0000000000
67403  48.331  -25.907  58.005 0.0000000000
66006  48.664  -26.800  57.443 0.0000000000
65984  49.236  -27.320  58.236 0.0000000000
64409  49.495  -27.614  58.684 0.0000000000
64383  49.479  -28.266  59.824 0.0000000000
64382  49.935  -28.455  59.425 0.0000000000
62655  50.016  -28.728  59.667 0.0000000000
62678  50.356  -29.029  59.599 0.0000000000
59349  50.812  -29.671  59.084 0.0000000000
59378  50.154  -29.818  58.749 0.0000000000
71683  43.163  -22.293  62.243 0.0000000000
70178  42.649  -23.395  61.631 0.0000000000
65833  41.214  -26.344  65.580 0.0000000000
64256  41.445  -26.883  65.006 0.0000000000
64255  41.970  -27.146  65.323 0.0000000000
62533  42.385  -27.782  65.209 0.0000000000
57629  43.229  -30.921  63.273 0.0000000000
59234  43.206  -30.421  63.747 0.0000000000
59233  43.984  -30.612  63.763 0.0000000000
59204  44.183  -30.081  63.837 0.0000000000
62576  44.117  -29.111  63.613 0.0000000000
64326  43.922  -28.052  62.236 0.0000000000
62601  44.484  -28.952  62.633 0.0000000000
62600  45.072  -29.123  62.148 0.0000000000
60937  45.730  -29.270  61.868 0.0000000000
60936  45.951  -29.157  61.682 0.0000000000
59257  46.351  -30.253  62.462 0.0000000000
59256  46.833  -30.585  62.366 0.0000000000
57663  47.139  -30.847  61.809 0.0000000000
62679  45.542  -28.997  58.954 0.0000000000
60985  46.222  -29.654  59.381 0.0000000000
61019  45.921  -29.214  58.801 0.0000000000
61045  47.036  -29.010  57.992 0.0000000000
61044  48.004  -29.022  58.063 0.0000000000
64530  46.483  -27.863  55.127 0.0000000000
66075  45.404  -26.816  54.488 0.0000000000
66037  40.609  -26.278  56.518 0.0000000000
67449  40.640  -25.873  54.870 0.0000000000
67475  40.978  -25.643  54.370 0.0000000000
67569  39.791  -25.780  51.888 0.0000000000
67568  40.532  -25.491  51.719 0.0000000000
51819  37.074  -35.382  59.240 0.0000000000
51820  36.534  -35.179  59.494 0.0000000000
53276  37.538  -35.107  58.842 0.0000000000
53296  37.802  -34.679  58.491 0.0000000000
53295  38.268  -34.625  58.176 0.0000000000
53385  36.420  -34.115  55.285 0.0000000000
54872  37.449  -33.918  55.450 0.0000000000
54897  36.878  -33.473  55.082 0.0000000000
56262  37.378  -32.683  54.757 0.0000000000
57751  37.836  -31.954  54.515 0.0000000000
59466  36.256  -30.944  53.162 0.0000000000
54902  32.081  -33.631  54.762 0.0000000000
56278  32.762  -32.492  53.515 0.0000000000
59497  32.801  -30.780  51.123 0.0000000000
59496  33.997  -30.510  51.330 0.0000000000
59495  35.223  -30.181  51.763 0.0000000000
71765  54.914  -22.267  56.669 0.0000000000
73289  55.475  -21.869  56.721 0.0000000000
70244  54.867  -22.625  56.421 0.0000000000
53163  24.909  -34.383  67.570 0.0000000000
53151  23.610  -33.454  68.806 0.0000000000
54614  22.427  -32.751  69.327 0.0000000000
51677  26.261  -35.120  69.012 0.0000000000
51678  25.753  -34.797  68.707 0.0000000000
51688  25.654  -34.899  68.464 0.0000000000
57574  36.444  -31.363  67.389 0.0000000000
59153  36.147  -30.358  67.179 0.0000000000
59169  35.905  -30.062  66.454 0.0000000000
59186  36.006  -30.321  65.713 0.0000000000
59400  36.154  -30.733  57.550 0.0000000000
59417  36.501  -31.010  56.755 0.0000000000
50465  28.334  -36.677  55.655 0.0000000000
51921  28.148  -36.080  54.577 0.0000000000
77878  54.484  -18.039  54.195 0.0000000000
77860  54.225  -18.540  54.361 0.0000000000
54848  26.126  -33.679  56.826 0.0000000000
54832  24.347  -33.391  57.596 0.0000000000
54834  22.187  -32.997  57.392 0.0000000000
54722  21.194  -33.021  63.246 0.0000000000
54782  17.818  -33.135  60.941 0.0000000000
54767  16.254  -33.384  62.110 0.0000000000
50304  34.532  -36.488  67.539 0.0000000000
50303  35.160  -36.652  67.140 0.0000000000
49020  36.236  -37.335  66.145 0.0000000000
46348  35.237  -39.290  64.910 0.0000000000
46367  35.567  -39.411  63.704 0.0000000000
51751  29.314  -35.835  64.310 0.0000000000
50366  29.837  -35.978  63.874 0.0000000000
51798  30.312  -35.181  61.413 0.0000000000
51811  30.262  -35.380  60.273 0.0000000000
51821  29.890  -35.618  59.451 0.0000000000
50406  29.757  -36.227  58.888 0.0000000000
51822  29.282  -35.381  58.858 0.0000000000
53279  28.898  -34.775  58.939 0.0000000000
53298  28.336  -34.766  58.150 0.0000000000
53281  27.652  -34.037  59.321 0.0000000000
53299  27.741  -34.126  58.466 0.0000000000
54828  27.487  -33.995  58.104 0.0000000000
71811  49.165  -22.170  55.047 0.0000000000
71829  49.503  -22.781  54.584 0.0000000000
70320  49.820  -23.310  54.245 0.0000000000
70345  49.544  -23.647  53.710 0.0000000000
68919  49.275  -24.050  53.043 0.0000000000
68937  49.752  -24.582  52.740 0.0000000000
54565  16.265  -33.728  72.810 0.0000000000
53131  14.544  -34.622  69.629 0.0000000000
51679  14.917  -35.971  69.534 0.0000000000
50269  16.232  -37.076  70.195 0.0000000000
80996  51.791  -16.598  57.433 0.0000000000
80986  51.087  -15.843  58.216 0.0000000000
79444  49.485  -17.952  57.968 0.0000000000
77778  48.904  -18.764  58.446 0.0000000000
157234  48.796  -19.758  61.506 0.0000000000
74664  48.598  -20.424  61.351 0.0000000000
70153  48.896  -22.643  61.641 0.0000000000
70154  48.581  -22.869  61.711 0.0000000000
68758  48.998  -23.306  61.132 0.0000000000
65931  48.859  -27.495  59.861 0.0000000000
65932  48.499  -27.153  60.070 0.0000000000
64351  49.013  -27.806  59.977 0.0000000000
64384  49.149  -28.156  60.087 0.0000000000
70118  42.560  -23.515  64.481 0.0000000000
62603  41.673  -28.790  63.068 0.0000000000
60921  42.551  -30.270  62.794 0.0000000000
57667  44.099  -31.231  62.358 0.0000000000
59322  44.800  -30.335  61.024 0.0000000000
64490  45.481  -27.870  56.741 0.0000000000
64491  45.158  -27.455  56.265 0.0000000000
67472  43.428  -25.412  53.813 0.0000000000
64532  38.756  -27.133  54.781 0.0000000000
66081  39.271  -26.677  54.338 0.0000000000
66107  39.232  -26.721  53.582 0.0000000000
67536  39.577  -26.115  52.232 0.0000000000
67601  39.810  -25.690  51.026 0.0000000000
50415  37.404  -36.513  58.086 0.0000000000
50429  37.923  -35.974  57.548 0.0000000000
50430  37.387  -36.066  57.341 0.0000000000
51863  36.815  -35.402  56.469 0.0000000000
51889  36.490  -34.880  56.060 0.0000000000
51891  35.570  -35.027  56.219 0.0000000000
51890  36.023  -34.969  56.139 0.0000000000
53360  36.125  -34.574  55.700 0.0000000000
56296  30.958  -32.502  52.389 0.0000000000
57792  31.472  -31.699  51.435 0.0000000000
57808  31.945  -31.364  50.987 0.0000000000
59512  32.068  -30.776  50.525 0.0000000000
79575  59.710  -16.888  48.249 0.0000000000
82682  58.945  -15.351  47.945 0.0000000000
81138  59.075  -16.309  48.164 0.0000000000
79576  59.147  -17.113  48.300 0.0000000000
79577  58.589  -17.133  48.153 0.0000000000
54719  24.459  -33.665  62.763 0.0000000000
53223  23.129  -33.716  63.313 0.0000000000
53210  22.804  -33.596  63.767 0.0000000000
54702  22.116  -33.413  63.984 0.0000000000
54703  21.011  -32.888  64.431 0.0000000000
56162  20.861  -32.759  64.665 0.0000000000
54687  20.164  -32.507  65.294 0.0000000000
54688  19.030  -32.308  65.524 0.0000000000
56146  18.543  -32.209  65.646 0.0000000000
47630  31.018  -37.754  69.370 0.0000000000
47658  31.722  -38.272  67.800 0.0000000000
47673  31.455  -38.238  67.102 0.0000000000
49012  31.368  -38.013  66.745 0.0000000000
49013  30.815  -37.749  67.032 0.0000000000
49002  29.864  -37.522  67.743 0.0000000000
49023  30.756  -37.282  66.355 0.0000000000
49024  30.116  -36.989  66.239 0.0000000000
50341  29.744  -36.653  65.721 0.0000000000
50276  27.396  -36.435  69.022 0.0000000000
50306  28.062  -36.515  67.230 0.0000000000
50342  28.798  -36.218  65.640 0.0000000000
50355  28.973  -35.918  64.905 0.0000000000
53220  26.403  -34.427  62.744 0.0000000000
66050  48.225  -26.800  55.560 0.0000000000
66073  47.941  -26.794  54.590 0.0000000000
80952  49.233  -16.140  61.555 0.0000000000
80910  49.230  -17.133  62.215 0.0000000000
79298  49.074  -17.443  62.381 0.0000000000
79299  48.580  -17.828  62.411 0.0000000000
74666  47.686  -20.302  61.508 0.0000000000
76142  47.401  -19.185  61.763 0.0000000000
74667  47.225  -19.829  61.404 0.0000000000
74684  47.468  -20.951  61.271 0.0000000000
73211  47.279  -21.523  61.205 0.0000000000
71708  46.352  -22.465  60.705 0.0000000000
65834  40.562  -26.010  65.579 0.0000000000
65858  40.766  -26.526  65.068 0.0000000000
64303  40.632  -27.259  63.239 0.0000000000
64306  37.375  -26.831  63.765 0.0000000000
64305  38.470  -26.728  63.215 0.0000000000
64304  39.518  -26.814  62.971 0.0000000000
62604  41.000  -28.205  62.533 0.0000000000
60961  40.387  -29.056  60.472 0.0000000000
62684  41.006  -28.535  59.379 0.0000000000
64438  41.130  -27.372  58.437 0.0000000000
64440  39.738  -27.672  58.073 0.0000000000
64471  39.815  -27.321  57.550 0.0000000000
64493  39.538  -26.897  56.633 0.0000000000
64511  39.018  -26.996  55.667 0.0000000000
62727  37.491  -28.798  57.162 0.0000000000
64559  38.644  -28.035  53.565 0.0000000000
53390  31.168  -34.416  55.130 0.0000000000
54954  30.396  -33.071  52.815 0.0000000000
51920  28.630  -35.795  54.585 0.0000000000
51946  29.277  -34.920  54.013 0.0000000000
53416  29.024  -34.634  53.447 0.0000000000
85685  54.744  -13.705  49.393 0.0000000000
84181  54.337  -14.295  50.678 0.0000000000
84194  54.198  -14.314  49.716 0.0000000000
54905  24.502  -33.691  54.750 0.0000000000
54757  25.034  -33.550  61.553 0.0000000000
54776  23.816  -33.440  60.439 0.0000000000
54759  23.373  -33.496  61.322 0.0000000000
54742  21.316  -33.096  62.256 0.0000000000
54835  21.016  -33.039  57.274 0.0000000000
53156  36.557  -34.111  67.627 0.0000000000
57553  36.554  -31.722  68.227 0.0000000000
57573  36.627  -31.854  67.803 0.0000000000
56100  36.624  -32.143  67.425 0.0000000000
54678  36.417  -33.437  65.565 0.0000000000
54714  35.468  -33.459  62.417 0.0000000000
54733  35.448  -33.281  61.622 0.0000000000
53232  35.364  -34.301  61.631 0.0000000000
51796  35.692  -35.493  60.941 0.0000000000
51808  36.636  -35.886  59.964 0.0000000000
51807  37.310  -36.368  59.938 0.0000000000
50403  37.679  -36.438  59.206 0.0000000000
46382  36.687  -38.885  61.592 0.0000000000
49052  37.357  -37.928  61.321 0.0000000000
49101  36.890  -36.996  58.372 0.0000000000
50417  35.604  -36.838  57.966 0.0000000000
50434  33.745  -36.339  57.941 0.0000000000
47698  32.721  -38.086  65.800 0.0000000000
47697  33.417  -38.290  65.108 0.0000000000
49030  33.392  -37.773  64.479 0.0000000000
47712  33.885  -38.225  64.030 0.0000000000
47727  33.935  -38.164  62.958 0.0000000000
47746  33.513  -38.114  61.773 0.0000000000
50386  31.971  -36.177  61.588 0.0000000000
50385  32.472  -36.470  62.117 0.0000000000
49086  33.015  -38.052  59.596 0.0000000000
51842  32.262  -36.492  57.494 0.0000000000
50421  29.360  -36.176  58.453 0.0000000000
49110  28.781  -36.722  57.906 0.0000000000
49124  28.373  -37.004  57.489 0.0000000000
49143  28.368  -37.141  56.281 0.0000000000
50467  26.517  -36.264  55.479 0.0000000000
73291  54.263  -21.531  57.313 0.0000000000
70295  50.615  -23.256  54.878 0.0000000000
70294  51.213  -23.364  55.229 0.0000000000
68869  51.807  -23.834  55.192 0.0000000000
66102  47.798  -26.626  53.559 0.0000000000
66133  47.741  -26.194  52.461 0.0000000000
64609  48.422  -27.048  51.835 0.0000000000
56066  23.433  -31.934  69.493 0.0000000000
57496  22.698  -31.906  70.133 0.0000000000
59095  22.459  -31.305  70.301 0.0000000000
56027  22.291  -32.103  70.245 0.0000000000
56048  21.292  -32.129  69.719 0.0000000000
56068  20.715  -32.060  69.176 0.0000000000
57543  19.329  -31.509  69.390 0.0000000000
56086  19.450  -31.862  68.195 0.0000000000
56106  19.053  -31.882  67.351 0.0000000000
60786  17.936  -29.539  72.212 0.0000000000
59133  17.766  -30.886  69.744 0.0000000000
57545  17.248  -31.298  69.398 0.0000000000
56088  17.464  -31.551  68.164 0.0000000000
56128  17.577  -31.800  66.256 0.0000000000
56129  16.624  -31.949  66.295 0.0000000000
56149  16.332  -32.468  65.769 0.0000000000
54672  15.848  -32.902  65.648 0.0000000000
56131  15.453  -32.996  66.650 0.0000000000
54673  15.300  -33.368  65.983 0.0000000000
53132  14.442  -34.486  68.762 0.0000000000
51690  14.549  -35.315  68.271 0.0000000000
87160  58.601  -12.421  48.696 0.0000000000
87163  55.861  -12.531  49.884 0.0000000000
88701  56.618  -11.766  50.173 0.0000000000
87137  55.736  -12.280  50.833 0.0000000000
90187  56.527  -10.806  51.306 0.0000000000
88647  56.117  -11.621  51.863 0.0000000000
87103  55.756  -12.422  52.390 0.0000000000
79477  55.790  -17.045  54.865 0.0000000000
76295  55.828  -19.005  56.362 0.0000000000
85579  55.594  -14.580  55.247 0.0000000000
82541  55.547  -16.221  55.703 0.0000000000
79437  55.406  -17.538  56.630 0.0000000000
80992  55.185  -17.208  56.679 0.0000000000
77803  55.609  -18.176  56.875 0.0000000000
74737  53.798  -20.620  57.358 0.0000000000
74759  53.085  -20.691  56.984 0.0000000000
76240  53.456  -19.605  57.201 0.0000000000
73304  52.656  -21.368  56.755 0.0000000000
73306  51.107  -21.436  55.750 0.0000000000
74788  50.448  -21.277  55.615 0.0000000000
79455  51.777  -18.104  56.616 0.0000000000
77832  50.096  -18.523  56.479 0.0000000000
73321  49.832  -21.645  55.331 0.0000000000
71812  48.264  -22.145  55.082 0.0000000000
71813  47.663  -22.529  55.131 0.0000000000
70297  46.964  -23.567  54.991 0.0000000000
68871  46.801  -23.999  55.020 0.0000000000
67425  47.289  -25.368  56.024 0.0000000000
79383  49.697  -17.016  60.580 0.0000000000
79409  49.472  -18.398  59.491 0.0000000000
77753  49.220  -19.014  59.372 0.0000000000
74725  48.794  -20.022  58.877 0.0000000000
157229  48.948  -19.981  61.313 0.0000000000
73210  48.929  -20.690  61.129 0.0000000000
73238  48.912  -20.749  60.687 0.0000000000
71706  49.328  -22.188  60.897 0.0000000000
73240  49.046  -21.601  60.988 0.0000000000
157235  49.055  -20.469  60.287 0.0000000000
74712  48.834  -20.502  59.489 0.0000000000
74726  48.419  -20.382  58.460 0.0000000000
73281  48.125  -21.409  58.721 0.0000000000
71747  47.546  -21.885  57.689 0.0000000000
71769  47.612  -22.839  57.661 0.0000000000
70231  47.849  -23.803  58.065 0.0000000000
70249  47.497  -23.494  57.364 0.0000000000
64408  49.817  -27.977  58.843 0.0000000000
65969  49.913  -28.302  59.233 0.0000000000
64433  50.440  -28.344  58.460 0.0000000000
62697  50.946  -28.676  58.323 0.0000000000
74699  44.994  -20.763  60.740 0.0000000000
73242  45.159  -21.541  60.553 0.0000000000
71709  45.467  -22.445  60.442 0.0000000000
70199  45.956  -23.371  60.445 0.0000000000
68738  42.422  -24.480  64.567 0.0000000000
68748  42.431  -24.693  63.660 0.0000000000
64253  42.904  -27.815  65.270 0.0000000000
60889  43.331  -29.386  64.432 0.0000000000
62531  43.181  -28.196  65.210 0.0000000000
64276  43.006  -27.555  64.858 0.0000000000
65898  42.688  -26.711  64.048 0.0000000000
68761  42.464  -24.661  62.739 0.0000000000
68778  42.515  -24.455  61.815 0.0000000000
68795  43.257  -24.541  60.596 0.0000000000
64387  43.877  -27.450  61.210 0.0000000000
67367  43.796  -25.706  60.198 0.0000000000
68794  44.355  -24.487  60.015 0.0000000000
68793  45.503  -24.396  60.207 0.0000000000
67365  46.058  -25.336  60.337 0.0000000000
65953  46.392  -25.936  60.497 0.0000000000
62628  46.496  -28.801  61.464 0.0000000000
60955  48.796  -29.496  60.723 0.0000000000
59287  46.332  -30.888  61.404 0.0000000000
59320  46.846  -30.567  60.711 0.0000000000
59319  47.724  -30.359  60.731 0.0000000000
59379  48.954  -29.690  59.152 0.0000000000
64509  45.894  -27.776  55.791 0.0000000000
65987  41.571  -26.923  58.212 0.0000000000
66106  39.813  -26.310  53.997 0.0000000000
54754  35.397  -33.503  60.853 0.0000000000
54789  36.519  -34.219  58.609 0.0000000000
54810  36.323  -33.748  58.361 0.0000000000
56229  36.099  -33.079  57.760 0.0000000000
56228  36.721  -32.757  57.228 0.0000000000
56241  37.347  -32.509  56.866 0.0000000000
51836  38.223  -35.237  57.232 0.0000000000
53313  38.289  -34.420  57.377 0.0000000000
53357  38.249  -33.913  55.914 0.0000000000
54846  38.407  -33.299  56.613 0.0000000000
54845  38.714  -32.642  56.273 0.0000000000
56239  38.495  -32.386  56.422 0.0000000000
57729  38.761  -31.776  56.030 0.0000000000
59434  38.737  -31.480  55.155 0.0000000000
59464  37.870  -30.654  53.841 0.0000000000
62848  37.416  -29.212  51.970 0.0000000000
51893  32.863  -34.860  56.107 0.0000000000
53363  33.101  -34.367  55.604 0.0000000000
53388  33.596  -33.991  55.332 0.0000000000
54901  33.162  -33.683  54.834 0.0000000000
54900  34.124  -33.629  54.985 0.0000000000
54926  34.506  -33.266  54.526 0.0000000000
56295  31.761  -32.080  52.591 0.0000000000
56294  32.613  -31.914  52.938 0.0000000000
57776  33.268  -31.449  52.495 0.0000000000
56293  33.488  -31.926  53.145 0.0000000000
56292  34.390  -32.077  53.250 0.0000000000
56291  35.116  -32.118  53.437 0.0000000000
59493  36.733  -29.893  51.717 0.0000000000
62871  37.141  -28.791  51.472 0.0000000000
85722  56.518  -13.992  47.416 0.0000000000
81175  56.361  -16.611  47.394 0.0000000000
81176  56.178  -16.816  47.525 0.0000000000
82684  52.498  -16.351  48.820 0.0000000000
73316  55.864  -21.669  56.136 0.0000000000
73317  55.438  -21.205  55.845 0.0000000000
46305  34.525  -38.421  66.975 0.0000000000
46317  35.249  -38.554  66.404 0.0000000000
46402  36.153  -38.871  61.202 0.0000000000
47654  35.016  -38.017  66.961 0.0000000000
47674  30.905  -38.050  67.435 0.0000000000
47682  36.121  -38.276  65.709 0.0000000000
47683  35.728  -38.471  66.091 0.0000000000
47687  31.614  -38.144  66.601 0.0000000000
47743  36.493  -38.656  60.964 0.0000000000
47809  31.551  -38.111  58.951 0.0000000000
48931  28.609  -36.752  70.301 0.0000000000
48939  29.738  -37.262  69.975 0.0000000000
48954  30.966  -37.541  69.565 0.0000000000
48981  27.897  -36.583  68.297 0.0000000000
48999  34.160  -37.284  67.516 0.0000000000
49000  33.667  -37.485  67.711 0.0000000000
49011  35.466  -37.215  66.814 0.0000000000
49043  37.114  -38.122  62.113 0.0000000000
50245  16.411  -36.363  71.887 0.0000000000
50285  28.163  -36.605  67.903 0.0000000000
50324  35.530  -36.804  66.894 0.0000000000
51682  35.965  -34.777  67.821 0.0000000000
51685  33.962  -36.175  68.148 0.0000000000
51695  36.392  -34.505  67.484 0.0000000000
51696  36.157  -35.024  67.501 0.0000000000
51823  28.761  -34.961  58.570 0.0000000000
51838  37.110  -35.819  57.001 0.0000000000
51862  37.618  -35.178  56.675 0.0000000000
51864  35.943  -35.392  56.429 0.0000000000
51892  33.467  -34.662  55.997 0.0000000000
51897  26.364  -35.681  55.624 0.0000000000
53224  22.549  -33.508  63.268 0.0000000000
53275  38.003  -35.135  58.718 0.0000000000
53277  36.788  -34.755  58.894 0.0000000000
53278  36.181  -34.664  59.460 0.0000000000
53338  34.440  -34.861  56.180 0.0000000000
53358  37.878  -34.267  55.855 0.0000000000
53384  36.939  -34.052  55.379 0.0000000000
53392  26.369  -35.216  55.554 0.0000000000
54720  24.081  -33.725  62.782 0.0000000000
54774  25.357  -33.633  61.091 0.0000000000
54807  38.111  -34.269  57.909 0.0000000000
54812  27.123  -33.890  58.583 0.0000000000
54827  36.141  -33.383  58.059 0.0000000000
54870  38.476  -33.295  55.863 0.0000000000
54871  38.089  -33.675  55.557 0.0000000000
54873  35.119  -34.152  55.232 0.0000000000
56026  22.596  -32.140  70.116 0.0000000000
56109  16.149  -32.032  67.071 0.0000000000
56144  20.887  -32.668  64.879 0.0000000000
56163  20.638  -32.657  64.770 0.0000000000
56165  17.486  -32.431  64.980 0.0000000000
56238  39.021  -32.248  56.014 0.0000000000
57554  36.427  -31.267  67.883 0.0000000000
57580  16.478  -31.878  66.770 0.0000000000
57581  16.271  -31.999  66.825 0.0000000000
57596  16.143  -32.184  66.718 0.0000000000
57624  46.611  -31.003  62.669 0.0000000000
57625  46.073  -31.083  62.945 0.0000000000
57628  43.661  -30.998  63.374 0.0000000000
57643  46.982  -30.946  62.215 0.0000000000
57645  45.591  -31.326  62.667 0.0000000000
57648  43.347  -31.150  62.854 0.0000000000
57664  46.736  -31.166  61.908 0.0000000000
57668  43.604  -31.209  62.524 0.0000000000
57728  39.021  -31.851  55.812 0.0000000000
57741  38.739  -31.593  55.563 0.0000000000
57749  39.031  -31.901  55.059 0.0000000000
59116  19.114  -30.812  70.002 0.0000000000
59132  17.978  -31.046  69.585 0.0000000000
59205  43.646  -30.035  64.136 0.0000000000
59206  43.227  -29.860  64.198 0.0000000000
59229  46.639  -30.771  62.622 0.0000000000
59232  44.750  -30.480  63.382 0.0000000000
59260  42.561  -30.436  62.369 0.0000000000
59286  47.078  -30.711  61.400 0.0000000000
59380  48.750  -29.737  59.403 0.0000000000
60918  46.206  -29.526  62.010 0.0000000000
60919  45.345  -29.423  62.331 0.0000000000
60920  44.877  -29.521  62.850 0.0000000000
62532  42.711  -28.114  65.307 0.0000000000
62552  43.800  -28.937  64.006 0.0000000000
62599  46.906  -29.305  61.747 0.0000000000
62605  40.360  -28.078  61.973 0.0000000000
62629  45.490  -28.820  61.579 0.0000000000
62658  44.666  -28.058  61.039 0.0000000000
62661  39.210  -28.485  60.889 0.0000000000
64233  41.682  -26.727  65.452 0.0000000000
64254  42.471  -27.465  65.106 0.0000000000
64301  42.796  -27.140  63.712 0.0000000000
64327  43.067  -27.443  62.758 0.0000000000
64357  44.177  -27.831  61.463 0.0000000000
64358  43.558  -27.434  61.736 0.0000000000
64411  42.394  -27.885  59.233 0.0000000000
64462  50.267  -28.126  57.981 0.0000000000
64465  45.297  -27.969  57.221 0.0000000000
65831  42.008  -26.226  65.776 0.0000000000
65832  41.806  -26.472  65.674 0.0000000000
65857  42.035  -26.686  65.534 0.0000000000
65878  42.589  -27.044  64.601 0.0000000000
65897  42.814  -27.277  64.385 0.0000000000
65956  43.600  -26.827  60.947 0.0000000000
67336  42.565  -26.373  62.871 0.0000000000
67351  42.600  -26.120  62.319 0.0000000000
67369  42.652  -25.055  61.589 0.0000000000
67476  40.337  -25.993  54.409 0.0000000000
67498  48.110  -24.981  52.671 0.0000000000
67499  47.730  -25.087  53.140 0.0000000000
68772  49.664  -23.084  60.857 0.0000000000
68777  42.798  -24.140  61.175 0.0000000000
68789  49.922  -23.033  60.909 0.0000000000
68790  49.245  -23.089  60.718 0.0000000000
68796  42.690  -24.777  61.208 0.0000000000
68848  46.766  -23.858  55.284 0.0000000000
68896  46.894  -24.111  54.726 0.0000000000
68939  48.429  -24.804  52.571 0.0000000000
70174  49.616  -22.630  61.072 0.0000000000
70175  49.400  -22.934  61.283 0.0000000000
70179  42.379  -23.890  62.362 0.0000000000
70197  49.407  -22.903  60.717 0.0000000000
70202  43.122  -23.619  60.878 0.0000000000
70214  49.400  -22.627  60.763 0.0000000000
70248  47.905  -23.166  57.949 0.0000000000
70293  51.970  -23.622  55.571 0.0000000000
70318  50.936  -23.539  54.779 0.0000000000
70323  47.000  -23.813  54.640 0.0000000000
71656  42.648  -22.972  63.220 0.0000000000
71707  48.962  -21.847  60.904 0.0000000000
71711  43.276  -22.701  60.967 0.0000000000
71728  48.906  -22.185  60.705 0.0000000000
71763  55.701  -22.195  56.255 0.0000000000
71764  55.115  -22.100  56.195 0.0000000000
71804  56.220  -22.023  55.915 0.0000000000
71831  47.992  -22.609  54.741 0.0000000000
73265  48.831  -21.061  60.648 0.0000000000
73282  47.690  -21.565  58.033 0.0000000000
73288  55.796  -22.210  56.515 0.0000000000
73301  56.000  -22.076  56.532 0.0000000000
73315  56.276  -21.932  56.341 0.0000000000
73319  51.415  -21.997  55.784 0.0000000000
74696  49.106  -20.329  59.901 0.0000000000
74697  46.371  -21.146  60.654 0.0000000000
74711  48.867  -20.683  59.787 0.0000000000
74764  48.019  -20.702  56.519 0.0000000000
76123  47.506  -18.681  62.035 0.0000000000
76157  46.087  -19.560  61.318 0.0000000000
76211  48.927  -19.607  59.086 0.0000000000
76270  53.179  -19.975  56.921 0.0000000000
77810  48.726  -18.876  57.789 0.0000000000
78010  60.673  -17.827  47.481 0.0000000000
79356  49.482  -17.456  61.060 0.0000000000
80934  49.190  -16.531  61.846 0.0000000000
81139  58.754  -16.859  48.302 0.0000000000
82588  56.359  -15.039  54.953 0.0000000000
84134  56.451  -14.882  54.908 0.0000000000
85578  56.283  -14.919  54.942 0.0000000000
85596  55.990  -14.873  55.031 0.0000000000
85702  57.822  -13.383  47.727 0.0000000000
87104  55.613  -12.795  52.072 0.0000000000
87208  58.280  -13.326  47.981 0.0000000000
90222  57.201  -10.397  50.528 0.0000000000
157228  49.373  -18.445  61.127 0.0000000000
157230  49.401  -17.715  61.007 0.0000000000
157232  49.413  -18.256  60.970 0.0000000000
157236  49.367  -19.284  61.008 0.0000000000
