#!ascii label  , from subject sub-01 vox2ras=TkReg
1588
132971  44.310  25.682  13.147 0.0000000000
137926  48.670  32.552  19.356 0.0000000000
130091  54.253  23.813  19.564 0.0000000000
132009  39.045  25.636  18.077 0.0000000000
131096  45.117  24.232  19.892 0.0000000000
135478  47.108  29.662  9.472 0.0000000000
141234  48.858  36.852  25.581 0.0000000000
142790  44.384  38.965  22.083 0.0000000000
130933  55.346  24.034  28.110 0.0000000000
128026  50.313  21.437  24.915 0.0000000000
135445  50.642  29.631  11.379 0.0000000000
133768  48.930  27.292  16.358 0.0000000000
137010  51.446  32.288  19.339 0.0000000000
131057  49.612  24.722  21.902 0.0000000000
144175  39.700  40.291  17.490 0.0000000000
140539  46.793  35.953  16.444 0.0000000000
127072  48.788  20.538  16.760 0.0000000000
132947  41.727  26.197  15.660 0.0000000000
132881  42.389  26.351  19.092 0.0000000000
132913  44.020  26.750  17.066 0.0000000000
133003  45.845  25.664  10.401 0.0000000000
132973  42.170  25.937  13.093 0.0000000000
144105  46.990  40.459  24.271 0.0000000000
128938  55.046  22.836  31.848 0.0000000000
126963  55.758  20.453  29.000 0.0000000000
125915  55.953  19.817  32.366 0.0000000000
144197  43.658  40.023  13.462 0.0000000000
140553  52.417  35.768  15.859 0.0000000000
137979  52.091  32.421  15.489 0.0000000000
139629  52.422  34.437  20.881 0.0000000000
136936  48.343  31.382  26.361 0.0000000000
135321  49.922  30.059  23.653 0.0000000000
132842  47.349  26.430  23.483 0.0000000000
129995  49.823  23.916  26.655 0.0000000000
139630  44.803  34.173  21.108 0.0000000000
140496  43.821  35.368  19.662 0.0000000000
140521  48.253  36.607  17.702 0.0000000000
138882  51.314  33.406  13.209 0.0000000000
132017  51.201  25.300  17.536 0.0000000000
129146  49.955  21.620  15.714 0.0000000000
129126  51.750  22.251  17.463 0.0000000000
130082  42.891  23.148  21.063 0.0000000000
128082  44.211  21.142  19.371 0.0000000000
137109  46.788  32.087  12.584 0.0000000000
137150  45.760  31.747  10.181 0.0000000000
136955  45.565  32.543  23.927 0.0000000000
136951  48.836  31.930  24.202 0.0000000000
147138  42.431  45.451  22.286 0.0000000000
145669  44.291  42.703  20.964 0.0000000000
142062  47.890  37.575  22.634 0.0000000000
131023  55.500  24.262  24.047 0.0000000000
129056  52.788  22.732  22.241 0.0000000000
128982  54.236  22.277  26.617 0.0000000000
124986  52.810  18.719  27.737 0.0000000000
132978  47.138  26.294  11.639 0.0000000000
133784  46.323  27.983  15.249 0.0000000000
135408  49.064  29.109  13.678 0.0000000000
134605  50.999  28.811  16.855 0.0000000000
133740  51.546  27.111  19.172 0.0000000000
136976  51.512  32.079  22.640 0.0000000000
135347  48.653  29.590  20.196 0.0000000000
131951  52.701  25.485  21.460 0.0000000000
130010  53.024  23.961  25.048 0.0000000000
131885  53.116  25.311  30.299 0.0000000000
145720  43.166  42.797  16.283 0.0000000000
142145  41.083  37.789  14.926 0.0000000000
140526  41.798  35.662  17.615 0.0000000000
138856  45.583  33.377  15.099 0.0000000000
137106  49.486  31.348  13.048 0.0000000000
134692  49.369  28.866  9.151 0.0000000000
132021  47.032  26.031  17.922 0.0000000000
128088  47.211  21.930  17.870 0.0000000000
126075  45.680  19.631  16.719 0.0000000000
129081  48.661  22.050  21.157 0.0000000000
132960  42.485  25.844  14.669 0.0000000000
132931  43.030  26.586  16.167 0.0000000000
132944  43.850  26.579  14.825 0.0000000000
132082  44.239  25.436  11.917 0.0000000000
132981  44.228  26.081  11.947 0.0000000000
131153  42.428  24.897  12.538 0.0000000000
132074  41.796  25.617  13.957 0.0000000000
128916  55.398  22.446  34.169 0.0000000000
127935  55.631  21.666  32.468 0.0000000000
126897  55.759  21.169  33.966 0.0000000000
126044  42.437  19.691  18.803 0.0000000000
139646  50.244  34.650  17.829 0.0000000000
139644  51.886  34.507  18.583 0.0000000000
138796  50.032  33.225  19.562 0.0000000000
135315  46.164  29.257  24.154 0.0000000000
135324  47.580  29.214  23.636 0.0000000000
137928  46.402  32.194  19.717 0.0000000000
139650  45.614  33.798  18.892 0.0000000000
139648  47.881  34.480  17.975 0.0000000000
141341  50.749  36.881  16.965 0.0000000000
131118  52.499  23.942  17.930 0.0000000000
130113  52.563  23.066  16.680 0.0000000000
129102  53.154  22.861  18.918 0.0000000000
131995  38.457  25.523  18.791 0.0000000000
131974  39.694  25.534  20.119 0.0000000000
131990  43.765  25.581  19.782 0.0000000000
131971  42.647  24.762  20.406 0.0000000000
131077  43.306  24.132  20.549 0.0000000000
129096  43.506  22.355  20.738 0.0000000000
129110  44.749  22.340  19.922 0.0000000000
136273  47.917  30.734  10.893 0.0000000000
137138  46.589  31.709  10.913 0.0000000000
136297  46.530  30.670  9.490 0.0000000000
131144  39.059  24.426  15.594 0.0000000000
131123  38.202  24.562  17.182 0.0000000000
139588  46.610  34.834  24.963 0.0000000000
137843  46.279  33.085  25.988 0.0000000000
139560  47.356  34.812  26.945 0.0000000000
142753  49.264  38.381  25.039 0.0000000000
142777  48.898  38.680  23.118 0.0000000000
141260  48.075  36.872  23.768 0.0000000000
139615  46.396  35.149  23.575 0.0000000000
130990  55.618  24.084  25.816 0.0000000000
129010  55.096  23.129  24.942 0.0000000000
128980  55.797  22.631  27.378 0.0000000000
124970  56.371  18.639  29.756 0.0000000000
125969  54.378  19.700  28.765 0.0000000000
123926  54.424  18.009  28.526 0.0000000000
134661  48.799  27.778  11.372 0.0000000000
134648  48.585  28.233  12.257 0.0000000000
135427  50.185  29.416  12.471 0.0000000000
137041  52.444  32.398  17.431 0.0000000000
136189  51.331  30.605  15.832 0.0000000000
136162  51.088  30.655  17.909 0.0000000000
134596  50.988  28.475  17.466 0.0000000000
135373  50.527  29.799  18.464 0.0000000000
137840  49.321  32.435  25.993 0.0000000000
137872  50.865  32.488  23.917 0.0000000000
137838  51.153  32.348  25.716 0.0000000000
133721  48.077  27.597  21.522 0.0000000000
136122  48.848  29.915  21.782 0.0000000000
132868  48.469  26.848  20.786 0.0000000000
132866  50.686  26.808  20.402 0.0000000000
131953  50.395  25.408  21.299 0.0000000000
131027  52.464  24.401  23.146 0.0000000000
130041  50.975  24.107  23.284 0.0000000000
130953  49.902  24.475  28.048 0.0000000000
130937  51.651  24.830  28.746 0.0000000000
145722  41.017  42.197  16.404 0.0000000000
143508  41.347  39.524  15.229 0.0000000000
142826  40.447  38.942  16.017 0.0000000000
144152  44.219  40.927  21.129 0.0000000000
144154  42.864  40.657  20.373 0.0000000000
143466  42.457  39.071  21.246 0.0000000000
141346  45.293  36.379  17.595 0.0000000000
140511  42.862  35.521  18.660 0.0000000000
140541  44.627  35.110  16.870 0.0000000000
139701  43.395  34.789  15.828 0.0000000000
138841  46.865  33.763  16.357 0.0000000000
137982  48.228  32.155  15.432 0.0000000000
137967  48.789  32.995  16.103 0.0000000000
137134  51.422  31.913  11.150 0.0000000000
137146  50.999  32.049  10.113 0.0000000000
134691  50.209  29.295  9.805 0.0000000000
133836  48.925  26.874  10.089 0.0000000000
133783  48.304  28.038  15.784 0.0000000000
133757  46.802  27.254  17.015 0.0000000000
132928  48.360  26.478  16.919 0.0000000000
127095  49.240  20.902  15.220 0.0000000000
129136  48.762  21.967  16.484 0.0000000000
126072  47.847  20.153  15.967 0.0000000000
127085  46.618  20.211  16.719 0.0000000000
126061  47.221  19.726  16.708 0.0000000000
129037  51.334  22.270  23.505 0.0000000000
129079  50.678  22.642  21.535 0.0000000000
129039  49.537  21.843  23.492 0.0000000000
132917  40.057  26.072  16.901 0.0000000000
132883  40.360  26.321  18.573 0.0000000000
132915  41.639  26.654  17.133 0.0000000000
132895  43.180  26.563  18.227 0.0000000000
132879  44.147  26.033  19.353 0.0000000000
134677  47.514  27.915  9.586 0.0000000000
132046  40.187  25.472  15.238 0.0000000000
129936  55.297  23.959  30.037 0.0000000000
128968  55.752  22.655  28.431 0.0000000000
127955  55.634  21.495  30.201 0.0000000000
126930  56.667  19.973  30.580 0.0000000000
138012  52.546  32.762  12.753 0.0000000000
138013  52.324  32.310  13.558 0.0000000000
138852  52.475  34.058  15.176 0.0000000000
138810  52.978  34.157  18.512 0.0000000000
138793  53.043  33.729  20.220 0.0000000000
136890  50.202  31.521  28.368 0.0000000000
136934  50.938  31.372  26.013 0.0000000000
136101  49.842  30.335  24.814 0.0000000000
133700  48.181  27.846  22.930 0.0000000000
131947  47.738  25.860  22.646 0.0000000000
131029  49.650  23.728  24.300 0.0000000000
131019  48.014  24.477  24.822 0.0000000000
130973  48.259  24.475  26.966 0.0000000000
130940  48.576  24.422  28.794 0.0000000000
145702  40.834  42.488  18.755 0.0000000000
141299  44.600  36.256  21.771 0.0000000000
141301  42.934  36.252  21.355 0.0000000000
140495  44.599  34.816  19.646 0.0000000000
141326  46.488  36.478  18.161 0.0000000000
142131  47.421  37.429  17.067 0.0000000000
139698  50.182  34.598  15.755 0.0000000000
140556  50.098  36.757  15.701 0.0000000000
140587  52.144  35.375  13.879 0.0000000000
132030  50.333  25.515  16.513 0.0000000000
131131  49.293  24.963  16.513 0.0000000000
131143  50.781  23.626  15.789 0.0000000000
128115  51.261  21.267  15.262 0.0000000000
128098  49.465  21.082  17.202 0.0000000000
125987  49.474  19.260  25.916 0.0000000000
127005  48.391  20.202  24.369 0.0000000000
130064  40.853  23.027  21.877 0.0000000000
131973  40.779  25.322  20.320 0.0000000000
131060  41.327  23.718  21.415 0.0000000000
129084  41.598  22.232  21.894 0.0000000000
128064  43.051  21.304  20.786 0.0000000000
127046  43.165  20.473  19.919 0.0000000000
127056  43.203  20.124  18.279 0.0000000000
138027  46.682  32.657  12.074 0.0000000000
138046  46.064  32.547  10.599 0.0000000000
136990  46.495  31.528  21.604 0.0000000000
136979  48.156  31.728  22.166 0.0000000000
136953  46.721  31.858  24.264 0.0000000000
137841  48.176  32.307  26.071 0.0000000000
137786  49.323  32.952  28.950 0.0000000000
137762  50.858  33.119  30.843 0.0000000000
136869  48.089  31.670  29.189 0.0000000000
148493  45.328  46.266  22.234 0.0000000000
145649  46.104  42.865  21.475 0.0000000000
144142  46.001  40.907  21.638 0.0000000000
142780  46.165  38.627  22.545 0.0000000000
140468  45.656  35.399  21.995 0.0000000000
137892  44.936  33.120  22.080 0.0000000000
130059  55.028  23.856  21.454 0.0000000000
130079  53.776  23.360  20.513 0.0000000000
129034  54.582  22.982  22.971 0.0000000000
129023  53.297  22.464  24.146 0.0000000000
128016  52.251  21.780  25.952 0.0000000000
127971  54.699  21.233  28.147 0.0000000000
126980  52.955  20.623  27.829 0.0000000000
126988  51.214  20.347  26.872 0.0000000000
132980  45.509  25.696  12.167 0.0000000000
133796  45.323  26.881  14.279 0.0000000000
133804  47.080  27.536  12.764 0.0000000000
134628  47.773  28.657  14.270 0.0000000000
134626  49.256  28.803  14.781 0.0000000000
136212  50.585  30.183  13.937 0.0000000000
135398  50.339  29.409  15.108 0.0000000000
134607  49.944  28.174  15.905 0.0000000000
133755  50.747  27.702  17.137 0.0000000000
132891  51.431  26.325  18.463 0.0000000000
131986  52.446  25.596  19.110 0.0000000000
138777  50.614  33.166  21.767 0.0000000000
138766  52.282  33.803  22.615 0.0000000000
137908  52.170  32.741  21.072 0.0000000000
136110  51.198  31.094  23.883 0.0000000000
136986  50.657  31.742  22.046 0.0000000000
137030  50.036  31.181  19.284 0.0000000000
134580  49.717  28.864  19.196 0.0000000000
132865  51.940  26.676  20.104 0.0000000000
131983  54.101  25.193  20.250 0.0000000000
131943  54.555  25.055  22.327 0.0000000000
131015  54.352  24.573  24.282 0.0000000000
129991  54.131  24.110  26.536 0.0000000000
130012  51.052  23.468  25.733 0.0000000000
130950  53.056  24.255  27.905 0.0000000000
130921  54.457  24.888  29.302 0.0000000000
130891  54.241  25.061  31.435 0.0000000000
144184  43.161  40.881  15.054 0.0000000000
142834  42.240  38.770  13.851 0.0000000000
141395  43.440  36.356  13.776 0.0000000000
142094  41.255  37.248  20.716 0.0000000000
141351  39.827  37.508  17.333 0.0000000000
140559  41.774  36.140  15.837 0.0000000000
140571  43.352  35.264  14.816 0.0000000000
139730  44.583  34.570  13.938 0.0000000000
138001  46.449  32.718  14.111 0.0000000000
137087  48.033  31.381  14.031 0.0000000000
136272  49.016  30.757  11.141 0.0000000000
137998  50.688  32.764  13.703 0.0000000000
136294  49.951  31.199  9.444 0.0000000000
135487  48.255  29.144  8.646 0.0000000000
133015  47.156  25.924  9.130 0.0000000000
131167  46.292  24.555  10.491 0.0000000000
133771  45.661  27.497  16.111 0.0000000000
132912  45.205  26.886  17.715 0.0000000000
131988  45.804  25.050  19.287 0.0000000000
131121  48.197  24.738  17.656 0.0000000000
130101  47.614  23.301  18.320 0.0000000000
130094  45.738  23.309  19.564 0.0000000000
128090  45.561  21.018  18.577 0.0000000000
127076  44.893  20.323  16.869 0.0000000000
129091  52.105  22.785  20.189 0.0000000000
129105  50.065  22.399  19.432 0.0000000000
128077  48.371  21.343  19.182 0.0000000000
127027  47.799  20.865  22.752 0.0000000000
127061  47.494  19.858  18.251 0.0000000000
125916  54.949  19.525  32.277 0.0000000000
124950  55.663  18.103  31.062 0.0000000000
132972  43.434  25.438  13.366 0.0000000000
132945  43.111  26.387  15.185 0.0000000000
132958  43.992  26.233  13.923 0.0000000000
132071  43.765  25.071  12.495 0.0000000000
132083  43.137  24.762  11.774 0.0000000000
132072  42.817  24.840  12.718 0.0000000000
132057  42.620  25.370  13.707 0.0000000000
127922  55.715  21.824  34.545 0.0000000000
138812  50.017  33.973  18.454 0.0000000000
138811  50.588  34.328  18.451 0.0000000000
137925  49.403  32.778  19.566 0.0000000000
137944  47.573  32.496  18.818 0.0000000000
138814  47.579  33.295  18.241 0.0000000000
137943  48.190  32.861  18.631 0.0000000000
139647  49.141  34.764  17.667 0.0000000000
131108  53.156  24.208  18.619 0.0000000000
130100  53.232  23.406  18.438 0.0000000000
129101  53.719  23.225  18.857 0.0000000000
131975  38.650  25.524  19.808 0.0000000000
131994  39.384  26.111  19.081 0.0000000000
131097  44.093  24.749  20.067 0.0000000000
131098  43.307  24.978  20.165 0.0000000000
131076  44.288  23.881  20.377 0.0000000000
130080  44.514  23.103  20.320 0.0000000000
131075  44.758  23.618  20.182 0.0000000000
136286  47.742  30.438  9.979 0.0000000000
137148  46.994  31.056  9.621 0.0000000000
136296  47.376  30.320  9.492 0.0000000000
132022  39.037  25.071  17.117 0.0000000000
131132  38.840  24.587  16.482 0.0000000000
132023  38.566  24.745  17.293 0.0000000000
132010  38.328  25.021  17.839 0.0000000000
140395  47.243  35.463  25.272 0.0000000000
139578  47.082  34.980  25.969 0.0000000000
139577  47.765  35.438  26.730 0.0000000000
142025  49.145  37.390  25.420 0.0000000000
142031  49.365  37.980  24.510 0.0000000000
141248  48.142  36.571  24.674 0.0000000000
140412  46.971  35.599  24.574 0.0000000000
130947  55.539  23.931  27.192 0.0000000000
129989  55.955  23.701  26.115 0.0000000000
129967  55.955  23.500  26.845 0.0000000000
123925  55.742  17.862  28.792 0.0000000000
134659  50.057  29.014  11.804 0.0000000000
136248  51.045  30.265  11.926 0.0000000000
137028  51.689  31.939  18.347 0.0000000000
137042  52.022  31.803  17.310 0.0000000000
137029  50.792  31.510  18.802 0.0000000000
137818  50.142  32.417  26.963 0.0000000000
137839  50.438  32.536  25.890 0.0000000000
137817  51.141  32.395  26.869 0.0000000000
131955  48.282  25.820  21.628 0.0000000000
131954  49.279  25.450  21.275 0.0000000000
131056  50.790  24.768  21.979 0.0000000000
131038  51.271  24.487  22.727 0.0000000000
131039  50.020  23.927  22.937 0.0000000000
130925  50.528  24.784  29.682 0.0000000000
145711  40.385  42.228  17.215 0.0000000000
146477  41.112  43.249  16.622 0.0000000000
144916  40.408  41.327  16.636 0.0000000000
143503  40.453  39.695  16.222 0.0000000000
143504  40.011  39.645  16.673 0.0000000000
143464  44.366  39.815  21.452 0.0000000000
143474  43.349  40.075  20.856 0.0000000000
142791  43.684  38.604  21.880 0.0000000000
141366  45.786  36.341  17.254 0.0000000000
140522  45.101  36.073  17.235 0.0000000000
140540  45.505  35.828  16.876 0.0000000000
139681  46.206  34.770  16.439 0.0000000000
138840  48.052  33.916  16.418 0.0000000000
136247  51.580  31.057  11.454 0.0000000000
136283  51.256  30.774  9.943 0.0000000000
135461  50.753  29.869  10.365 0.0000000000
134676  49.623  28.502  10.227 0.0000000000
133782  48.807  27.890  15.868 0.0000000000
133769  47.801  27.452  16.531 0.0000000000
127083  48.759  20.646  15.937 0.0000000000
126060  47.983  19.858  16.232 0.0000000000
126073  47.295  20.002  16.378 0.0000000000
126049  47.893  19.828  16.972 0.0000000000
129025  51.056  21.864  24.551 0.0000000000
129038  50.212  21.922  23.738 0.0000000000
128038  49.952  21.588  24.383 0.0000000000
132033  40.813  25.937  15.962 0.0000000000
132916  40.792  26.345  17.046 0.0000000000
132933  41.235  26.259  16.244 0.0000000000
132914  42.680  26.738  17.175 0.0000000000
132880  43.451  26.198  19.228 0.0000000000
132894  44.423  26.311  18.568 0.0000000000
133839  46.188  26.486  10.637 0.0000000000
133824  46.570  27.461  10.890 0.0000000000
133825  45.806  27.010  11.409 0.0000000000
133819  42.791  26.256  12.588 0.0000000000
133818  43.652  26.578  12.420 0.0000000000
132045  41.116  25.838  15.344 0.0000000000
132059  41.095  25.895  14.657 0.0000000000
132034  40.353  25.651  15.849 0.0000000000
129925  55.037  23.628  30.985 0.0000000000
128948  55.346  22.698  30.636 0.0000000000
126919  56.055  20.496  31.787 0.0000000000
125914  56.635  19.438  31.542 0.0000000000
125933  56.881  19.257  30.739 0.0000000000
124949  56.965  18.172  31.161 0.0000000000
144183  44.560  41.119  15.101 0.0000000000
144190  45.007  40.874  14.518 0.0000000000
139712  52.636  34.950  14.547 0.0000000000
137996  52.539  33.077  13.762 0.0000000000
139695  52.564  34.956  15.569 0.0000000000
139635  52.132  34.580  19.710 0.0000000000
139659  52.169  34.469  17.876 0.0000000000
139643  52.722  34.544  19.131 0.0000000000
137940  53.261  33.904  18.907 0.0000000000
139633  53.140  34.309  20.467 0.0000000000
136935  49.185  31.388  26.590 0.0000000000
136078  49.691  31.208  26.478 0.0000000000
136089  49.391  30.921  25.771 0.0000000000
133702  47.024  27.818  23.802 0.0000000000
134542  47.705  28.461  23.393 0.0000000000
133701  47.739  27.501  23.116 0.0000000000
132851  47.640  26.708  22.599 0.0000000000
131941  47.514  25.528  23.609 0.0000000000
131031  47.859  24.695  23.745 0.0000000000
130995  48.230  24.503  25.865 0.0000000000
130954  48.880  24.353  28.021 0.0000000000
130955  47.802  24.605  28.005 0.0000000000
140469  44.963  35.252  21.403 0.0000000000
140470  44.162  35.469  21.287 0.0000000000
140482  44.469  34.768  20.702 0.0000000000
140507  47.029  35.494  18.048 0.0000000000
140508  45.688  35.231  18.713 0.0000000000
141325  47.469  36.510  17.895 0.0000000000
142106  46.594  37.097  18.066 0.0000000000
142114  48.111  37.449  17.312 0.0000000000
141362  49.509  36.758  16.049 0.0000000000
142113  49.055  37.358  17.025 0.0000000000
141360  51.587  36.645  16.267 0.0000000000
141372  51.479  36.722  15.233 0.0000000000
140586  52.438  35.574  14.163 0.0000000000
138880  52.268  33.701  13.112 0.0000000000
132029  50.847  24.998  16.654 0.0000000000
131129  50.567  24.029  16.096 0.0000000000
131128  51.237  24.100  16.567 0.0000000000
128095  52.369  22.187  16.852 0.0000000000
128114  51.933  21.710  15.548 0.0000000000
128096  51.878  21.914  16.820 0.0000000000
127070  50.384  21.171  16.453 0.0000000000
128085  50.543  22.029  18.018 0.0000000000
131042  39.937  23.548  21.940 0.0000000000
131061  40.256  23.889  21.560 0.0000000000
132882  41.327  26.357  18.856 0.0000000000
131993  40.520  25.961  19.481 0.0000000000
131992  41.596  25.752  19.666 0.0000000000
131078  42.108  24.010  20.844 0.0000000000
131059  41.855  23.562  21.295 0.0000000000
130063  41.822  23.055  21.538 0.0000000000
130062  42.386  23.015  21.368 0.0000000000
128065  42.328  21.491  21.621 0.0000000000
129083  42.601  22.371  21.426 0.0000000000
128071  43.804  21.397  19.974 0.0000000000
128072  43.385  21.043  20.264 0.0000000000
127045  43.681  20.892  19.601 0.0000000000
127055  44.022  20.788  18.929 0.0000000000
138017  46.718  32.523  13.123 0.0000000000
137160  46.127  31.474  9.709 0.0000000000
137151  45.057  32.090  10.623 0.0000000000
136982  45.557  31.878  22.549 0.0000000000
136980  47.264  31.528  22.375 0.0000000000
136954  45.910  32.200  24.142 0.0000000000
137842  47.136  32.518  26.083 0.0000000000
137798  48.638  32.589  28.062 0.0000000000
139526  50.045  34.549  31.001 0.0000000000
136868  49.398  31.592  29.470 0.0000000000
148480  43.312  47.092  22.794 0.0000000000
147851  43.974  46.297  23.090 0.0000000000
147148  46.323  44.936  22.014 0.0000000000
145648  46.961  42.977  21.604 0.0000000000
144875  45.628  41.884  21.391 0.0000000000
142061  48.660  38.102  22.834 0.0000000000
142779  47.321  38.607  22.465 0.0000000000
143453  46.834  39.592  22.408 0.0000000000
142063  46.636  37.627  22.462 0.0000000000
141283  45.991  36.800  22.178 0.0000000000
141282  46.679  36.660  22.594 0.0000000000
138751  45.628  33.794  23.787 0.0000000000
138768  45.317  33.733  22.665 0.0000000000
137891  45.164  32.758  22.494 0.0000000000
136991  45.784  31.735  21.700 0.0000000000
130038  55.386  23.847  22.482 0.0000000000
129054  54.759  23.362  22.115 0.0000000000
129033  55.160  23.439  22.847 0.0000000000
128998  54.717  22.610  25.908 0.0000000000
129011  54.076  22.579  25.013 0.0000000000
128999  53.750  22.331  25.941 0.0000000000
129012  52.916  22.204  25.229 0.0000000000
128015  53.031  21.959  26.092 0.0000000000
127969  55.697  21.549  29.090 0.0000000000
127988  55.542  22.031  28.209 0.0000000000
127970  55.320  21.294  28.476 0.0000000000
125970  53.377  19.646  28.339 0.0000000000
126966  53.257  20.270  28.202 0.0000000000
125977  52.589  19.649  27.837 0.0000000000
126981  52.042  20.470  27.422 0.0000000000
125978  51.661  19.561  27.353 0.0000000000
125985  50.862  19.439  26.806 0.0000000000
124994  51.649  18.550  26.951 0.0000000000
132979  46.273  26.035  11.882 0.0000000000
132969  45.908  26.406  12.686 0.0000000000
133815  46.711  26.762  12.384 0.0000000000
134636  49.268  28.955  12.993 0.0000000000
134638  47.571  28.327  13.182 0.0000000000
134627  48.676  28.855  14.426 0.0000000000
137997  52.200  32.352  14.455 0.0000000000
136211  51.367  30.849  13.503 0.0000000000
137068  51.643  31.550  15.134 0.0000000000
135388  51.038  29.563  16.382 0.0000000000
135397  50.817  29.886  15.612 0.0000000000
135389  50.565  29.210  15.849 0.0000000000
134616  50.229  28.711  15.691 0.0000000000
134606  50.498  28.450  16.309 0.0000000000
133766  50.446  27.529  16.652 0.0000000000
134597  50.742  28.197  16.891 0.0000000000
134587  51.053  28.301  18.233 0.0000000000
133754  50.940  27.534  17.672 0.0000000000
132004  51.974  25.318  18.444 0.0000000000
132878  51.923  26.277  19.255 0.0000000000
136969  48.278  31.671  23.294 0.0000000000
137901  48.952  32.196  21.918 0.0000000000
137889  49.975  32.425  22.875 0.0000000000
137871  51.623  32.415  23.923 0.0000000000
137888  51.142  32.859  22.848 0.0000000000
137887  51.992  32.841  23.018 0.0000000000
137886  52.562  33.422  22.359 0.0000000000
137898  52.259  32.675  22.121 0.0000000000
136100  50.729  30.532  24.611 0.0000000000
136087  51.234  31.202  25.210 0.0000000000
136111  50.592  30.510  23.643 0.0000000000
135336  48.466  29.411  21.011 0.0000000000
136121  49.306  30.638  21.663 0.0000000000
136128  49.292  30.784  20.629 0.0000000000
137012  49.882  31.392  20.246 0.0000000000
136147  48.970  30.164  20.003 0.0000000000
135362  49.355  29.811  19.221 0.0000000000
134581  49.001  29.187  19.644 0.0000000000
131967  51.153  26.060  20.713 0.0000000000
131966  52.322  26.034  20.753 0.0000000000
132864  52.905  26.203  20.148 0.0000000000
131965  53.443  25.717  20.608 0.0000000000
131949  54.553  25.229  21.641 0.0000000000
131945  53.208  25.450  22.035 0.0000000000
130030  52.670  24.199  23.804 0.0000000000
131016  53.645  24.455  24.020 0.0000000000
130993  53.682  24.361  24.684 0.0000000000
130968  54.238  24.272  25.830 0.0000000000
129992  53.112  23.990  26.123 0.0000000000
130026  49.605  23.634  25.425 0.0000000000
130025  50.256  23.580  24.987 0.0000000000
129994  50.733  23.770  26.825 0.0000000000
130923  52.288  25.021  29.462 0.0000000000
130951  52.020  24.419  27.928 0.0000000000
130936  52.659  24.686  28.743 0.0000000000
130935  53.706  24.605  28.634 0.0000000000
130922  53.362  25.139  29.639 0.0000000000
130911  54.461  25.085  30.532 0.0000000000
146476  42.353  43.526  16.218 0.0000000000
147939  43.296  45.263  16.544 0.0000000000
147230  44.020  44.514  16.503 0.0000000000
144914  42.918  42.112  15.915 0.0000000000
142830  41.197  38.783  14.795 0.0000000000
143514  41.724  39.251  14.655 0.0000000000
142835  41.637  38.517  14.152 0.0000000000
142164  42.295  37.610  13.764 0.0000000000
142154  42.155  36.937  14.093 0.0000000000
140484  43.049  35.543  20.524 0.0000000000
142081  42.231  37.230  21.208 0.0000000000
140485  42.357  35.674  20.172 0.0000000000
140525  42.681  35.509  17.822 0.0000000000
141316  41.284  36.013  19.342 0.0000000000
141330  41.045  36.049  18.381 0.0000000000
141350  40.219  36.872  17.120 0.0000000000
141368  40.523  37.185  16.255 0.0000000000
140544  41.775  35.820  16.679 0.0000000000
139700  44.340  34.302  15.593 0.0000000000
140557  43.144  35.130  15.533 0.0000000000
138858  44.567  34.151  15.103 0.0000000000
140570  43.935  34.979  14.365 0.0000000000
138871  45.040  33.836  14.428 0.0000000000
138870  45.780  33.274  14.285 0.0000000000
137984  46.186  32.862  14.991 0.0000000000
137069  48.714  31.732  14.641 0.0000000000
137070  47.809  31.851  14.616 0.0000000000
137086  48.880  31.476  13.868 0.0000000000
136228  48.684  30.721  12.692 0.0000000000
136249  49.288  30.791  12.077 0.0000000000
138854  50.883  34.026  15.163 0.0000000000
137980  50.470  32.913  14.791 0.0000000000
138869  51.060  33.727  14.122 0.0000000000
135484  50.253  30.331  9.020 0.0000000000
137147  50.476  31.780  10.244 0.0000000000
135485  49.654  29.884  8.616 0.0000000000
136305  49.329  30.417  8.744 0.0000000000
134710  48.716  29.070  8.712 0.0000000000
133854  47.548  26.865  9.338 0.0000000000
133853  48.334  27.291  9.350 0.0000000000
132987  48.404  26.132  10.590 0.0000000000
132089  47.765  25.479  10.200 0.0000000000
132989  46.762  25.450  11.317 0.0000000000
132080  45.953  25.290  11.504 0.0000000000
133795  46.057  27.481  14.176 0.0000000000
133785  45.292  27.297  15.119 0.0000000000
133756  47.160  26.993  17.244 0.0000000000
133758  45.961  27.329  17.040 0.0000000000
132911  46.426  26.589  17.808 0.0000000000
132892  46.058  26.106  18.507 0.0000000000
132006  46.550  25.495  18.489 0.0000000000
130116  49.801  23.332  16.316 0.0000000000
131120  48.797  24.605  16.981 0.0000000000
130107  49.375  22.875  16.498 0.0000000000
129137  48.166  22.034  17.009 0.0000000000
129129  47.771  22.473  17.632 0.0000000000
129119  47.214  22.375  18.468 0.0000000000
130092  47.138  23.113  18.869 0.0000000000
129120  46.730  22.086  18.861 0.0000000000
129108  46.237  22.447  19.246 0.0000000000
128089  46.554  21.463  18.145 0.0000000000
127086  45.752  20.071  16.606 0.0000000000
127075  45.789  20.438  17.180 0.0000000000
127077  44.277  19.943  16.529 0.0000000000
127088  44.580  19.655  16.555 0.0000000000
129077  53.147  23.149  21.126 0.0000000000
129090  53.091  23.011  19.891 0.0000000000
129078  51.900  22.677  21.314 0.0000000000
129080  49.381  22.300  21.723 0.0000000000
129093  49.821  22.549  20.560 0.0000000000
128076  49.353  21.875  19.187 0.0000000000
129094  48.892  22.121  20.491 0.0000000000
127006  47.881  19.767  24.014 0.0000000000
127017  48.010  20.635  23.331 0.0000000000
127018  47.672  20.009  23.646 0.0000000000
132044  41.918  25.775  15.141 0.0000000000
132932  42.089  26.649  16.262 0.0000000000
132946  42.378  26.271  15.491 0.0000000000
132930  43.845  26.773  15.776 0.0000000000
132093  45.304  25.416  11.341 0.0000000000
132991  44.892  25.769  11.431 0.0000000000
132982  43.223  25.564  11.843 0.0000000000
132983  42.474  25.765  12.337 0.0000000000
132974  41.752  25.819  13.821 0.0000000000
132073  42.152  25.178  13.030 0.0000000000
132058  41.834  25.589  14.310 0.0000000000
128929  55.296  22.539  33.093 0.0000000000
127929  55.714  21.777  33.580 0.0000000000
126906  56.085  20.838  33.030 0.0000000000
125898  55.751  20.378  33.058 0.0000000000
140517  51.478  35.890  17.164 0.0000000000
139676  51.882  35.064  17.179 0.0000000000
139645  51.085  34.623  18.309 0.0000000000
138795  50.968  34.127  19.306 0.0000000000
138785  51.109  33.699  20.634 0.0000000000
136091  46.971  30.781  25.306 0.0000000000
136103  47.656  30.387  24.582 0.0000000000
135314  47.192  29.738  24.041 0.0000000000
132843  46.915  27.048  23.681 0.0000000000
138787  45.045  32.805  20.392 0.0000000000
139637  44.951  33.943  19.446 0.0000000000
138816  45.784  33.053  19.079 0.0000000000
139649  46.612  34.180  18.200 0.0000000000
140506  48.223  35.709  17.635 0.0000000000
141342  49.695  37.065  17.374 0.0000000000
139663  49.261  35.526  17.565 0.0000000000
140518  51.022  36.042  17.294 0.0000000000
131119  51.889  24.268  17.556 0.0000000000
130114  52.027  23.560  16.538 0.0000000000
130105  52.684  23.312  17.803 0.0000000000
129115  52.906  23.046  18.169 0.0000000000
129116  52.326  22.721  18.149 0.0000000000
131991  42.710  25.568  19.871 0.0000000000
129097  43.059  22.502  21.100 0.0000000000
130081  43.818  23.186  20.667 0.0000000000
129095  44.174  22.356  20.329 0.0000000000
128070  44.403  21.833  19.897 0.0000000000
136230  47.358  31.122  12.528 0.0000000000
137125  46.670  31.681  11.997 0.0000000000
136274  47.170  31.199  11.043 0.0000000000
137159  46.436  31.230  9.493 0.0000000000
136288  45.815  30.842  9.928 0.0000000000
131145  38.694  24.448  15.239 0.0000000000
131134  38.225  24.677  15.868 0.0000000000
131113  37.482  24.710  18.100 0.0000000000
131996  37.882  24.990  18.574 0.0000000000
138739  46.032  33.963  24.781 0.0000000000
137858  45.613  32.949  24.661 0.0000000000
138728  46.163  33.706  25.611 0.0000000000
138727  46.557  34.111  26.395 0.0000000000
143428  48.400  39.585  24.269 0.0000000000
144115  48.418  40.366  23.762 0.0000000000
143441  49.238  38.914  23.982 0.0000000000
142045  48.831  37.667  23.623 0.0000000000
142046  48.125  37.189  23.202 0.0000000000
140455  46.662  35.768  22.999 0.0000000000
140454  47.257  36.316  23.550 0.0000000000
139597  46.500  35.068  24.202 0.0000000000
131013  55.582  24.186  24.952 0.0000000000
130021  55.588  23.700  24.406 0.0000000000
130009  55.702  23.659  25.388 0.0000000000
128997  55.605  23.062  26.176 0.0000000000
128981  55.016  22.368  26.869 0.0000000000
125952  56.039  19.499  29.547 0.0000000000
125968  55.370  19.614  28.946 0.0000000000
124977  54.973  18.796  28.775 0.0000000000
123927  53.780  18.306  28.331 0.0000000000
132977  48.055  26.494  11.441 0.0000000000
133813  48.306  27.346  11.804 0.0000000000
134647  49.536  28.872  12.497 0.0000000000
135428  49.708  29.182  12.694 0.0000000000
137966  52.238  32.598  16.538 0.0000000000
137054  51.817  31.583  16.205 0.0000000000
136177  51.595  30.555  16.839 0.0000000000
135381  51.258  29.524  17.280 0.0000000000
135372  51.062  29.267  18.076 0.0000000000
134588  50.544  28.878  18.690 0.0000000000
137854  49.600  32.383  24.966 0.0000000000
137873  49.655  32.171  23.859 0.0000000000
137853  50.625  32.519  24.882 0.0000000000
137852  51.392  32.292  24.898 0.0000000000
134548  48.926  28.776  22.872 0.0000000000
136112  49.870  30.038  23.395 0.0000000000
135330  48.587  29.233  21.862 0.0000000000
134558  48.328  28.573  21.152 0.0000000000
133732  48.834  27.775  20.226 0.0000000000
133743  49.168  28.537  19.740 0.0000000000
132867  49.495  26.866  20.499 0.0000000000
131952  51.558  25.421  21.308 0.0000000000
131054  52.612  25.131  22.128 0.0000000000
131037  52.204  24.625  22.542 0.0000000000
131028  51.790  24.321  23.025 0.0000000000
130023  52.327  23.860  24.469 0.0000000000
130971  50.204  24.168  27.334 0.0000000000
130970  50.670  24.144  27.357 0.0000000000
130938  50.636  24.955  28.814 0.0000000000
130924  51.536  25.060  29.646 0.0000000000
147232  41.642  44.331  16.656 0.0000000000
145721  41.995  42.582  16.098 0.0000000000
144923  42.014  41.200  15.636 0.0000000000
144177  41.415  40.958  15.764 0.0000000000
143509  40.755  39.369  15.681 0.0000000000
142146  40.657  38.018  15.493 0.0000000000
144886  43.868  41.724  20.814 0.0000000000
144887  43.155  41.529  20.438 0.0000000000
144153  43.576  40.865  20.714 0.0000000000
143475  42.224  39.564  20.565 0.0000000000
140510  43.806  35.716  18.744 0.0000000000
140497  42.991  35.485  19.552 0.0000000000
141329  44.037  36.045  18.157 0.0000000000
140524  43.681  35.684  17.828 0.0000000000
140542  43.195  35.463  17.312 0.0000000000
139685  42.967  35.319  16.450 0.0000000000
139683  44.079  34.579  16.530 0.0000000000
139682  45.049  34.527  16.252 0.0000000000
138842  45.723  33.682  15.949 0.0000000000
137970  46.032  33.224  15.458 0.0000000000
137968  47.543  32.789  16.118 0.0000000000
137981  49.395  32.393  15.259 0.0000000000
138025  51.760  32.981  11.791 0.0000000000
138026  51.333  32.547  11.870 0.0000000000
137145  51.225  31.816  9.844 0.0000000000
135474  50.579  30.197  9.541 0.0000000000
135475  50.096  29.682  9.117 0.0000000000
133835  49.047  27.863  9.763 0.0000000000
133822  49.131  27.717  10.623 0.0000000000
134620  47.100  28.531  15.003 0.0000000000
133770  46.688  27.761  16.279 0.0000000000
134608  47.332  28.066  16.047 0.0000000000
132909  47.947  25.972  17.345 0.0000000000
128117  49.673  21.262  14.885 0.0000000000
129135  49.503  22.085  16.208 0.0000000000
128109  48.946  21.196  15.721 0.0000000000
128110  48.280  21.321  16.642 0.0000000000
127073  47.350  20.764  17.140 0.0000000000
127074  46.767  20.740  17.416 0.0000000000
126074  46.496  19.849  16.646 0.0000000000
126062  46.463  19.453  16.985 0.0000000000
129036  52.479  22.489  23.292 0.0000000000
129057  51.620  22.504  22.421 0.0000000000
129058  50.462  22.358  22.658 0.0000000000
128060  48.942  21.828  22.496 0.0000000000
132899  39.569  25.836  17.441 0.0000000000
132884  39.694  26.105  18.188 0.0000000000
132898  40.240  26.274  17.689 0.0000000000
132897  41.070  26.499  17.923 0.0000000000
132896  42.045  26.750  18.120 0.0000000000
131989  44.816  25.591  19.498 0.0000000000
134695  47.290  28.963  9.808 0.0000000000
135462  46.596  29.349  10.141 0.0000000000
134663  45.990  28.247  11.470 0.0000000000
133826  44.896  26.626  11.547 0.0000000000
132060  39.937  25.442  14.895 0.0000000000
132047  39.549  24.790  15.128 0.0000000000
132035  39.571  25.089  16.016 0.0000000000
143429  47.508  39.637  24.358 0.0000000000
142755  47.925  38.805  24.882 0.0000000000
142748  49.049  38.356  25.702 0.0000000000
129946  55.594  23.556  28.812 0.0000000000
129956  55.833  23.436  27.784 0.0000000000
128958  55.591  22.661  29.511 0.0000000000
127944  55.641  21.605  31.299 0.0000000000
126931  56.220  20.624  30.820 0.0000000000
126945  56.216  20.298  29.953 0.0000000000
125951  56.572  19.267  30.120 0.0000000000
124969  57.028  18.335  30.181 0.0000000000
137121  52.012  31.737  11.902 0.0000000000
136226  51.581  30.949  12.426 0.0000000000
137104  52.180  31.737  12.894 0.0000000000
137978  52.439  33.196  14.789 0.0000000000
138853  52.252  33.234  15.786 0.0000000000
139675  52.237  34.951  16.674 0.0000000000
138837  52.442  33.819  16.379 0.0000000000
137965  52.458  33.138  16.637 0.0000000000
137955  52.710  32.978  17.238 0.0000000000
137027  52.547  32.422  17.975 0.0000000000
137942  52.324  32.663  18.948 0.0000000000
136889  51.164  31.800  28.365 0.0000000000
136913  50.959  32.385  27.534 0.0000000000
136914  50.870  31.573  27.143 0.0000000000
136088  50.517  30.811  25.493 0.0000000000
135313  48.182  29.699  24.134 0.0000000000
135312  49.191  29.661  24.187 0.0000000000
134540  49.005  28.756  23.122 0.0000000000
133712  48.087  27.855  22.541 0.0000000000
131956  47.812  26.361  22.063 0.0000000000
131946  48.190  25.234  22.332 0.0000000000
131040  48.639  24.566  22.746 0.0000000000
131030  48.765  24.084  23.925 0.0000000000
130014  49.393  23.787  26.030 0.0000000000
130994  48.851  24.076  26.311 0.0000000000
129996  49.316  23.982  26.550 0.0000000000
130939  49.614  24.703  28.864 0.0000000000
130926  49.484  24.185  29.560 0.0000000000
144907  40.109  41.329  18.164 0.0000000000
142065  44.494  37.406  22.180 0.0000000000
142080  43.425  37.328  21.808 0.0000000000
141300  43.755  36.228  21.619 0.0000000000
140471  43.494  35.608  21.179 0.0000000000
140494  45.158  34.478  19.148 0.0000000000
140509  44.669  35.749  19.014 0.0000000000
141327  45.459  36.354  18.413 0.0000000000
141365  46.515  36.701  17.260 0.0000000000
140538  47.966  36.006  16.246 0.0000000000
139679  48.561  35.080  16.533 0.0000000000
140537  49.051  36.066  16.300 0.0000000000
139677  50.235  35.598  15.571 0.0000000000
139714  51.376  34.741  14.450 0.0000000000
141361  50.837  37.283  16.167 0.0000000000
140554  51.384  36.303  14.797 0.0000000000
139713  51.763  35.256  13.979 0.0000000000
138892  52.078  33.405  12.114 0.0000000000
137120  52.187  32.436  11.661 0.0000000000
132926  50.068  26.583  16.478 0.0000000000
132927  49.297  26.524  16.499 0.0000000000
132031  49.631  25.659  16.447 0.0000000000
131130  49.804  24.650  16.240 0.0000000000
130115  50.389  22.978  15.867 0.0000000000
130125  52.214  22.920  15.884 0.0000000000
129154  51.438  21.706  14.827 0.0000000000
128128  50.380  21.267  14.615 0.0000000000
127093  50.340  20.554  15.234 0.0000000000
127071  49.903  20.983  16.473 0.0000000000
128099  49.027  20.762  17.210 0.0000000000
126996  49.931  20.688  25.732 0.0000000000
128027  49.502  21.110  24.782 0.0000000000
126997  49.277  20.254  25.461 0.0000000000
129061  40.396  22.470  22.390 0.0000000000
131972  41.820  25.033  20.410 0.0000000000
131079  41.050  24.504  20.972 0.0000000000
129085  40.933  22.419  22.048 0.0000000000
129060  41.001  21.966  22.174 0.0000000000
128063  43.402  21.788  20.655 0.0000000000
127038  42.863  20.752  20.617 0.0000000000
138039  46.389  32.595  11.249 0.0000000000
136287  46.347  30.136  9.742 0.0000000000
135463  45.949  30.057  10.228 0.0000000000
136998  47.401  31.736  20.475 0.0000000000
137910  48.607  32.197  20.627 0.0000000000
136989  47.313  31.525  21.377 0.0000000000
136952  47.796  31.829  24.236 0.0000000000
137857  46.447  32.417  25.050 0.0000000000
137856  47.426  32.214  25.116 0.0000000000
137855  48.513  32.260  25.069 0.0000000000
137819  48.966  32.329  27.046 0.0000000000
137769  51.319  32.401  29.550 0.0000000000
136867  50.636  31.778  29.498 0.0000000000
136891  48.967  31.496  28.321 0.0000000000
136916  48.578  31.471  27.318 0.0000000000
147169  45.218  44.393  21.187 0.0000000000
147861  45.824  45.820  22.204 0.0000000000
147149  45.564  44.940  21.509 0.0000000000
146409  44.942  43.704  21.087 0.0000000000
144876  44.654  41.840  21.315 0.0000000000
144143  44.988  40.973  21.535 0.0000000000
143455  44.823  39.289  22.026 0.0000000000
144127  48.452  40.362  23.120 0.0000000000
144130  46.594  40.398  22.066 0.0000000000
143454  45.604  39.735  22.120 0.0000000000
142781  45.016  38.574  22.350 0.0000000000
141284  45.237  36.785  22.119 0.0000000000
141298  45.464  36.095  21.841 0.0000000000
139624  45.214  34.537  21.743 0.0000000000
140456  46.004  35.273  22.508 0.0000000000
138778  45.222  34.146  22.117 0.0000000000
138788  44.714  33.073  20.920 0.0000000000
137913  45.427  32.189  20.732 0.0000000000
136999  46.430  31.649  20.615 0.0000000000
130077  54.698  24.130  20.429 0.0000000000
130078  54.398  23.611  20.405 0.0000000000
130060  54.287  23.553  21.081 0.0000000000
129076  54.090  23.316  21.513 0.0000000000
129035  53.615  22.648  23.113 0.0000000000
129021  55.146  23.272  23.753 0.0000000000
129024  52.141  22.275  24.324 0.0000000000
129013  51.813  21.941  25.170 0.0000000000
128017  51.303  21.578  25.782 0.0000000000
127989  55.135  21.881  27.745 0.0000000000
127990  54.159  21.644  27.457 0.0000000000
126964  54.917  20.520  28.648 0.0000000000
126979  53.525  21.118  27.766 0.0000000000
128005  53.503  21.920  26.710 0.0000000000
128006  52.723  21.533  26.652 0.0000000000
128007  51.785  21.233  26.708 0.0000000000
128008  50.983  20.930  26.286 0.0000000000
126989  50.194  20.319  26.336 0.0000000000
132970  45.176  25.951  12.987 0.0000000000
132957  44.845  26.366  13.753 0.0000000000
133806  45.636  26.673  13.557 0.0000000000
133805  46.371  27.112  13.212 0.0000000000
134639  46.747  27.813  13.506 0.0000000000
134649  47.824  27.711  12.435 0.0000000000
134629  46.859  28.262  14.222 0.0000000000
134619  47.839  28.354  15.404 0.0000000000
134618  48.755  28.350  15.243 0.0000000000
133781  49.431  27.873  15.980 0.0000000000
136227  50.875  30.165  12.970 0.0000000000
136201  50.967  30.555  14.734 0.0000000000
136202  50.446  29.970  14.553 0.0000000000
135406  50.095  29.609  14.336 0.0000000000
135399  49.769  29.081  14.735 0.0000000000
133767  49.841  27.466  16.235 0.0000000000
132908  50.613  26.749  17.010 0.0000000000
132018  50.680  25.793  17.125 0.0000000000
132907  50.997  26.526  17.711 0.0000000000
132003  52.631  24.987  18.762 0.0000000000
131093  53.557  24.684  19.416 0.0000000000
137909  49.603  32.626  20.259 0.0000000000
138786  50.441  33.164  21.010 0.0000000000
138775  51.859  34.199  21.539 0.0000000000
138776  51.230  33.544  22.044 0.0000000000
139622  52.658  34.192  21.961 0.0000000000
138774  53.007  33.762  21.953 0.0000000000
137907  52.621  33.301  20.595 0.0000000000
136933  51.519  31.901  26.048 0.0000000000
136950  51.591  31.805  24.723 0.0000000000
136966  51.528  31.720  23.715 0.0000000000
136115  50.340  30.631  23.093 0.0000000000
136977  50.754  31.215  23.051 0.0000000000
136985  51.449  32.300  21.574 0.0000000000
137011  50.642  31.838  19.806 0.0000000000
136163  50.339  30.620  18.657 0.0000000000
134589  49.972  29.431  18.748 0.0000000000
133741  50.846  27.814  19.395 0.0000000000
133731  50.186  27.516  20.083 0.0000000000
133730  51.238  27.264  19.877 0.0000000000
133729  51.686  26.866  19.618 0.0000000000
132877  52.645  26.085  19.588 0.0000000000
131984  53.630  25.393  19.847 0.0000000000
131092  54.151  24.625  19.752 0.0000000000
131074  54.868  24.657  21.062 0.0000000000
131053  55.129  24.647  21.961 0.0000000000
131034  54.823  24.658  22.871 0.0000000000
131036  53.115  24.943  22.612 0.0000000000
131025  54.218  24.676  23.535 0.0000000000
131024  54.973  24.624  23.758 0.0000000000
130991  55.042  24.376  25.459 0.0000000000
130967  54.966  24.215  26.500 0.0000000000
130948  54.876  24.210  27.491 0.0000000000
130032  50.645  23.715  23.923 0.0000000000
130024  51.348  23.584  24.670 0.0000000000
130011  52.121  23.657  25.419 0.0000000000
129971  51.464  23.991  27.304 0.0000000000
129993  51.831  23.601  26.473 0.0000000000
129969  53.535  23.912  27.105 0.0000000000
130949  54.043  24.152  27.787 0.0000000000
130934  54.647  24.455  28.383 0.0000000000
130910  54.999  24.735  29.738 0.0000000000
129937  54.965  24.313  30.843 0.0000000000
129926  54.471  24.128  31.525 0.0000000000
128930  54.693  23.085  32.647 0.0000000000
144192  42.828  40.252  14.380 0.0000000000
144185  41.779  40.703  15.463 0.0000000000
143507  42.213  39.978  14.876 0.0000000000
143512  42.979  39.877  13.808 0.0000000000
142840  42.704  38.393  13.578 0.0000000000
142163  43.085  37.444  13.518 0.0000000000
141394  44.103  36.298  13.324 0.0000000000
144897  40.481  40.885  18.816 0.0000000000
144173  39.806  40.341  18.136 0.0000000000
142792  42.661  38.372  21.526 0.0000000000
142793  42.022  38.104  21.206 0.0000000000
140498  42.122  35.588  19.455 0.0000000000
142820  39.542  38.788  18.425 0.0000000000
142823  39.534  38.808  17.520 0.0000000000
142134  40.031  38.187  16.670 0.0000000000
141376  40.713  37.549  15.654 0.0000000000
141375  41.120  36.792  15.538 0.0000000000
140558  42.682  35.405  15.935 0.0000000000
140572  42.228  35.897  15.097 0.0000000000
141386  41.666  36.670  14.668 0.0000000000
141384  43.284  35.901  14.314 0.0000000000
140589  44.246  35.321  13.738 0.0000000000
140588  44.988  35.137  13.271 0.0000000000
139729  45.251  34.449  13.510 0.0000000000
138016  47.204  32.108  13.535 0.0000000000
137983  47.130  32.378  14.970 0.0000000000
137071  47.429  32.143  14.387 0.0000000000
137108  47.349  31.585  13.043 0.0000000000
136229  47.817  30.831  12.651 0.0000000000
136250  48.321  30.615  11.907 0.0000000000
136285  48.883  30.702  10.147 0.0000000000
138839  49.185  34.195  16.143 0.0000000000
138015  50.307  32.052  13.270 0.0000000000
138014  50.880  32.605  12.674 0.0000000000
137105  50.334  31.835  12.605 0.0000000000
137123  50.032  31.368  12.040 0.0000000000
136284  49.762  31.216  10.534 0.0000000000
136295  48.635  30.293  9.096 0.0000000000
135477  48.027  29.676  8.915 0.0000000000
134694  47.728  28.369  9.189 0.0000000000
133001  46.987  26.413  9.437 0.0000000000
133002  46.546  25.934  10.017 0.0000000000
132100  47.580  25.520  9.559 0.0000000000
131182  46.369  24.695  9.707 0.0000000000
132103  45.674  24.942  10.282 0.0000000000
132092  45.701  24.846  10.932 0.0000000000
132070  44.657  25.468  12.329 0.0000000000
132943  44.652  26.688  14.574 0.0000000000
133786  44.457  26.948  15.291 0.0000000000
133772  44.625  27.333  16.046 0.0000000000
133759  45.057  27.288  16.852 0.0000000000
132008  45.102  26.081  18.924 0.0000000000
132032  48.946  25.625  16.732 0.0000000000
132019  48.377  25.505  17.330 0.0000000000
129128  48.569  22.682  17.022 0.0000000000
130109  48.224  23.669  17.483 0.0000000000
131110  47.572  24.387  18.189 0.0000000000
131111  46.866  24.598  18.602 0.0000000000
131095  46.059  24.173  19.386 0.0000000000
129109  45.427  22.344  19.566 0.0000000000
128081  44.814  21.270  19.245 0.0000000000
127063  45.977  20.843  17.856 0.0000000000
127064  44.941  20.629  18.155 0.0000000000
127054  44.585  20.859  18.768 0.0000000000
127065  43.805  20.343  17.333 0.0000000000
129103  52.221  22.803  19.089 0.0000000000
129092  50.948  22.714  20.398 0.0000000000
129104  51.191  22.614  19.325 0.0000000000
129118  50.538  22.286  18.647 0.0000000000
128086  49.718  21.694  18.297 0.0000000000
128087  48.818  20.985  17.758 0.0000000000
128039  49.344  21.580  24.021 0.0000000000
128051  49.026  21.689  23.264 0.0000000000
128061  48.389  21.683  21.741 0.0000000000
127028  47.284  20.242  22.607 0.0000000000
128053  47.617  21.194  22.190 0.0000000000
128068  48.223  21.659  20.618 0.0000000000
128069  47.631  21.144  19.999 0.0000000000
127051  47.870  20.665  18.755 0.0000000000
127060  48.027  20.288  18.044 0.0000000000
126050  47.275  19.608  17.521 0.0000000000
126051  46.467  19.398  17.796 0.0000000000
125899  55.054  20.253  33.277 0.0000000000
124928  55.902  18.797  31.867 0.0000000000
123911  56.147  18.267  29.380 0.0000000000
123939  53.524  17.917  27.773 0.0000000000
124927  56.505  19.015  31.830 0.0000000000
124976  55.703  18.738  29.361 0.0000000000
124978  53.989  18.827  28.626 0.0000000000
124985  53.390  18.757  28.148 0.0000000000
124987  52.128  18.942  27.562 0.0000000000
124993  52.372  18.425  27.333 0.0000000000
125971  53.012  20.052  28.082 0.0000000000
125976  53.052  19.208  27.979 0.0000000000
125986  50.077  19.325  26.399 0.0000000000
126000  47.746  19.582  23.761 0.0000000000
126041  47.076  19.620  18.310 0.0000000000
126907  55.650  20.658  33.512 0.0000000000
126918  56.721  19.992  31.133 0.0000000000
126944  56.654  19.681  30.347 0.0000000000
126965  53.853  20.681  28.297 0.0000000000
126990  49.641  19.816  26.153 0.0000000000
126998  48.751  19.749  25.009 0.0000000000
127004  48.995  20.659  24.770 0.0000000000
127036  47.150  20.777  21.633 0.0000000000
127062  46.409  20.991  17.806 0.0000000000
127080  50.943  20.911  15.834 0.0000000000
127081  50.553  20.991  16.019 0.0000000000
127082  49.646  20.666  15.797 0.0000000000
127084  47.761  20.543  16.596 0.0000000000
127087  45.011  19.836  16.473 0.0000000000
127092  50.868  20.927  15.491 0.0000000000
127094  49.641  20.649  15.003 0.0000000000
127099  50.827  20.798  14.993 0.0000000000
127100  50.370  20.760  14.678 0.0000000000
127101  49.931  20.930  14.509 0.0000000000
127991  53.216  21.352  27.300 0.0000000000
127992  52.511  21.101  27.240 0.0000000000
128018  50.474  21.116  25.686 0.0000000000
128019  49.879  20.958  25.341 0.0000000000
128025  50.897  21.542  25.209 0.0000000000
128028  48.886  21.020  24.403 0.0000000000
128040  48.596  21.143  23.740 0.0000000000
128052  48.329  21.317  22.802 0.0000000000
128062  47.578  21.319  21.139 0.0000000000
128078  47.718  20.999  19.420 0.0000000000
128079  46.432  21.796  18.961 0.0000000000
128080  45.894  21.606  19.106 0.0000000000
128091  45.085  20.906  18.675 0.0000000000
128097  50.722  21.513  17.020 0.0000000000
128100  47.443  21.331  17.361 0.0000000000
128101  46.919  21.152  17.653 0.0000000000
128105  52.246  21.927  16.338 0.0000000000
128106  51.261  21.408  16.015 0.0000000000
128107  50.846  21.301  16.312 0.0000000000
128108  49.511  21.441  15.567 0.0000000000
128116  50.341  21.490  14.841 0.0000000000
128118  49.288  21.121  15.115 0.0000000000
128126  51.577  21.605  15.028 0.0000000000
128127  50.999  21.286  14.811 0.0000000000
128129  49.961  21.200  14.541 0.0000000000
128939  54.566  23.387  32.055 0.0000000000
129014  51.276  21.721  25.166 0.0000000000
129022  54.372  22.803  23.979 0.0000000000
129026  50.397  21.702  24.394 0.0000000000
129053  55.160  23.554  22.384 0.0000000000
129055  53.867  22.986  22.171 0.0000000000
129059  49.553  22.123  22.934 0.0000000000
129075  54.572  23.489  21.542 0.0000000000
129082  43.170  22.066  21.013 0.0000000000
129089  53.825  23.263  19.649 0.0000000000
129106  49.266  22.115  19.767 0.0000000000
129107  46.809  22.671  19.006 0.0000000000
129114  53.469  23.251  18.569 0.0000000000
129117  51.315  22.403  18.209 0.0000000000
129124  52.626  22.576  16.995 0.0000000000
129125  52.378  22.453  17.364 0.0000000000
129127  49.041  22.627  16.540 0.0000000000
129133  52.351  22.367  16.032 0.0000000000
129134  50.142  22.338  16.043 0.0000000000
129143  51.808  22.221  15.173 0.0000000000
129144  51.114  22.381  15.086 0.0000000000
129145  50.520  22.174  15.414 0.0000000000
129155  51.116  21.769  14.713 0.0000000000
129156  50.722  21.730  14.847 0.0000000000
129968  54.375  24.026  27.010 0.0000000000
129970  52.492  23.823  27.210 0.0000000000
129972  50.919  24.111  27.347 0.0000000000
129990  54.514  24.134  26.675 0.0000000000
130013  50.119  23.649  25.952 0.0000000000
130022  53.082  24.176  24.319 0.0000000000
130028  55.523  23.782  23.430 0.0000000000
130029  53.180  24.324  23.882 0.0000000000
130031  51.695  23.977  23.644 0.0000000000
130039  55.138  23.630  22.110 0.0000000000
130040  51.404  24.248  23.172 0.0000000000
130042  40.328  23.025  22.149 0.0000000000
130058  55.358  24.166  22.074 0.0000000000
130061  53.805  23.412  21.064 0.0000000000
130065  40.235  23.343  21.968 0.0000000000
130083  42.210  23.386  21.258 0.0000000000
130090  54.537  24.318  19.964 0.0000000000
130093  46.526  23.403  19.153 0.0000000000
130095  45.057  23.171  19.933 0.0000000000
130099  53.674  23.623  18.848 0.0000000000
130102  47.093  23.850  18.756 0.0000000000
130106  52.351  23.595  17.291 0.0000000000
130108  48.996  23.452  16.693 0.0000000000
130117  49.312  24.218  16.461 0.0000000000
130126  51.513  23.171  15.712 0.0000000000
130127  50.860  23.133  15.634 0.0000000000
130920  55.190  24.390  29.048 0.0000000000
130952  50.909  24.503  27.829 0.0000000000
130966  55.759  23.989  26.497 0.0000000000
130969  53.677  24.248  25.348 0.0000000000
130972  49.298  24.202  27.148 0.0000000000
130992  54.368  24.458  25.040 0.0000000000
131014  55.053  24.521  24.600 0.0000000000
131017  49.550  23.590  24.961 0.0000000000
131018  48.858  23.741  25.205 0.0000000000
131026  53.339  24.542  23.391 0.0000000000
131033  55.347  24.290  23.176 0.0000000000
131035  54.021  24.980  22.865 0.0000000000
131041  47.807  25.061  22.938 0.0000000000
131052  55.306  24.342  22.507 0.0000000000
131055  51.896  24.859  21.924 0.0000000000
131058  48.701  25.010  21.844 0.0000000000
131091  54.533  24.704  20.355 0.0000000000
131094  46.593  24.166  18.998 0.0000000000
131107  53.814  24.160  19.221 0.0000000000
131109  52.456  24.547  18.247 0.0000000000
131112  38.007  24.678  17.819 0.0000000000
131122  38.692  24.634  17.009 0.0000000000
131133  38.428  24.540  16.144 0.0000000000
131142  51.017  23.700  15.806 0.0000000000
131146  38.480  24.657  15.380 0.0000000000
131154  42.381  24.945  12.339 0.0000000000
131160  42.583  24.729  12.137 0.0000000000
131161  42.489  24.865  11.905 0.0000000000
131166  46.650  24.607  10.591 0.0000000000
131168  45.950  24.561  10.293 0.0000000000
131169  42.621  25.049  11.772 0.0000000000
131170  42.600  24.875  11.620 0.0000000000
131174  46.775  24.514  10.235 0.0000000000
131175  46.339  24.468  10.024 0.0000000000
131176  46.015  24.605  9.895 0.0000000000
131181  46.785  24.607  9.801 0.0000000000
131183  46.115  24.708  9.712 0.0000000000
131886  52.565  25.278  30.012 0.0000000000
131944  53.908  25.381  22.222 0.0000000000
131950  53.726  25.515  21.473 0.0000000000
131964  54.318  25.258  20.861 0.0000000000
131968  49.983  26.154  20.867 0.0000000000
131969  48.895  26.129  20.823 0.0000000000
131970  48.346  26.331  21.122 0.0000000000
131985  53.038  25.257  19.349 0.0000000000
131987  46.371  24.710  18.960 0.0000000000
132005  47.158  25.002  18.331 0.0000000000
132007  45.634  25.775  18.880 0.0000000000
132011  37.913  24.761  18.086 0.0000000000
132020  47.544  25.452  17.829 0.0000000000
132081  45.185  25.396  11.611 0.0000000000
132084  42.446  25.013  12.111 0.0000000000
132090  47.095  24.947  10.636 0.0000000000
132091  46.422  24.759  11.011 0.0000000000
132094  42.765  24.936  11.548 0.0000000000
132095  42.491  25.031  11.779 0.0000000000
132101  47.256  24.877  9.920 0.0000000000
132102  46.063  25.271  9.814 0.0000000000
132104  45.523  25.113  10.847 0.0000000000
132110  47.355  25.651  9.273 0.0000000000
132111  46.912  25.177  9.501 0.0000000000
132112  46.290  24.965  9.594 0.0000000000
132113  45.937  24.812  9.775 0.0000000000
132854  47.977  26.673  21.505 0.0000000000
132855  47.733  26.821  22.033 0.0000000000
132863  53.329  25.862  20.084 0.0000000000
132876  53.165  25.840  19.791 0.0000000000
132893  45.473  26.313  18.428 0.0000000000
132910  47.539  26.497  17.366 0.0000000000
132918  39.628  25.546  16.754 0.0000000000
132929  47.929  26.849  17.000 0.0000000000
132934  40.546  25.984  16.390 0.0000000000
132935  40.023  25.660  16.369 0.0000000000
132959  43.237  25.922  14.293 0.0000000000
132988  47.590  25.736  10.994 0.0000000000
132990  45.419  26.152  10.984 0.0000000000
132992  42.953  25.086  11.580 0.0000000000
132993  42.702  25.127  11.720 0.0000000000
133000  48.386  26.046  9.657 0.0000000000
133004  45.402  25.445  10.868 0.0000000000
133014  47.761  26.152  9.192 0.0000000000
133016  46.670  25.561  9.559 0.0000000000
133713  47.780  27.274  22.264 0.0000000000
133722  47.821  27.095  21.809 0.0000000000
133742  49.874  28.179  19.673 0.0000000000
133748  51.225  27.441  18.484 0.0000000000
133749  50.888  28.195  18.843 0.0000000000
133814  47.588  26.967  12.172 0.0000000000
133823  48.758  26.971  11.035 0.0000000000
133837  47.471  27.361  9.592 0.0000000000
133838  47.042  26.854  10.193 0.0000000000
133852  48.850  28.057  9.242 0.0000000000
134541  48.495  28.398  23.050 0.0000000000
134549  48.357  28.574  22.259 0.0000000000
134569  48.577  28.819  20.231 0.0000000000
134579  50.406  28.406  19.197 0.0000000000
134609  47.010  28.318  15.678 0.0000000000
134617  49.589  28.493  15.393 0.0000000000
134637  48.773  28.839  13.310 0.0000000000
134646  49.938  29.091  12.251 0.0000000000
134660  49.414  28.466  11.356 0.0000000000
134675  50.151  29.104  10.813 0.0000000000
134678  47.138  28.151  10.147 0.0000000000
134693  48.548  28.351  8.920 0.0000000000
134709  49.141  29.416  8.636 0.0000000000
134711  48.277  28.707  8.693 0.0000000000
135311  49.987  30.063  24.044 0.0000000000
135322  49.362  29.324  23.345 0.0000000000
135323  48.454  29.136  23.562 0.0000000000
135325  46.958  29.266  23.794 0.0000000000
135329  49.038  29.218  22.548 0.0000000000
135363  48.936  29.682  19.719 0.0000000000
135374  49.936  30.031  18.709 0.0000000000
135407  49.438  29.297  14.113 0.0000000000
135415  50.109  29.638  13.502 0.0000000000
135416  49.459  29.170  13.175 0.0000000000
135417  49.115  29.025  13.389 0.0000000000
135476  48.441  30.013  8.690 0.0000000000
135486  48.760  29.852  8.473 0.0000000000
136077  50.268  31.189  26.345 0.0000000000
136090  48.088  30.909  25.433 0.0000000000
136099  51.271  31.103  24.319 0.0000000000
136102  48.778  30.367  24.737 0.0000000000
136104  46.559  30.266  24.525 0.0000000000
136116  49.668  30.146  22.712 0.0000000000
136117  49.013  29.614  22.253 0.0000000000
136129  48.719  30.190  20.882 0.0000000000
136146  49.460  30.678  19.682 0.0000000000
136164  49.728  30.507  19.005 0.0000000000
136251  47.268  30.905  11.873 0.0000000000
136252  46.887  31.346  11.430 0.0000000000
136269  51.442  31.156  10.675 0.0000000000
136270  51.225  30.425  10.926 0.0000000000
136271  49.720  31.096  11.379 0.0000000000
136282  51.373  31.472  10.161 0.0000000000
136292  51.241  31.419  9.599 0.0000000000
136293  50.727  31.079  9.261 0.0000000000
136298  46.067  31.262  9.530 0.0000000000
136304  50.021  30.655  8.892 0.0000000000
136306  48.870  30.277  8.614 0.0000000000
136841  50.921  32.794  30.747 0.0000000000
136842  50.639  32.796  30.826 0.0000000000
136849  51.433  32.490  29.834 0.0000000000
136850  51.034  32.487  30.316 0.0000000000
136851  49.879  32.413  30.566 0.0000000000
136865  51.442  32.103  28.660 0.0000000000
136866  51.260  32.237  29.166 0.0000000000
136888  51.700  32.078  28.295 0.0000000000
136915  49.726  31.483  27.211 0.0000000000
136967  51.065  31.133  23.640 0.0000000000
136968  48.976  31.856  23.687 0.0000000000
136970  47.055  31.576  23.358 0.0000000000
136971  46.067  31.651  23.420 0.0000000000
136972  45.494  32.234  23.369 0.0000000000
136978  50.212  30.737  22.825 0.0000000000
136981  46.332  31.531  22.504 0.0000000000
136987  49.991  31.075  22.373 0.0000000000
136988  48.090  31.810  21.177 0.0000000000
136994  51.409  32.348  20.442 0.0000000000
136995  50.628  31.877  20.915 0.0000000000
136996  49.812  31.408  21.352 0.0000000000
136997  47.999  31.885  20.638 0.0000000000
137000  45.955  31.601  21.127 0.0000000000
137013  47.050  31.871  19.971 0.0000000000
137014  46.809  31.800  20.165 0.0000000000
137085  51.730  31.614  14.030 0.0000000000
137088  47.547  31.946  13.930 0.0000000000
137103  52.365  32.333  12.192 0.0000000000
137107  48.358  30.985  13.372 0.0000000000
137122  50.651  32.035  11.875 0.0000000000
137124  47.115  31.287  12.397 0.0000000000
137133  52.072  32.613  11.392 0.0000000000
137135  51.076  31.927  11.126 0.0000000000
137136  50.379  31.497  11.158 0.0000000000
137137  47.144  31.197  10.326 0.0000000000
137139  45.395  31.434  10.708 0.0000000000
137149  46.280  31.623  10.092 0.0000000000
137155  51.135  31.645  9.348 0.0000000000
137156  50.846  31.848  9.365 0.0000000000
137157  50.604  31.874  9.667 0.0000000000
137158  46.781  30.867  9.455 0.0000000000
137770  51.254  33.025  29.958 0.0000000000
137784  51.120  32.152  28.892 0.0000000000
137797  49.713  32.525  28.038 0.0000000000
137844  45.926  33.364  25.284 0.0000000000
137874  49.012  31.850  23.420 0.0000000000
137875  45.325  32.955  23.509 0.0000000000
137890  48.959  31.858  22.962 0.0000000000
137897  52.653  33.298  21.569 0.0000000000
137899  50.747  33.145  22.178 0.0000000000
137900  50.100  32.616  21.669 0.0000000000
137902  45.296  32.304  21.734 0.0000000000
137903  44.905  32.859  21.717 0.0000000000
137911  47.901  31.930  20.348 0.0000000000
137912  45.950  31.985  20.223 0.0000000000
137914  45.029  32.565  21.261 0.0000000000
137922  53.195  33.765  19.412 0.0000000000
137923  52.772  33.260  19.602 0.0000000000
137924  52.188  32.723  19.997 0.0000000000
137927  47.584  32.057  19.752 0.0000000000
137929  45.739  32.287  20.056 0.0000000000
137941  53.028  33.347  18.497 0.0000000000
137945  46.976  32.301  19.169 0.0000000000
137956  52.377  32.435  17.138 0.0000000000
137969  46.507  32.953  15.770 0.0000000000
137999  49.768  32.011  14.135 0.0000000000
138000  47.105  32.311  14.010 0.0000000000
138024  52.470  32.808  11.981 0.0000000000
138036  52.349  32.891  11.614 0.0000000000
138037  51.984  32.965  11.427 0.0000000000
138038  51.635  32.440  11.525 0.0000000000
138674  50.635  33.546  30.658 0.0000000000
138675  50.407  33.863  31.126 0.0000000000
138676  49.748  34.121  31.344 0.0000000000
138680  49.743  33.940  30.182 0.0000000000
138738  46.398  34.304  25.550 0.0000000000
138765  52.975  33.800  22.677 0.0000000000
138767  51.703  33.403  22.872 0.0000000000
138769  45.050  33.300  22.264 0.0000000000
138779  44.946  33.620  21.818 0.0000000000
138782  53.239  34.083  20.652 0.0000000000
138783  53.015  33.744  21.071 0.0000000000
138784  51.676  34.316  20.319 0.0000000000
138792  53.228  34.114  19.979 0.0000000000
138794  51.605  34.383  19.615 0.0000000000
138797  49.258  32.946  19.211 0.0000000000
138798  45.947  32.716  19.251 0.0000000000
138799  45.350  32.933  19.733 0.0000000000
138800  44.884  33.131  20.282 0.0000000000
138809  53.238  34.227  19.286 0.0000000000
138813  48.857  33.461  18.572 0.0000000000
138815  46.463  32.877  18.712 0.0000000000
138828  52.630  33.962  17.541 0.0000000000
138838  52.328  33.195  16.349 0.0000000000
138843  45.142  34.028  15.840 0.0000000000
138855  49.961  33.403  15.763 0.0000000000
138857  44.966  33.881  15.347 0.0000000000
138867  52.466  34.005  14.147 0.0000000000
138868  51.608  34.296  13.661 0.0000000000
138872  44.697  34.044  14.869 0.0000000000
138881  51.872  33.728  12.985 0.0000000000
138884  45.490  33.702  13.829 0.0000000000
138891  52.420  33.173  12.179 0.0000000000
138893  51.575  33.161  12.374 0.0000000000
138902  52.495  33.015  11.831 0.0000000000
138903  52.327  33.173  11.769 0.0000000000
139525  50.344  34.051  30.779 0.0000000000
139531  50.021  34.229  30.581 0.0000000000
139559  48.035  35.455  27.595 0.0000000000
139589  46.293  34.566  24.452 0.0000000000
139598  46.091  34.522  23.956 0.0000000000
139613  53.135  34.086  22.794 0.0000000000
139614  52.860  34.141  22.662 0.0000000000
139616  45.910  34.699  23.089 0.0000000000
139621  53.107  34.103  22.335 0.0000000000
139623  45.539  34.645  22.326 0.0000000000
139627  53.197  34.264  20.819 0.0000000000
139628  53.119  34.254  21.228 0.0000000000
139634  52.848  34.531  20.227 0.0000000000
139636  51.565  34.436  19.100 0.0000000000
139638  44.656  33.801  20.216 0.0000000000
139642  53.112  34.413  19.821 0.0000000000
139660  51.497  35.188  17.548 0.0000000000
139661  50.654  35.353  17.574 0.0000000000
139662  49.780  35.467  17.541 0.0000000000
139664  43.984  35.072  17.231 0.0000000000
139665  43.546  35.313  17.279 0.0000000000
139678  49.585  35.290  16.151 0.0000000000
139680  47.392  34.924  16.538 0.0000000000
139684  43.368  35.135  16.730 0.0000000000
139696  51.393  35.729  14.636 0.0000000000
139697  50.912  35.179  15.225 0.0000000000
139699  44.855  34.140  15.780 0.0000000000
139702  43.086  35.123  16.243 0.0000000000
139715  44.745  34.263  14.082 0.0000000000
139716  44.296  34.482  14.599 0.0000000000
139717  43.792  34.610  15.197 0.0000000000
139726  52.360  34.780  13.820 0.0000000000
139727  52.030  34.602  13.499 0.0000000000
140394  47.959  35.975  25.974 0.0000000000
140411  47.632  36.044  24.987 0.0000000000
140428  47.456  36.215  24.206 0.0000000000
140429  46.788  35.753  23.845 0.0000000000
140467  46.267  35.829  22.350 0.0000000000
140483  43.931  35.265  20.518 0.0000000000
140505  48.938  35.580  17.587 0.0000000000
140512  41.924  35.586  18.554 0.0000000000
140519  50.189  36.240  17.438 0.0000000000
140520  49.141  36.226  17.623 0.0000000000
140523  44.616  35.761  17.366 0.0000000000
140533  52.243  35.731  16.394 0.0000000000
140534  51.873  35.808  16.820 0.0000000000
140535  50.253  36.036  15.488 0.0000000000
140536  49.894  36.145  15.742 0.0000000000
140543  42.668  35.558  16.927 0.0000000000
140555  50.699  36.238  15.309 0.0000000000
140568  52.471  35.897  14.910 0.0000000000
140569  51.940  36.183  14.380 0.0000000000
140573  41.622  36.286  15.251 0.0000000000
140590  43.572  35.694  14.163 0.0000000000
141233  49.241  37.343  25.685 0.0000000000
141235  48.151  36.364  25.294 0.0000000000
141247  48.538  37.170  24.386 0.0000000000
141259  48.478  37.265  23.888 0.0000000000
141281  47.440  36.771  23.099 0.0000000000
141297  46.099  36.137  22.045 0.0000000000
141310  42.278  36.195  20.797 0.0000000000
141311  41.622  36.168  20.277 0.0000000000
141328  44.548  36.261  18.331 0.0000000000
141331  40.097  36.627  18.152 0.0000000000
141340  51.397  36.348  16.941 0.0000000000
141343  48.688  37.099  17.557 0.0000000000
141344  47.817  37.117  17.718 0.0000000000
141345  46.117  36.932  17.938 0.0000000000
141347  44.334  36.102  17.834 0.0000000000
141348  44.001  35.975  17.933 0.0000000000
141349  40.927  36.152  17.385 0.0000000000
141359  52.179  36.196  16.194 0.0000000000
141363  48.640  36.788  16.364 0.0000000000
141364  47.583  36.823  16.601 0.0000000000
141367  40.981  36.399  16.437 0.0000000000
141371  52.170  36.461  15.522 0.0000000000
141373  50.474  37.137  15.678 0.0000000000
141374  49.940  37.172  15.948 0.0000000000
141382  52.110  36.561  14.860 0.0000000000
141383  51.832  36.586  14.736 0.0000000000
141385  42.693  36.266  14.389 0.0000000000
141396  42.692  36.872  13.813 0.0000000000
142024  49.390  37.752  25.485 0.0000000000
142032  49.010  37.516  24.841 0.0000000000
142044  49.307  38.181  23.973 0.0000000000
142064  45.589  37.603  22.394 0.0000000000
142066  43.920  37.904  22.129 0.0000000000
142079  44.071  36.788  21.839 0.0000000000
142082  41.711  37.754  21.040 0.0000000000
142093  41.812  36.686  20.801 0.0000000000
142105  47.091  37.145  18.014 0.0000000000
142112  50.039  37.474  16.737 0.0000000000
142115  47.360  37.373  17.569 0.0000000000
142116  46.769  37.204  17.729 0.0000000000
142117  40.113  37.652  16.777 0.0000000000
142118  39.716  38.125  17.111 0.0000000000
142128  50.177  37.379  16.185 0.0000000000
142129  49.467  37.247  16.402 0.0000000000
142130  48.364  37.324  16.760 0.0000000000
142132  46.990  37.315  17.413 0.0000000000
142133  40.403  38.126  16.130 0.0000000000
142143  50.160  37.336  15.965 0.0000000000
142144  49.952  37.348  16.123 0.0000000000
142155  41.667  37.536  14.136 0.0000000000
142165  41.835  37.974  13.811 0.0000000000
142741  49.414  38.088  26.143 0.0000000000
142742  49.203  38.183  26.207 0.0000000000
142747  49.412  38.160  25.849 0.0000000000
142749  48.454  38.300  25.673 0.0000000000
142754  48.745  38.752  25.007 0.0000000000
142767  49.307  38.516  24.259 0.0000000000
142768  49.199  38.575  23.710 0.0000000000
142778  48.272  38.688  22.637 0.0000000000
142782  44.276  38.297  22.190 0.0000000000
142801  42.104  38.766  21.146 0.0000000000
142827  39.973  38.886  16.658 0.0000000000
142831  40.748  38.658  15.412 0.0000000000
142841  42.108  38.262  13.766 0.0000000000
143427  49.048  38.957  24.372 0.0000000000
143442  48.875  39.413  23.635 0.0000000000
143463  45.234  40.358  21.694 0.0000000000
143465  43.087  39.318  21.337 0.0000000000
143473  43.871  40.406  21.023 0.0000000000
143497  39.554  39.595  17.905 0.0000000000
143500  39.690  39.609  17.127 0.0000000000
143513  42.270  39.438  14.178 0.0000000000
143518  42.618  39.163  13.706 0.0000000000
144103  48.341  40.185  24.094 0.0000000000
144104  47.954  40.449  24.173 0.0000000000
144172  40.245  40.359  18.689 0.0000000000
144178  40.913  40.664  16.017 0.0000000000
144179  40.027  40.405  16.712 0.0000000000
144182  45.365  41.217  15.095 0.0000000000
144186  41.000  40.003  15.671 0.0000000000
144191  43.801  40.695  14.163 0.0000000000
144844  48.119  41.080  23.178 0.0000000000
144906  40.540  41.928  18.549 0.0000000000
144908  39.759  40.756  17.789 0.0000000000
144910  40.125  41.498  17.316 0.0000000000
144911  39.817  41.001  17.241 0.0000000000
144915  41.673  41.448  15.962 0.0000000000
144917  39.976  40.938  16.796 0.0000000000
144922  42.640  41.379  15.634 0.0000000000
145650  45.218  42.764  21.324 0.0000000000
146391  46.282  43.940  21.508 0.0000000000
146392  45.674  43.502  21.307 0.0000000000
146408  45.610  44.126  21.226 0.0000000000
146475  43.589  43.598  16.496 0.0000000000
147150  44.978  45.292  21.485 0.0000000000
147170  44.572  44.743  21.166 0.0000000000
147231  42.846  44.402  16.405 0.0000000000
147849  46.059  45.916  22.895 0.0000000000
147850  45.121  46.261  23.314 0.0000000000
147862  45.121  45.908  21.769 0.0000000000
147923  43.565  46.029  16.668 0.0000000000
148478  45.347  46.415  22.684 0.0000000000
148479  44.481  46.974  22.898 0.0000000000
148494  44.743  46.533  22.269 0.0000000000
