#!ascii label  , from subject sub-01 vox2ras=TkReg
1171
67602  27.762  -25.955  50.539 0.0000000000
91937  45.378  -9.502  36.442 0.0000000000
81234  34.874  -17.490  43.081 0.0000000000
62622  9.339  -28.282  62.113 0.0000000000
68902  23.424  -24.581  54.174 0.0000000000
84356  37.185  -14.137  40.642 0.0000000000
62770  14.212  -28.194  56.258 0.0000000000
59373  11.998  -30.241  58.967 0.0000000000
64523  19.079  -28.517  54.243 0.0000000000
88944  49.520  -11.880  36.773 0.0000000000
74889  26.009  -19.886  50.720 0.0000000000
70438  32.743  -23.812  48.325 0.0000000000
71858  31.537  -23.503  52.849 0.0000000000
93184  49.294  -8.832  33.869 0.0000000000
90540  52.224  -10.468  32.556 0.0000000000
93146  42.168  -8.383  38.212 0.0000000000
85885  44.751  -14.026  39.603 0.0000000000
82856  40.662  -14.887  39.322 0.0000000000
78125  39.519  -19.500  43.629 0.0000000000
59439  28.799  -30.686  55.090 0.0000000000
56154  8.622  -32.297  65.620 0.0000000000
57550  6.388  -31.222  68.824 0.0000000000
59091  7.234  -28.844  72.379 0.0000000000
64592  26.180  -27.645  52.483 0.0000000000
61140  23.220  -29.420  53.144 0.0000000000
79679  30.812  -17.492  44.150 0.0000000000
73404  38.767  -22.111  48.791 0.0000000000
96741  52.697  -5.406  29.638 0.0000000000
90478  47.376  -10.932  36.648 0.0000000000
90423  46.997  -11.350  38.968 0.0000000000
71877  26.057  -22.968  50.912 0.0000000000
71875  29.214  -22.815  51.021 0.0000000000
68941  29.390  -24.598  51.362 0.0000000000
94272  45.642  -7.091  36.173 0.0000000000
95453  48.170  -6.444  35.632 0.0000000000
93174  46.925  -8.735  34.967 0.0000000000
90506  49.160  -10.989  34.571 0.0000000000
53078  5.589  -34.509  72.403 0.0000000000
88914  41.112  -11.249  38.392 0.0000000000
88891  39.121  -11.391  39.535 0.0000000000
81284  36.145  -16.629  40.934 0.0000000000
81283  37.468  -16.959  40.763 0.0000000000
79700  37.312  -18.883  43.628 0.0000000000
81181  37.545  -18.155  46.136 0.0000000000
60978  10.322  -30.346  60.457 0.0000000000
57656  12.688  -32.300  61.958 0.0000000000
57658  10.299  -31.957  62.388 0.0000000000
56168  10.541  -32.841  64.434 0.0000000000
59252  8.919  -30.897  63.677 0.0000000000
60860  7.360  -29.071  67.642 0.0000000000
57528  6.573  -30.491  70.384 0.0000000000
64565  25.100  -26.644  53.066 0.0000000000
61177  24.837  -29.011  51.826 0.0000000000
66177  22.526  -27.125  51.633 0.0000000000
61079  18.124  -29.685  56.666 0.0000000000
62735  20.575  -29.671  56.407 0.0000000000
70391  35.448  -23.975  51.301 0.0000000000
70435  36.093  -23.643  48.013 0.0000000000
87355  38.467  -12.054  40.966 0.0000000000
85845  36.072  -12.407  42.187 0.0000000000
85868  33.452  -14.228  41.881 0.0000000000
61059  15.560  -29.980  57.284 0.0000000000
61007  15.306  -31.063  59.675 0.0000000000
62714  12.991  -28.898  57.677 0.0000000000
62673  11.095  -28.085  59.311 0.0000000000
65943  10.705  -25.826  61.155 0.0000000000
67511  20.224  -25.393  52.636 0.0000000000
67514  18.097  -25.435  53.770 0.0000000000
62822  16.609  -28.443  54.470 0.0000000000
76427  28.948  -19.428  49.355 0.0000000000
73442  31.107  -21.618  46.617 0.0000000000
71918  28.866  -22.108  48.256 0.0000000000
70410  32.140  -23.125  50.848 0.0000000000
94333  51.736  -7.911  31.854 0.0000000000
91970  50.427  -9.808  33.143 0.0000000000
88983  50.833  -11.840  34.552 0.0000000000
91939  43.875  -8.745  36.623 0.0000000000
88910  45.294  -11.437  38.532 0.0000000000
88912  43.209  -11.790  38.450 0.0000000000
84376  42.444  -14.553  39.163 0.0000000000
81254  42.818  -17.500  41.634 0.0000000000
82834  38.629  -14.921  39.710 0.0000000000
79748  40.303  -17.705  41.372 0.0000000000
61155  29.097  -29.253  52.193 0.0000000000
64560  30.973  -27.751  52.907 0.0000000000
96663  44.669  -5.892  37.660 0.0000000000
64292  8.883  -27.471  64.517 0.0000000000
60886  7.596  -29.616  65.815 0.0000000000
56115  7.509  -32.136  66.836 0.0000000000
54621  8.196  -34.202  68.824 0.0000000000
56052  5.836  -32.543  69.908 0.0000000000
56031  5.711  -32.396  71.240 0.0000000000
57483  5.814  -31.293  73.102 0.0000000000
59058  5.834  -29.858  74.291 0.0000000000
66142  27.165  -26.386  52.349 0.0000000000
61157  27.212  -29.279  52.116 0.0000000000
59470  26.363  -30.296  54.152 0.0000000000
62818  21.207  -28.514  53.916 0.0000000000
82752  32.799  -16.317  43.404 0.0000000000
71951  33.124  -22.297  45.433 0.0000000000
74948  35.367  -20.648  45.152 0.0000000000
81184  35.698  -18.189  45.535 0.0000000000
68897  32.176  -25.678  54.443 0.0000000000
96739  54.784  -5.615  29.061 0.0000000000
93219  52.999  -8.678  31.243 0.0000000000
93217  54.690  -8.878  30.912 0.0000000000
90479  46.664  -10.476  36.519 0.0000000000
90461  47.515  -11.332  37.620 0.0000000000
91906  46.245  -10.847  37.561 0.0000000000
68962  26.446  -24.707  51.477 0.0000000000
70395  28.168  -23.681  50.835 0.0000000000
68960  28.640  -24.945  50.814 0.0000000000
91950  45.585  -8.905  35.807 0.0000000000
93175  46.082  -8.435  35.402 0.0000000000
91949  46.294  -9.508  35.684 0.0000000000
90491  47.136  -10.321  35.679 0.0000000000
53068  5.436  -33.894  72.886 0.0000000000
91896  39.598  -9.775  39.641 0.0000000000
91883  39.641  -9.695  40.669 0.0000000000
81285  34.999  -16.601  41.423 0.0000000000
79728  36.371  -17.933  41.952 0.0000000000
81233  35.662  -17.888  42.647 0.0000000000
79674  37.506  -18.807  44.544 0.0000000000
81214  36.105  -18.153  44.105 0.0000000000
62651  9.664  -29.241  61.263 0.0000000000
59312  10.210  -31.318  61.290 0.0000000000
60930  9.384  -30.124  61.845 0.0000000000
59281  9.429  -31.024  62.729 0.0000000000
60915  8.977  -29.910  63.149 0.0000000000
66085  24.276  -25.501  53.639 0.0000000000
66143  24.072  -26.581  51.943 0.0000000000
67542  22.798  -25.229  52.347 0.0000000000
61031  18.061  -29.902  58.306 0.0000000000
78050  31.586  -18.965  47.379 0.0000000000
70369  37.277  -23.969  52.202 0.0000000000
85866  34.575  -13.257  41.689 0.0000000000
85825  33.545  -12.460  42.729 0.0000000000
61082  15.184  -29.406  56.344 0.0000000000
61060  14.378  -29.685  57.100 0.0000000000
62738  13.846  -28.806  56.678 0.0000000000
64426  11.840  -27.141  58.393 0.0000000000
65964  11.545  -25.575  59.165 0.0000000000
64403  10.701  -27.313  59.669 0.0000000000
68907  18.853  -23.979  54.933 0.0000000000
64526  14.895  -26.703  55.362 0.0000000000
64548  15.739  -26.858  54.754 0.0000000000
64525  15.412  -27.616  55.188 0.0000000000
62768  15.749  -28.963  55.764 0.0000000000
74914  28.741  -20.661  48.339 0.0000000000
73409  27.454  -20.826  48.996 0.0000000000
71874  30.237  -22.812  51.655 0.0000000000
71887  30.043  -22.707  50.662 0.0000000000
71885  31.788  -23.081  51.781 0.0000000000
70373  33.315  -23.661  52.721 0.0000000000
71857  32.227  -23.432  53.298 0.0000000000
94287  48.645  -7.045  35.065 0.0000000000
93195  50.340  -8.929  33.116 0.0000000000
93196  49.882  -9.005  33.554 0.0000000000
90489  48.986  -11.382  35.555 0.0000000000
88984  49.996  -11.720  34.901 0.0000000000
88964  50.621  -12.109  35.632 0.0000000000
93153  43.315  -8.428  37.064 0.0000000000
90465  43.360  -10.268  37.620 0.0000000000
90466  42.671  -9.958  37.625 0.0000000000
85908  41.148  -13.277  38.643 0.0000000000
87394  41.976  -12.916  38.316 0.0000000000
82855  41.661  -15.148  39.424 0.0000000000
82830  42.785  -15.935  40.163 0.0000000000
82831  41.911  -15.828  40.022 0.0000000000
85887  37.757  -13.306  40.578 0.0000000000
85911  38.704  -12.894  39.785 0.0000000000
84355  37.779  -13.890  40.208 0.0000000000
79726  38.902  -18.672  42.022 0.0000000000
79749  39.257  -17.919  41.247 0.0000000000
79725  39.986  -18.429  41.953 0.0000000000
78144  41.535  -18.496  42.423 0.0000000000
61135  28.771  -29.695  52.931 0.0000000000
61114  30.301  -30.176  53.655 0.0000000000
94245  42.846  -6.791  38.990 0.0000000000
95421  43.734  -6.737  37.840 0.0000000000
94275  43.729  -7.728  36.913 0.0000000000
59371  14.094  -30.909  59.225 0.0000000000
59310  14.180  -31.715  60.955 0.0000000000
56153  9.248  -32.584  65.310 0.0000000000
56133  11.129  -32.978  66.256 0.0000000000
56112  10.750  -33.180  67.139 0.0000000000
56113  9.554  -33.164  67.071 0.0000000000
65872  9.432  -26.909  65.483 0.0000000000
62549  8.337  -28.278  65.306 0.0000000000
62527  8.324  -28.214  66.396 0.0000000000
59149  6.762  -29.921  68.062 0.0000000000
59165  7.204  -29.970  67.176 0.0000000000
56095  6.576  -31.447  67.736 0.0000000000
54639  7.881  -33.534  68.169 0.0000000000
54640  6.970  -32.865  68.112 0.0000000000
54622  6.753  -33.640  68.911 0.0000000000
56075  6.303  -32.299  68.882 0.0000000000
57505  6.482  -30.413  71.349 0.0000000000
57506  6.109  -31.334  70.809 0.0000000000
57490  6.452  -30.354  71.836 0.0000000000
56018  5.764  -32.365  72.464 0.0000000000
59080  6.198  -30.492  72.941 0.0000000000
64562  27.215  -26.994  54.026 0.0000000000
67506  27.180  -26.094  53.730 0.0000000000
64591  27.018  -27.333  52.322 0.0000000000
62852  27.644  -28.440  51.631 0.0000000000
62853  26.430  -28.483  51.899 0.0000000000
61160  24.157  -29.169  52.402 0.0000000000
61159  25.184  -29.657  52.393 0.0000000000
61139  24.595  -30.064  53.665 0.0000000000
66087  19.249  -27.231  53.390 0.0000000000
66113  20.947  -26.959  53.126 0.0000000000
64543  20.355  -28.289  53.865 0.0000000000
61052  22.308  -30.241  57.445 0.0000000000
87390  45.450  -12.690  39.514 0.0000000000
87389  46.366  -12.385  39.696 0.0000000000
85883  46.507  -13.621  40.293 0.0000000000
82753  30.585  -15.613  44.222 0.0000000000
82774  31.301  -15.498  43.510 0.0000000000
79678  31.862  -17.644  43.893 0.0000000000
71935  31.123  -22.904  46.742 0.0000000000
73455  31.764  -21.693  45.874 0.0000000000
70448  32.941  -23.864  46.996 0.0000000000
71897  37.305  -23.209  48.383 0.0000000000
71931  35.865  -22.658  46.774 0.0000000000
73440  37.056  -21.806  46.636 0.0000000000
78075  35.620  -19.479  45.176 0.0000000000
76467  38.102  -20.009  47.096 0.0000000000
79609  37.547  -18.828  47.157 0.0000000000
66082  32.339  -26.934  53.912 0.0000000000
96740  53.772  -5.626  29.278 0.0000000000
91989  51.750  -9.631  32.043 0.0000000000
93220  52.319  -8.313  31.418 0.0000000000
91988  52.756  -9.959  31.893 0.0000000000
91986  54.695  -9.945  32.078 0.0000000000
91985  55.638  -9.896  32.161 0.0000000000
66045  14.053  -26.550  56.065 0.0000000000
64479  12.969  -26.939  56.743 0.0000000000
88945  48.733  -11.624  36.851 0.0000000000
88905  49.926  -11.893  38.458 0.0000000000
88907  48.237  -11.534  38.287 0.0000000000
73385  25.691  -20.932  51.022 0.0000000000
73383  27.324  -21.891  49.700 0.0000000000
71876  27.773  -22.801  50.377 0.0000000000
71861  28.782  -23.154  51.083 0.0000000000
70375  30.709  -24.189  52.718 0.0000000000
95433  47.623  -5.998  36.257 0.0000000000
95454  47.221  -6.656  35.686 0.0000000000
94304  47.449  -7.966  34.933 0.0000000000
93185  48.388  -8.662  34.401 0.0000000000
91958  48.644  -9.694  34.433 0.0000000000
90507  47.961  -10.371  34.902 0.0000000000
90490  48.291  -11.059  35.911 0.0000000000
53093  5.898  -34.842  71.703 0.0000000000
93147  41.359  -8.480  38.838 0.0000000000
91911  41.576  -9.247  37.997 0.0000000000
90448  40.756  -10.207  38.408 0.0000000000
87413  39.959  -11.588  38.846 0.0000000000
85909  40.133  -12.957  38.877 0.0000000000
82836  36.747  -14.895  40.618 0.0000000000
81306  37.025  -15.909  40.507 0.0000000000
79751  37.104  -17.727  41.399 0.0000000000
78147  38.758  -19.067  42.964 0.0000000000
78100  38.257  -19.272  44.602 0.0000000000
79652  38.352  -18.741  45.754 0.0000000000
59422  28.631  -30.836  56.289 0.0000000000
59344  11.930  -30.957  59.712 0.0000000000
57688  12.726  -31.923  60.422 0.0000000000
59345  10.800  -31.234  60.461 0.0000000000
56191  11.331  -32.489  62.286 0.0000000000
56179  11.474  -32.727  63.307 0.0000000000
56169  9.703  -32.569  64.461 0.0000000000
57620  8.446  -31.688  64.951 0.0000000000
62510  8.585  -27.543  67.515 0.0000000000
60844  7.674  -28.164  69.024 0.0000000000
59136  6.879  -29.714  69.104 0.0000000000
57549  6.645  -30.478  69.483 0.0000000000
60815  7.236  -28.924  70.394 0.0000000000
60814  7.603  -28.086  70.868 0.0000000000
60791  7.898  -28.253  72.558 0.0000000000
64564  25.755  -27.289  53.459 0.0000000000
62877  25.437  -28.423  51.772 0.0000000000
64594  24.754  -26.985  52.062 0.0000000000
62879  23.827  -28.093  51.683 0.0000000000
62857  22.747  -28.229  52.109 0.0000000000
62797  18.225  -28.795  54.677 0.0000000000
62764  19.964  -29.406  55.656 0.0000000000
62736  19.729  -29.840  56.551 0.0000000000
82806  45.156  -15.937  40.917 0.0000000000
78077  30.046  -18.299  45.198 0.0000000000
70422  33.708  -23.794  49.316 0.0000000000
70437  33.981  -23.896  48.083 0.0000000000
70407  35.849  -23.896  50.151 0.0000000000
70406  37.105  -23.748  50.092 0.0000000000
96723  51.996  -5.560  30.507 0.0000000000
54548  4.864  -32.662  73.575 0.0000000000
87337  38.529  -12.180  41.653 0.0000000000
84313  37.770  -12.837  41.452 0.0000000000
84332  36.469  -13.476  41.137 0.0000000000
84333  35.318  -14.144  41.225 0.0000000000
84334  34.389  -14.549  41.387 0.0000000000
82810  34.038  -15.861  41.597 0.0000000000
61032  17.149  -29.929  58.285 0.0000000000
60973  16.605  -30.032  60.076 0.0000000000
61033  16.171  -30.188  58.285 0.0000000000
59393  13.992  -30.661  58.482 0.0000000000
61008  12.785  -29.979  58.320 0.0000000000
62740  12.687  -28.190  57.523 0.0000000000
62715  12.240  -28.290  57.996 0.0000000000
60976  11.368  -29.409  59.236 0.0000000000
62674  10.534  -28.513  59.988 0.0000000000
64376  10.469  -27.165  60.608 0.0000000000
64344  9.910  -27.115  61.730 0.0000000000
68925  21.495  -24.216  53.149 0.0000000000
68905  20.978  -23.975  54.188 0.0000000000
67484  19.061  -24.667  53.569 0.0000000000
66116  18.245  -26.221  53.472 0.0000000000
67487  16.564  -25.392  54.510 0.0000000000
66089  16.930  -26.319  53.906 0.0000000000
62820  17.864  -28.089  54.155 0.0000000000
62766  17.696  -29.352  55.737 0.0000000000
61080  17.162  -29.720  56.536 0.0000000000
74900  30.214  -19.959  48.990 0.0000000000
74931  31.099  -20.491  47.235 0.0000000000
74913  29.642  -20.536  48.168 0.0000000000
73444  29.639  -21.920  47.382 0.0000000000
70440  30.568  -23.250  48.640 0.0000000000
71900  28.972  -22.243  49.295 0.0000000000
70425  30.388  -22.981  49.556 0.0000000000
70423  32.487  -23.547  49.524 0.0000000000
70409  33.432  -23.641  50.531 0.0000000000
70353  34.823  -23.768  53.314 0.0000000000
94324  51.357  -7.635  32.545 0.0000000000
93209  50.810  -8.820  32.638 0.0000000000
90541  51.280  -10.257  32.824 0.0000000000
90525  49.581  -10.408  33.799 0.0000000000
90524  50.439  -10.787  33.574 0.0000000000
91938  44.467  -9.139  36.610 0.0000000000
90463  45.350  -10.688  37.569 0.0000000000
91908  44.417  -10.480  37.603 0.0000000000
88911  44.348  -11.525  38.486 0.0000000000
87392  43.746  -13.059  38.709 0.0000000000
88913  42.097  -11.495  38.193 0.0000000000
87393  42.872  -12.867  38.541 0.0000000000
84374  44.311  -14.318  39.672 0.0000000000
82807  44.472  -16.168  40.828 0.0000000000
81252  44.643  -17.553  42.303 0.0000000000
88868  38.714  -11.430  40.185 0.0000000000
85910  39.342  -12.879  39.379 0.0000000000
82857  39.712  -14.518  39.421 0.0000000000
81305  38.015  -16.087  40.205 0.0000000000
81304  39.153  -16.256  40.063 0.0000000000
81303  40.271  -16.349  40.226 0.0000000000
81279  41.714  -17.034  41.012 0.0000000000
64614  28.709  -27.438  51.096 0.0000000000
66171  29.722  -26.801  51.438 0.0000000000
62831  30.621  -28.559  52.734 0.0000000000
61112  32.017  -29.377  54.290 0.0000000000
95436  45.329  -6.614  36.641 0.0000000000
94292  44.720  -7.741  36.198 0.0000000000
64316  9.638  -26.599  62.738 0.0000000000
67320  10.128  -26.076  64.051 0.0000000000
64318  8.881  -27.529  63.716 0.0000000000
62572  8.353  -28.496  64.338 0.0000000000
59200  7.951  -30.373  64.615 0.0000000000
57609  8.172  -31.660  65.437 0.0000000000
60873  7.570  -29.076  66.586 0.0000000000
59183  7.404  -30.266  66.314 0.0000000000
56136  8.182  -32.248  66.126 0.0000000000
54655  8.702  -33.356  67.595 0.0000000000
54638  9.032  -33.729  68.388 0.0000000000
54601  6.095  -34.119  70.316 0.0000000000
54582  5.893  -34.263  71.277 0.0000000000
54569  5.699  -33.026  72.276 0.0000000000
56019  5.753  -32.704  72.727 0.0000000000
56009  5.649  -32.200  73.162 0.0000000000
59069  6.071  -30.208  73.686 0.0000000000
57473  5.671  -30.972  73.635 0.0000000000
57474  5.398  -31.337  73.735 0.0000000000
68963  26.237  -25.102  51.931 0.0000000000
67508  26.234  -25.173  53.085 0.0000000000
66174  27.400  -26.463  51.245 0.0000000000
62875  28.389  -28.094  51.252 0.0000000000
61156  28.202  -29.279  52.074 0.0000000000
59468  27.788  -30.045  53.520 0.0000000000
61176  25.510  -29.191  51.818 0.0000000000
59469  27.001  -30.275  53.783 0.0000000000
59454  27.855  -30.451  54.395 0.0000000000
67543  21.624  -25.390  52.017 0.0000000000
64596  21.530  -27.376  52.517 0.0000000000
61118  22.533  -29.442  53.978 0.0000000000
62763  20.807  -29.305  55.526 0.0000000000
61098  22.395  -29.813  54.974 0.0000000000
61097  23.192  -30.195  55.635 0.0000000000
88909  45.847  -11.377  38.566 0.0000000000
85827  32.112  -13.504  43.001 0.0000000000
82791  32.610  -15.036  42.518 0.0000000000
82771  34.075  -17.061  43.238 0.0000000000
74941  31.382  -20.564  46.451 0.0000000000
74952  31.778  -20.679  45.278 0.0000000000
74958  32.200  -20.112  44.486 0.0000000000
71933  34.334  -23.041  46.381 0.0000000000
73462  34.019  -21.759  45.230 0.0000000000
76514  32.777  -19.563  44.050 0.0000000000
78102  34.173  -18.981  44.312 0.0000000000
81216  34.459  -17.746  44.674 0.0000000000
82749  35.446  -17.482  44.394 0.0000000000
82731  36.359  -17.921  45.367 0.0000000000
67537  30.297  -25.828  52.055 0.0000000000
68922  30.832  -25.027  53.039 0.0000000000
70357  31.324  -24.405  53.588 0.0000000000
68872  32.776  -25.298  55.002 0.0000000000
71836  32.327  -23.759  54.636 0.0000000000
97978  55.061  -4.926  28.597 0.0000000000
94344  52.667  -7.742  30.842 0.0000000000
95503  52.960  -6.929  30.135 0.0000000000
91987  53.733  -9.944  32.026 0.0000000000
93218  53.756  -8.824  31.020 0.0000000000
94348  53.705  -7.119  29.826 0.0000000000
94341  55.557  -7.621  29.915 0.0000000000
94340  56.498  -7.650  29.984 0.0000000000
91936  46.087  -10.064  36.483 0.0000000000
91921  46.167  -10.528  37.055 0.0000000000
67572  28.021  -25.653  50.565 0.0000000000
68961  27.703  -24.634  50.903 0.0000000000
90492  46.511  -10.129  36.057 0.0000000000
54559  5.255  -33.035  73.278 0.0000000000
81256  34.941  -17.222  42.100 0.0000000000
81215  35.355  -17.516  43.846 0.0000000000
62623  9.007  -29.368  62.537 0.0000000000
60931  9.205  -30.105  62.559 0.0000000000
67482  23.792  -24.807  54.111 0.0000000000
67509  23.653  -25.261  53.045 0.0000000000
67510  23.263  -24.713  53.386 0.0000000000
61004  17.656  -29.878  59.101 0.0000000000
61003  18.465  -29.823  59.167 0.0000000000
76470  31.678  -19.140  47.925 0.0000000000
61083  14.446  -29.008  56.297 0.0000000000
62771  13.718  -28.153  56.567 0.0000000000
64502  14.556  -27.331  55.754 0.0000000000
64501  15.041  -27.762  55.674 0.0000000000
62769  15.035  -28.345  55.872 0.0000000000
74903  27.302  -20.426  49.300 0.0000000000
74888  26.894  -19.817  49.740 0.0000000000
71859  30.587  -23.407  52.414 0.0000000000
71873  31.188  -23.174  52.075 0.0000000000
71872  31.991  -23.285  52.533 0.0000000000
94302  49.007  -7.775  34.467 0.0000000000
95467  49.604  -6.862  34.892 0.0000000000
94301  49.995  -7.646  34.150 0.0000000000
93183  50.035  -8.489  33.676 0.0000000000
88965  49.643  -11.720  35.727 0.0000000000
88943  50.405  -12.130  36.652 0.0000000000
51668  7.142  -35.826  71.102 0.0000000000
93154  42.779  -8.230  37.655 0.0000000000
91925  42.430  -9.071  37.586 0.0000000000
91926  42.032  -9.332  37.754 0.0000000000
84378  40.465  -13.934  39.131 0.0000000000
84377  41.408  -14.310  38.930 0.0000000000
82832  40.938  -15.737  39.773 0.0000000000
78146  39.752  -18.959  42.790 0.0000000000
59453  28.796  -30.166  53.938 0.0000000000
59452  29.590  -30.363  53.928 0.0000000000
59438  29.989  -30.548  54.656 0.0000000000
94254  42.409  -7.416  38.638 0.0000000000
94253  43.064  -7.051  38.245 0.0000000000
94262  42.735  -7.719  38.033 0.0000000000
94261  43.317  -7.554  37.521 0.0000000000
59372  12.835  -30.752  58.714 0.0000000000
59343  13.442  -31.603  60.045 0.0000000000
56134  10.018  -32.875  66.230 0.0000000000
56135  9.013  -32.686  66.194 0.0000000000
64269  9.328  -27.122  66.064 0.0000000000
57567  6.639  -30.427  68.734 0.0000000000
57568  6.565  -30.949  68.035 0.0000000000
56094  6.231  -32.158  68.167 0.0000000000
59092  6.690  -29.618  72.026 0.0000000000
59093  6.392  -30.190  72.553 0.0000000000
64563  26.575  -27.415  53.661 0.0000000000
66110  27.104  -26.528  53.274 0.0000000000
61161  23.522  -28.952  52.587 0.0000000000
59457  25.239  -30.420  54.940 0.0000000000
61116  24.196  -30.393  55.144 0.0000000000
66086  19.893  -27.585  53.342 0.0000000000
64544  19.438  -28.142  53.692 0.0000000000
85904  44.888  -13.420  39.439 0.0000000000
85884  45.522  -13.746  39.889 0.0000000000
79680  29.995  -17.450  44.516 0.0000000000
82754  30.089  -15.689  45.014 0.0000000000
81220  30.248  -16.569  44.506 0.0000000000
81219  31.309  -16.540  43.887 0.0000000000
70449  31.829  -23.683  47.458 0.0000000000
71934  32.037  -23.402  46.742 0.0000000000
71896  38.158  -22.615  48.852 0.0000000000
71913  37.757  -22.473  47.926 0.0000000000
73439  37.862  -21.707  47.368 0.0000000000
74928  37.736  -20.921  46.826 0.0000000000
74908  38.267  -20.792  47.666 0.0000000000
74907  38.674  -20.708  48.377 0.0000000000
97981  52.554  -4.465  29.162 0.0000000000
91999  52.478  -9.173  31.551 0.0000000000
66027  13.623  -25.621  56.548 0.0000000000
66044  14.498  -25.831  55.694 0.0000000000
90477  48.036  -11.371  37.032 0.0000000000
88928  48.454  -11.629  37.685 0.0000000000
90460  47.987  -11.472  37.548 0.0000000000
90442  46.747  -11.130  38.081 0.0000000000
90441  47.680  -11.403  38.515 0.0000000000
73371  25.532  -21.989  51.480 0.0000000000
73384  26.253  -21.863  50.179 0.0000000000
68942  28.640  -24.254  50.913 0.0000000000
70377  29.101  -23.668  51.311 0.0000000000
70376  29.967  -23.865  51.914 0.0000000000
95435  46.011  -6.439  36.434 0.0000000000
95434  46.750  -6.218  36.283 0.0000000000
95455  46.349  -6.879  35.857 0.0000000000
94289  46.782  -7.608  35.313 0.0000000000
93186  47.701  -8.513  34.687 0.0000000000
91959  47.678  -9.404  34.697 0.0000000000
93136  41.439  -7.948  39.690 0.0000000000
91912  40.364  -9.167  39.039 0.0000000000
90425  39.252  -10.625  39.511 0.0000000000
90449  39.763  -10.171  38.881 0.0000000000
88890  39.603  -11.151  39.033 0.0000000000
87395  40.146  -12.400  38.871 0.0000000000
87396  39.696  -12.077  39.104 0.0000000000
82808  35.991  -15.068  40.816 0.0000000000
81307  36.444  -15.660  40.645 0.0000000000
79727  37.643  -18.691  42.501 0.0000000000
78148  38.200  -19.169  43.167 0.0000000000
78126  38.617  -19.386  43.744 0.0000000000
78127  37.910  -19.180  43.601 0.0000000000
81197  37.317  -18.442  45.172 0.0000000000
79653  37.824  -18.657  45.224 0.0000000000
81196  37.902  -18.506  45.542 0.0000000000
81180  38.056  -18.339  46.063 0.0000000000
94246  42.354  -7.251  39.735 0.0000000000
60977  10.829  -29.987  60.027 0.0000000000
59280  9.746  -31.156  62.018 0.0000000000
57677  10.598  -31.933  61.678 0.0000000000
57657  10.816  -32.190  61.877 0.0000000000
56192  10.869  -32.527  62.825 0.0000000000
56180  10.508  -32.540  63.442 0.0000000000
57637  10.097  -32.034  63.089 0.0000000000
57638  9.596  -31.986  63.531 0.0000000000
57619  8.813  -31.804  64.456 0.0000000000
59224  8.451  -30.805  64.307 0.0000000000
60830  7.093  -28.897  69.514 0.0000000000
60829  7.511  -28.044  69.911 0.0000000000
60799  7.705  -28.170  71.727 0.0000000000
64541  24.989  -25.843  53.954 0.0000000000
64540  25.411  -26.558  54.291 0.0000000000
64593  25.468  -27.499  52.248 0.0000000000
66144  23.280  -26.192  51.920 0.0000000000
66175  23.594  -26.876  51.525 0.0000000000
66176  22.954  -26.925  51.489 0.0000000000
62880  23.254  -28.029  51.735 0.0000000000
64619  22.834  -27.573  51.653 0.0000000000
62765  18.886  -29.794  55.836 0.0000000000
61078  18.809  -29.725  56.843 0.0000000000
79637  29.737  -17.502  46.085 0.0000000000
78052  30.419  -18.562  45.953 0.0000000000
70408  34.620  -23.907  50.313 0.0000000000
70390  36.611  -23.862  51.196 0.0000000000
70389  37.833  -23.695  51.107 0.0000000000
56000  4.737  -31.960  73.963 0.0000000000
85865  35.451  -13.018  41.565 0.0000000000
85867  33.785  -13.862  41.739 0.0000000000
84335  33.703  -14.715  41.650 0.0000000000
82811  33.532  -15.174  41.859 0.0000000000
61058  16.641  -29.992  57.362 0.0000000000
61061  13.555  -29.170  57.277 0.0000000000
61034  14.874  -30.553  58.342 0.0000000000
61035  13.471  -30.090  57.967 0.0000000000
59394  13.583  -30.701  58.556 0.0000000000
61036  12.697  -29.408  58.059 0.0000000000
66028  12.805  -26.172  57.218 0.0000000000
64480  12.434  -27.322  57.376 0.0000000000
64455  12.026  -27.218  57.890 0.0000000000
64402  11.322  -26.909  59.063 0.0000000000
62694  11.670  -28.248  58.763 0.0000000000
61009  12.141  -29.547  58.488 0.0000000000
62650  9.868  -28.198  61.064 0.0000000000
68878  20.594  -23.756  55.445 0.0000000000
67485  18.539  -24.663  54.201 0.0000000000
67513  18.694  -25.382  53.486 0.0000000000
64547  16.314  -27.570  54.392 0.0000000000
66090  16.132  -26.334  54.428 0.0000000000
64546  17.469  -27.444  53.834 0.0000000000
62821  17.248  -28.294  54.279 0.0000000000
62798  17.058  -28.942  54.875 0.0000000000
61081  16.160  -29.566  56.497 0.0000000000
74886  29.828  -19.607  49.390 0.0000000000
74901  29.244  -19.853  48.803 0.0000000000
73425  28.502  -21.316  48.286 0.0000000000
73424  29.090  -21.419  47.745 0.0000000000
71937  29.302  -22.087  47.668 0.0000000000
71936  29.982  -22.623  47.711 0.0000000000
71917  29.725  -22.665  48.856 0.0000000000
71889  28.188  -22.043  49.664 0.0000000000
71888  28.997  -22.406  50.207 0.0000000000
70411  30.872  -22.901  50.341 0.0000000000
70412  30.242  -22.845  50.106 0.0000000000
70424  31.316  -23.319  49.589 0.0000000000
70372  34.160  -23.740  52.501 0.0000000000
95452  49.163  -6.363  35.668 0.0000000000
95487  51.717  -6.806  33.145 0.0000000000
94315  51.163  -7.384  33.357 0.0000000000
91990  50.905  -9.479  32.648 0.0000000000
90542  50.774  -10.070  33.073 0.0000000000
91957  49.261  -9.936  33.998 0.0000000000
90505  50.049  -11.416  34.314 0.0000000000
88995  51.440  -11.536  33.901 0.0000000000
91923  44.569  -9.991  37.071 0.0000000000
91909  43.938  -10.212  37.495 0.0000000000
90446  42.819  -10.843  37.841 0.0000000000
90445  43.834  -10.825  37.986 0.0000000000
88888  44.054  -12.301  38.673 0.0000000000
88889  43.467  -12.491  38.603 0.0000000000
90447  41.806  -10.419  37.839 0.0000000000
85907  42.183  -13.696  38.595 0.0000000000
85906  43.177  -13.818  38.945 0.0000000000
84375  43.597  -14.775  39.709 0.0000000000
84353  44.165  -15.213  40.164 0.0000000000
82829  43.737  -15.861  40.296 0.0000000000
81300  43.066  -16.473  40.657 0.0000000000
81277  43.852  -16.762  41.209 0.0000000000
81253  43.384  -17.500  41.760 0.0000000000
88867  38.878  -11.027  40.459 0.0000000000
88858  38.655  -11.723  40.612 0.0000000000
84354  38.502  -13.702  39.790 0.0000000000
82858  39.106  -14.064  39.617 0.0000000000
84379  39.633  -13.647  39.368 0.0000000000
81281  39.703  -17.083  40.718 0.0000000000
81280  40.722  -16.943  40.964 0.0000000000
81302  41.289  -16.380  40.448 0.0000000000
79747  41.250  -17.540  41.500 0.0000000000
62874  29.070  -28.005  51.530 0.0000000000
62873  29.498  -27.873  51.727 0.0000000000
62850  29.856  -28.492  52.053 0.0000000000
61095  30.753  -30.146  54.401 0.0000000000
61113  31.269  -29.546  53.848 0.0000000000
95418  45.673  -5.989  36.947 0.0000000000
95419  44.932  -6.131  37.080 0.0000000000
93165  43.910  -8.152  36.634 0.0000000000
94274  44.341  -7.572  36.612 0.0000000000
93164  44.436  -8.311  36.358 0.0000000000
61006  16.015  -30.515  59.297 0.0000000000
60974  16.076  -30.594  60.349 0.0000000000
57675  12.417  -32.272  61.341 0.0000000000
56151  11.333  -32.927  65.274 0.0000000000
65924  10.309  -25.891  62.346 0.0000000000
65892  9.655  -26.643  64.560 0.0000000000
65891  10.349  -25.912  64.561 0.0000000000
65910  9.640  -26.580  63.676 0.0000000000
64291  9.303  -27.133  63.898 0.0000000000
62596  8.689  -27.722  63.780 0.0000000000
64293  8.743  -27.619  64.069 0.0000000000
60885  7.852  -29.384  65.000 0.0000000000
59201  7.710  -30.576  65.402 0.0000000000
60872  7.961  -28.449  67.273 0.0000000000
57584  7.061  -30.985  66.887 0.0000000000
57599  7.697  -31.325  66.172 0.0000000000
56114  8.416  -32.886  66.804 0.0000000000
53136  7.457  -34.490  69.460 0.0000000000
53113  7.792  -35.145  70.169 0.0000000000
57529  6.185  -31.346  69.719 0.0000000000
54602  6.178  -34.528  70.816 0.0000000000
54581  5.669  -33.271  71.691 0.0000000000
56008  5.817  -31.956  72.938 0.0000000000
60779  7.102  -28.761  73.521 0.0000000000
59068  6.673  -28.847  73.951 0.0000000000
59070  5.844  -30.410  73.926 0.0000000000
57462  5.665  -30.592  73.979 0.0000000000
57463  5.345  -30.898  74.008 0.0000000000
70379  25.772  -24.214  52.406 0.0000000000
67507  26.814  -25.792  53.118 0.0000000000
67539  26.945  -25.810  51.957 0.0000000000
64615  27.818  -27.498  51.115 0.0000000000
61136  27.864  -29.713  52.769 0.0000000000
61138  25.995  -30.118  53.244 0.0000000000
59455  26.983  -30.529  54.710 0.0000000000
59456  26.164  -30.400  54.914 0.0000000000
68946  21.096  -24.747  52.455 0.0000000000
68945  21.955  -24.580  52.380 0.0000000000
67544  20.814  -25.435  52.343 0.0000000000
64567  21.037  -27.825  53.441 0.0000000000
62835  21.725  -28.217  53.132 0.0000000000
62817  22.102  -28.783  53.671 0.0000000000
62795  20.309  -28.671  54.812 0.0000000000
61076  22.082  -30.246  56.163 0.0000000000
90444  44.847  -10.878  37.989 0.0000000000
90443  45.791  -11.050  38.030 0.0000000000
85797  32.547  -12.501  43.756 0.0000000000
81236  32.392  -16.204  43.415 0.0000000000
82773  32.303  -15.592  42.959 0.0000000000
82772  33.273  -16.286  43.016 0.0000000000
82751  33.454  -16.856  43.627 0.0000000000
73422  30.598  -21.075  47.186 0.0000000000
73454  32.295  -22.001  45.523 0.0000000000
73464  32.128  -21.512  45.419 0.0000000000
74959  31.525  -19.831  44.694 0.0000000000
74951  32.601  -20.720  44.713 0.0000000000
70436  35.282  -23.685  47.831 0.0000000000
70447  34.282  -23.607  46.907 0.0000000000
70446  35.002  -23.422  47.147 0.0000000000
73451  36.104  -21.823  46.212 0.0000000000
73452  35.105  -21.916  45.514 0.0000000000
74949  34.630  -20.835  44.909 0.0000000000
76502  33.409  -19.976  44.345 0.0000000000
76513  33.588  -19.432  44.213 0.0000000000
78103  33.295  -18.778  44.016 0.0000000000
79634  35.390  -18.475  45.227 0.0000000000
79655  34.773  -18.476  44.785 0.0000000000
81199  35.042  -17.970  45.275 0.0000000000
82750  34.435  -17.280  44.145 0.0000000000
82733  35.102  -17.488  44.913 0.0000000000
82732  35.807  -17.644  45.071 0.0000000000
82716  36.033  -17.870  45.548 0.0000000000
81148  37.549  -18.211  47.442 0.0000000000
64589  30.384  -27.611  52.226 0.0000000000
67570  29.801  -26.416  51.411 0.0000000000
66108  30.819  -26.802  52.526 0.0000000000
67478  31.815  -26.132  54.014 0.0000000000
67505  31.155  -25.945  53.208 0.0000000000
68898  31.709  -25.130  54.183 0.0000000000
70306  32.464  -24.438  55.052 0.0000000000
71835  33.038  -23.262  54.531 0.0000000000
97979  54.197  -4.829  28.873 0.0000000000
98000  53.584  -4.220  28.586 0.0000000000
95509  55.429  -6.314  29.312 0.0000000000
94323  51.807  -7.056  32.243 0.0000000000
93230  52.821  -8.228  31.080 0.0000000000
95504  52.439  -6.704  30.610 0.0000000000
93229  53.266  -8.194  30.793 0.0000000000
91996  55.208  -9.491  31.441 0.0000000000
91997  54.229  -9.448  31.449 0.0000000000
93228  54.080  -8.200  30.480 0.0000000000
93227  55.106  -8.282  30.316 0.0000000000
94342  54.396  -7.426  29.866 0.0000000000
90462  46.766  -10.895  37.234 0.0000000000
70378  25.821  -23.873  51.725 0.0000000000
70396  26.946  -23.784  50.946 0.0000000000
93176  45.334  -8.228  35.635 0.0000000000
94290  45.832  -7.573  35.573 0.0000000000
91948  47.015  -9.642  35.118 0.0000000000
93137  40.678  -8.429  39.951 0.0000000000
91895  40.083  -9.084  40.179 0.0000000000
81255  35.598  -17.287  41.776 0.0000000000
79701  36.592  -18.462  43.112 0.0000000000
79675  36.869  -18.573  43.972 0.0000000000
81213  36.943  -18.488  44.450 0.0000000000
81198  36.722  -18.141  45.261 0.0000000000
60949  10.173  -29.413  60.601 0.0000000000
59346  10.165  -30.849  60.653 0.0000000000
60950  9.900  -30.224  60.951 0.0000000000
57659  9.869  -31.745  62.938 0.0000000000
62458  8.233  -27.296  70.455 0.0000000000
64566  24.581  -26.041  53.149 0.0000000000
66111  24.498  -26.420  52.545 0.0000000000
66112  23.946  -25.969  52.672 0.0000000000
67541  23.409  -25.661  52.471 0.0000000000
61056  18.493  -29.789  57.502 0.0000000000
61030  18.924  -29.763  58.318 0.0000000000
78051  31.137  -18.734  46.810 0.0000000000
70370  36.154  -23.990  52.260 0.0000000000
87357  35.029  -12.811  41.884 0.0000000000
87339  34.708  -12.454  42.232 0.0000000000
85846  34.307  -12.742  42.061 0.0000000000
85847  33.753  -12.851  42.155 0.0000000000
65980  11.929  -25.999  58.635 0.0000000000
67459  18.182  -24.225  55.312 0.0000000000
67463  15.175  -25.946  55.187 0.0000000000
66091  15.641  -26.189  54.736 0.0000000000
66065  15.289  -26.462  55.056 0.0000000000
64524  15.845  -27.960  54.749 0.0000000000
62799  16.044  -28.527  54.940 0.0000000000
62800  15.501  -28.423  55.386 0.0000000000
74902  28.055  -20.115  49.086 0.0000000000
73408  27.953  -21.158  48.663 0.0000000000
71919  28.381  -21.600  48.501 0.0000000000
71886  31.066  -22.765  51.273 0.0000000000
70394  32.535  -23.373  52.097 0.0000000000
70374  32.692  -23.471  52.997 0.0000000000
70355  33.324  -23.471  53.546 0.0000000000
94316  50.525  -7.949  33.514 0.0000000000
91971  49.808  -9.700  33.468 0.0000000000
88963  51.648  -12.311  35.546 0.0000000000
88942  51.413  -12.345  36.580 0.0000000000
91924  43.556  -9.503  37.154 0.0000000000
85927  40.679  -12.620  38.674 0.0000000000
87411  41.374  -12.279  38.423 0.0000000000
82853  43.182  -15.507  39.901 0.0000000000
82854  42.601  -15.336  39.662 0.0000000000
81301  42.243  -16.514  40.538 0.0000000000
87375  38.556  -12.198  40.242 0.0000000000
85886  38.106  -12.937  40.386 0.0000000000
79750  38.123  -17.962  41.316 0.0000000000
81282  38.597  -17.087  40.680 0.0000000000
79724  40.945  -18.191  41.939 0.0000000000
78145  40.799  -18.755  42.640 0.0000000000
61134  29.860  -29.677  52.668 0.0000000000
61115  29.428  -30.031  53.446 0.0000000000
95403  43.328  -6.502  39.798 0.0000000000
95410  43.532  -6.391  38.679 0.0000000000
95420  44.385  -6.467  37.464 0.0000000000
94260  44.039  -7.145  37.193 0.0000000000
59342  14.752  -31.357  60.537 0.0000000000
56152  10.312  -32.918  65.320 0.0000000000
54654  9.587  -33.510  67.862 0.0000000000
65871  10.172  -26.227  65.660 0.0000000000
65873  9.147  -27.211  65.156 0.0000000000
64270  8.925  -27.460  65.648 0.0000000000
62550  7.833  -28.817  65.884 0.0000000000
59166  6.866  -30.464  67.453 0.0000000000
57585  6.736  -31.029  67.491 0.0000000000
56116  6.808  -31.648  67.377 0.0000000000
54656  7.690  -33.007  67.411 0.0000000000
54657  7.018  -32.387  67.497 0.0000000000
59105  6.830  -29.665  70.882 0.0000000000
57491  6.152  -30.956  72.074 0.0000000000
59059  5.224  -29.997  74.428 0.0000000000
61178  24.392  -28.793  51.908 0.0000000000
59471  25.669  -30.269  54.165 0.0000000000
66114  20.068  -26.498  52.949 0.0000000000
66147  20.474  -25.917  52.441 0.0000000000
64568  20.453  -27.458  53.308 0.0000000000
64542  20.847  -28.248  53.708 0.0000000000
61053  21.292  -29.892  57.185 0.0000000000
88887  44.939  -12.068  38.932 0.0000000000
87374  46.121  -12.977  39.995 0.0000000000
84281  30.407  -14.973  44.843 0.0000000000
84280  30.780  -14.506  44.103 0.0000000000
84299  31.521  -14.530  43.172 0.0000000000
81237  31.940  -16.149  43.454 0.0000000000
81218  32.547  -16.823  43.819 0.0000000000
71946  31.565  -22.312  46.242 0.0000000000
71945  32.424  -22.792  46.010 0.0000000000
71952  32.632  -22.191  45.496 0.0000000000
71898  36.603  -23.461  48.035 0.0000000000
71915  36.128  -23.214  47.475 0.0000000000
71914  36.986  -22.935  47.651 0.0000000000
73441  36.426  -22.240  46.635 0.0000000000
74937  36.486  -21.107  46.030 0.0000000000
76500  35.182  -20.053  44.849 0.0000000000
76484  36.671  -20.364  45.791 0.0000000000
78049  36.280  -19.583  45.688 0.0000000000
79632  36.538  -19.084  46.059 0.0000000000
79611  36.506  -18.656  46.170 0.0000000000
78024  37.560  -19.381  46.784 0.0000000000
64535  31.845  -27.785  53.519 0.0000000000
66083  31.614  -26.850  53.231 0.0000000000
64534  32.341  -27.797  54.350 0.0000000000
66060  32.597  -27.025  54.802 0.0000000000
67477  32.552  -26.198  54.463 0.0000000000
97980  53.323  -4.793  29.082 0.0000000000
92000  51.888  -8.872  31.701 0.0000000000
93221  51.793  -8.448  31.739 0.0000000000
93216  55.747  -8.892  30.896 0.0000000000
91995  56.202  -9.445  31.536 0.0000000000
64503  13.704  -27.315  56.369 0.0000000000
67439  15.610  -24.837  55.633 0.0000000000
88927  49.284  -11.863  37.667 0.0000000000
88906  49.054  -11.647  38.522 0.0000000000
88908  47.827  -11.493  38.089 0.0000000000
90440  48.503  -11.436  38.926 0.0000000000
73397  26.087  -20.651  49.998 0.0000000000
71860  29.436  -23.011  51.939 0.0000000000
94288  47.745  -7.241  35.216 0.0000000000
94303  48.127  -7.807  34.677 0.0000000000
90508  47.364  -10.013  34.984 0.0000000000
88966  49.037  -11.499  36.162 0.0000000000
51652  6.626  -35.984  71.542 0.0000000000
91913  39.833  -9.664  39.144 0.0000000000
88915  40.229  -11.060  38.668 0.0000000000
87412  40.438  -11.989  38.720 0.0000000000
82835  37.536  -14.998  40.284 0.0000000000
78099  39.207  -19.802  44.620 0.0000000000
78073  39.008  -19.582  45.759 0.0000000000
78101  37.704  -19.089  44.096 0.0000000000
78074  38.373  -19.121  45.315 0.0000000000
79651  38.821  -18.919  46.506 0.0000000000
93135  41.899  -7.851  38.989 0.0000000000
57689  11.762  -31.883  60.492 0.0000000000
56200  11.868  -32.367  61.604 0.0000000000
59311  10.685  -31.612  60.955 0.0000000000
57676  11.156  -32.122  61.283 0.0000000000
56201  11.652  -32.393  61.800 0.0000000000
56181  10.066  -32.538  63.950 0.0000000000
57608  8.627  -32.054  65.130 0.0000000000
60859  7.797  -28.242  68.110 0.0000000000
60845  7.144  -28.940  68.600 0.0000000000
59121  7.078  -29.776  69.976 0.0000000000
60800  7.263  -28.896  71.313 0.0000000000
60792  7.311  -28.733  72.006 0.0000000000
62854  25.896  -28.012  51.958 0.0000000000
64616  24.895  -27.717  51.749 0.0000000000
62878  24.523  -28.307  51.706 0.0000000000
64617  24.177  -27.420  51.604 0.0000000000
62856  23.525  -28.559  52.123 0.0000000000
62796  19.386  -28.777  55.044 0.0000000000
61055  19.334  -29.736  57.391 0.0000000000
61054  20.282  -29.768  57.385 0.0000000000
82827  45.301  -15.321  40.580 0.0000000000
84351  46.027  -14.678  40.643 0.0000000000
81201  29.517  -17.064  45.461 0.0000000000
78106  30.345  -18.280  44.438 0.0000000000
70421  34.956  -23.921  49.100 0.0000000000
70420  36.351  -23.699  48.860 0.0000000000
70419  37.598  -23.367  49.240 0.0000000000
70418  38.135  -23.039  49.391 0.0000000000
95512  52.539  -6.094  30.061 0.0000000000
90522  52.781  -11.078  33.188 0.0000000000
90539  53.236  -10.547  32.539 0.0000000000
88856  39.248  -11.466  41.669 0.0000000000
85863  38.026  -12.608  41.214 0.0000000000
84330  37.733  -12.956  41.109 0.0000000000
84331  37.453  -13.297  40.948 0.0000000000
82809  35.094  -15.501  41.084 0.0000000000
81286  34.535  -16.682  41.781 0.0000000000
81257  34.328  -16.884  42.232 0.0000000000
61005  16.816  -30.022  59.171 0.0000000000
62739  13.201  -28.141  57.016 0.0000000000
62621  9.684  -27.845  61.615 0.0000000000
68924  22.508  -24.404  53.167 0.0000000000
68904  22.144  -24.115  54.138 0.0000000000
68926  20.278  -24.413  53.012 0.0000000000
68906  19.616  -24.104  54.258 0.0000000000
68927  19.520  -24.496  53.372 0.0000000000
67512  19.461  -25.255  53.036 0.0000000000
66115  19.060  -26.253  53.320 0.0000000000
66088  18.621  -26.935  53.458 0.0000000000
64545  18.480  -27.843  53.776 0.0000000000
67486  17.520  -25.133  54.281 0.0000000000
66117  17.633  -25.903  53.670 0.0000000000
64570  17.650  -26.599  53.614 0.0000000000
64569  18.072  -27.046  53.532 0.0000000000
62767  16.652  -29.191  55.734 0.0000000000
61057  17.619  -29.908  57.438 0.0000000000
74930  31.356  -19.649  47.995 0.0000000000
74912  30.714  -20.184  48.133 0.0000000000
73423  29.978  -21.208  47.530 0.0000000000
73443  30.295  -21.959  46.999 0.0000000000
70450  30.899  -23.438  47.721 0.0000000000
70439  31.613  -23.582  48.533 0.0000000000
73396  26.915  -21.000  49.475 0.0000000000
73395  27.683  -21.453  49.240 0.0000000000
71899  29.701  -22.687  49.795 0.0000000000
70392  34.354  -23.784  51.457 0.0000000000
70393  33.301  -23.646  51.696 0.0000000000
70371  35.133  -23.729  52.351 0.0000000000
93194  50.888  -8.219  32.860 0.0000000000
93208  51.343  -8.637  32.192 0.0000000000
90523  51.739  -10.970  33.295 0.0000000000
91922  45.456  -10.309  37.053 0.0000000000
90464  44.916  -10.505  37.430 0.0000000000
87391  44.562  -12.891  39.030 0.0000000000
90467  42.076  -9.622  37.685 0.0000000000
87410  42.307  -12.274  38.395 0.0000000000
85905  44.167  -13.794  39.219 0.0000000000
84352  44.773  -14.697  40.102 0.0000000000
82828  44.612  -15.562  40.430 0.0000000000
81276  44.995  -16.629  41.401 0.0000000000
90403  39.131  -10.533  40.352 0.0000000000
87397  38.972  -12.150  39.667 0.0000000000
82833  39.873  -15.513  39.611 0.0000000000
79745  42.568  -17.504  41.589 0.0000000000
79723  41.775  -18.012  41.955 0.0000000000
79722  42.673  -17.906  41.950 0.0000000000
66173  28.284  -26.577  50.611 0.0000000000
66172  29.329  -26.823  51.077 0.0000000000
64613  29.348  -27.470  51.429 0.0000000000
64590  29.809  -27.566  51.790 0.0000000000
62849  30.487  -28.122  52.471 0.0000000000
61133  30.680  -29.310  53.096 0.0000000000
62814  31.226  -28.587  53.350 0.0000000000
95437  44.676  -6.850  36.882 0.0000000000
94273  44.995  -7.250  36.409 0.0000000000
94291  45.165  -7.605  35.891 0.0000000000
93177  44.822  -8.109  35.907 0.0000000000
93163  45.034  -8.680  36.166 0.0000000000
60975  15.627  -31.015  60.701 0.0000000000
57687  13.231  -31.853  60.510 0.0000000000
64345  9.512  -27.337  62.390 0.0000000000
65909  10.122  -25.852  63.564 0.0000000000
64317  9.164  -27.416  63.029 0.0000000000
62594  8.901  -27.956  62.711 0.0000000000
62595  8.660  -28.395  63.266 0.0000000000
60901  8.287  -29.764  63.956 0.0000000000
59225  8.160  -31.200  64.797 0.0000000000
62528  7.881  -28.670  66.294 0.0000000000
51667  7.734  -35.925  70.767 0.0000000000
53114  6.653  -35.093  70.912 0.0000000000
54570  5.672  -33.434  72.425 0.0000000000
54558  5.641  -33.177  73.014 0.0000000000
56010  5.333  -32.373  73.417 0.0000000000
59078  7.178  -28.860  72.868 0.0000000000
59079  6.416  -29.495  73.057 0.0000000000
57472  5.824  -30.838  73.475 0.0000000000
57484  5.655  -31.499  73.316 0.0000000000
55998  5.461  -31.577  73.562 0.0000000000
55999  5.171  -31.876  73.765 0.0000000000
76402  29.673  -19.125  49.927 0.0000000000
67573  27.194  -25.520  51.151 0.0000000000
67540  26.428  -25.361  52.356 0.0000000000
67574  26.595  -25.330  51.724 0.0000000000
66199  27.761  -26.254  50.618 0.0000000000
62851  28.714  -28.658  51.678 0.0000000000
59467  28.287  -29.880  53.309 0.0000000000
62876  25.919  -28.955  51.757 0.0000000000
61158  26.196  -29.476  52.162 0.0000000000
61137  27.001  -29.807  52.923 0.0000000000
59440  27.772  -30.665  55.455 0.0000000000
66145  22.179  -26.484  51.802 0.0000000000
66146  21.044  -26.317  52.361 0.0000000000
64595  22.239  -27.514  51.898 0.0000000000
62858  22.114  -28.023  52.475 0.0000000000
62834  22.496  -28.665  52.915 0.0000000000
61141  22.615  -29.053  53.449 0.0000000000
64522  19.784  -28.451  54.368 0.0000000000
62794  21.057  -29.025  54.699 0.0000000000
61077  21.280  -29.701  56.134 0.0000000000
62762  21.604  -29.478  55.353 0.0000000000
62793  21.893  -29.031  54.508 0.0000000000
61117  23.310  -30.040  54.376 0.0000000000
91907  45.793  -10.667  37.448 0.0000000000
90424  46.275  -11.316  38.559 0.0000000000
88886  46.036  -11.747  39.109 0.0000000000
88885  47.275  -11.923  39.694 0.0000000000
84328  47.007  -15.147  41.207 0.0000000000
85796  33.412  -12.207  43.327 0.0000000000
85826  32.969  -12.743  42.749 0.0000000000
85848  33.030  -13.759  42.203 0.0000000000
84298  32.230  -14.534  42.634 0.0000000000
84316  33.276  -14.642  42.019 0.0000000000
82790  33.202  -15.453  42.337 0.0000000000
82789  33.772  -16.509  42.463 0.0000000000
81235  34.214  -17.054  42.726 0.0000000000
74940  31.416  -19.869  47.299 0.0000000000
76486  31.484  -19.531  46.968 0.0000000000
76487  31.171  -19.823  46.102 0.0000000000
76503  31.104  -19.658  45.251 0.0000000000
76516  30.857  -19.182  44.514 0.0000000000
76515  31.767  -19.379  44.116 0.0000000000
70458  33.489  -23.325  46.377 0.0000000000
71944  33.809  -22.710  45.897 0.0000000000
71932  34.993  -23.031  46.656 0.0000000000
73453  34.415  -22.327  45.571 0.0000000000
74957  32.895  -20.238  44.422 0.0000000000
78105  31.265  -18.476  43.993 0.0000000000
78104  32.307  -18.647  43.839 0.0000000000
79677  32.931  -17.906  43.923 0.0000000000
78076  34.965  -19.274  44.661 0.0000000000
79676  33.848  -18.187  44.373 0.0000000000
81217  33.601  -17.401  44.175 0.0000000000
82770  34.851  -17.325  43.759 0.0000000000
82748  36.123  -17.841  44.817 0.0000000000
81167  36.914  -18.010  47.078 0.0000000000
81182  36.866  -17.975  46.073 0.0000000000
67571  29.280  -25.739  51.032 0.0000000000
67538  29.778  -25.217  51.644 0.0000000000
68940  30.151  -24.760  52.141 0.0000000000
71848  31.286  -23.831  53.212 0.0000000000
67452  33.028  -26.349  55.192 0.0000000000
68873  32.192  -24.860  54.763 0.0000000000
70334  31.856  -24.349  54.281 0.0000000000
71847  31.894  -23.604  53.671 0.0000000000
71846  32.438  -23.422  53.986 0.0000000000
94332  52.160  -7.371  31.432 0.0000000000
96713  51.868  -5.794  31.433 0.0000000000
91998  53.310  -9.378  31.468 0.0000000000
94343  53.314  -7.405  30.220 0.0000000000
95511  53.256  -6.568  29.774 0.0000000000
94347  53.918  -6.949  29.642 0.0000000000
95510  54.382  -6.524  29.430 0.0000000000
95502  55.160  -6.996  29.575 0.0000000000
93226  56.143  -8.275  30.354 0.0000000000
56117  6.692  -31.377  67.534 0.0000000000
57569  6.653  -31.177  67.669 0.0000000000
57586  6.814  -31.244  67.333 0.0000000000
59150  6.709  -30.564  67.756 0.0000000000
62573  8.543  -27.874  63.985 0.0000000000
62737  19.180  -29.810  56.685 0.0000000000
62819  20.731  -28.612  54.334 0.0000000000
62832  30.307  -29.041  52.598 0.0000000000
62833  23.113  -28.753  52.586 0.0000000000
62855  24.077  -28.607  51.910 0.0000000000
64319  8.914  -27.473  63.961 0.0000000000
64521  20.140  -28.453  54.375 0.0000000000
64618  23.434  -27.492  51.538 0.0000000000
65893  9.276  -27.034  64.937 0.0000000000
66066  14.964  -26.120  55.330 0.0000000000
66140  30.110  -26.878  51.805 0.0000000000
66141  29.671  -27.103  51.489 0.0000000000
66198  27.924  -26.130  50.472 0.0000000000
67321  10.016  -26.281  64.223 0.0000000000
67330  9.953  -26.242  63.904 0.0000000000
67331  9.829  -26.435  64.081 0.0000000000
67440  15.140  -25.558  55.480 0.0000000000
67462  15.511  -25.622  55.100 0.0000000000
67483  23.395  -24.625  53.927 0.0000000000
67488  15.935  -25.634  54.712 0.0000000000
67603  27.577  -25.981  50.723 0.0000000000
68875  23.388  -24.507  54.556 0.0000000000
68903  23.022  -24.421  54.057 0.0000000000
68943  25.923  -24.415  51.963 0.0000000000
68944  25.963  -24.804  52.405 0.0000000000
68947  20.576  -24.966  52.552 0.0000000000
70307  32.034  -24.592  54.614 0.0000000000
70333  32.151  -24.268  54.657 0.0000000000
70356  32.824  -23.314  53.744 0.0000000000
70405  38.315  -23.309  50.008 0.0000000000
70457  33.977  -23.189  46.387 0.0000000000
71837  31.757  -24.000  53.870 0.0000000000
71895  38.896  -22.403  49.177 0.0000000000
71901  28.338  -21.760  48.939 0.0000000000
71916  35.457  -23.253  47.158 0.0000000000
71929  37.352  -22.393  47.224 0.0000000000
71930  36.636  -22.560  47.050 0.0000000000
71942  35.377  -22.470  46.184 0.0000000000
71943  34.681  -22.639  45.994 0.0000000000
73421  38.445  -21.638  48.354 0.0000000000
73450  36.705  -21.434  46.247 0.0000000000
73461  34.742  -21.440  45.178 0.0000000000
73463  32.736  -21.544  45.125 0.0000000000
74915  28.246  -20.804  48.513 0.0000000000
74929  37.061  -20.964  46.285 0.0000000000
74938  35.817  -21.003  45.642 0.0000000000
74939  35.154  -21.178  45.246 0.0000000000
74950  33.514  -20.735  44.692 0.0000000000
76426  29.423  -19.494  49.343 0.0000000000
76468  37.509  -20.173  46.341 0.0000000000
76485  35.845  -20.172  45.367 0.0000000000
76488  30.803  -19.239  45.864 0.0000000000
76501  34.237  -19.896  44.503 0.0000000000
76504  30.512  -19.031  45.234 0.0000000000
76517  30.402  -18.726  44.812 0.0000000000
78023  38.002  -19.228  47.457 0.0000000000
78048  37.041  -19.496  46.090 0.0000000000
78078  29.747  -17.852  45.104 0.0000000000
78107  29.851  -17.912  44.786 0.0000000000
79585  37.898  -18.558  47.607 0.0000000000
79586  37.346  -18.422  47.219 0.0000000000
79610  36.983  -18.768  46.660 0.0000000000
79633  35.934  -18.855  45.642 0.0000000000
79654  35.389  -18.899  45.030 0.0000000000
79656  29.986  -17.987  45.902 0.0000000000
79657  29.704  -17.635  45.514 0.0000000000
79673  38.039  -18.914  45.101 0.0000000000
79681  29.644  -17.483  45.002 0.0000000000
79746  42.111  -17.528  41.529 0.0000000000
81168  36.655  -18.388  46.509 0.0000000000
81183  36.282  -18.176  46.111 0.0000000000
81186  29.568  -17.235  45.849 0.0000000000
81221  29.664  -16.955  44.868 0.0000000000
81278  42.709  -17.095  41.257 0.0000000000
82715  36.402  -17.982  45.732 0.0000000000
82717  35.530  -17.730  45.371 0.0000000000
84317  32.810  -14.566  42.357 0.0000000000
84329  46.327  -15.256  41.066 0.0000000000
84380  39.053  -13.451  39.605 0.0000000000
85849  32.505  -14.058  42.477 0.0000000000
85864  37.789  -13.036  40.838 0.0000000000
85928  40.357  -12.511  38.801 0.0000000000
87317  34.050  -12.187  42.716 0.0000000000
87340  34.209  -12.545  42.294 0.0000000000
88929  47.986  -11.531  37.853 0.0000000000
90404  38.795  -10.947  40.217 0.0000000000
90426  38.820  -10.919  39.885 0.0000000000
91910  42.066  -8.919  37.934 0.0000000000
93148  40.919  -8.467  39.347 0.0000000000
