#!ascii label  , from subject sub-01 vox2ras=TkReg
1148
116114  48.568  10.769  35.856 0.0000000000
120788  48.388  14.409  24.098 0.0000000000
124018  51.367  17.083  21.562 0.0000000000
114224  51.826  8.431  13.502 0.0000000000
115104  50.063  9.202  28.770 0.0000000000
123924  56.856  17.244  28.649 0.0000000000
118622  52.030  12.683  15.695 0.0000000000
119751  41.664  14.354  16.768 0.0000000000
123890  50.935  17.788  30.981 0.0000000000
118482  48.264  12.690  31.255 0.0000000000
115149  48.659  8.729  24.521 0.0000000000
121952  45.170  16.130  21.171 0.0000000000
120917  46.074  13.683  14.501 0.0000000000
121934  53.877  16.175  22.774 0.0000000000
122038  52.244  15.297  13.007 0.0000000000
123044  41.180  16.614  16.195 0.0000000000
119617  52.148  13.420  33.895 0.0000000000
117285  52.178  11.344  32.429 0.0000000000
115107  49.858  9.968  27.078 0.0000000000
125007  50.250  17.895  24.795 0.0000000000
126012  47.493  19.276  23.301 0.0000000000
123002  48.559  15.956  21.037 0.0000000000
120857  46.407  13.730  18.016 0.0000000000
120871  49.479  14.417  17.511 0.0000000000
121877  49.405  16.254  27.379 0.0000000000
122937  52.751  16.066  26.818 0.0000000000
121910  50.580  15.322  24.237 0.0000000000
117477  54.066  11.708  12.049 0.0000000000
120896  53.594  14.794  14.580 0.0000000000
119803  52.616  12.969  11.928 0.0000000000
118664  49.490  13.263  12.550 0.0000000000
115279  51.169  9.892  14.653 0.0000000000
111929  48.794  6.389  17.618 0.0000000000
115058  45.685  9.426  33.687 0.0000000000
116178  49.693  10.054  31.435 0.0000000000
123967  53.695  17.434  24.588 0.0000000000
117396  48.602  11.664  20.824 0.0000000000
119712  50.369  13.234  19.963 0.0000000000
116315  51.186  10.557  17.310 0.0000000000
115284  54.430  10.031  13.358 0.0000000000
125889  52.817  19.705  33.516 0.0000000000
122837  51.656  16.458  35.151 0.0000000000
122878  48.425  16.027  31.543 0.0000000000
121880  46.461  14.742  27.826 0.0000000000
117320  50.426  10.907  29.852 0.0000000000
117327  46.276  11.492  28.559 0.0000000000
117367  46.070  11.351  24.276 0.0000000000
114127  49.299  8.764  21.266 0.0000000000
113962  43.399  8.423  34.819 0.0000000000
126034  46.119  19.505  19.755 0.0000000000
124053  42.932  17.874  18.403 0.0000000000
122019  42.862  15.307  17.214 0.0000000000
119777  43.126  14.063  15.148 0.0000000000
117437  45.438  11.885  16.020 0.0000000000
123912  54.924  16.831  29.869 0.0000000000
121904  56.019  15.978  25.052 0.0000000000
124016  54.057  17.481  21.411 0.0000000000
120834  52.732  14.762  18.698 0.0000000000
122002  54.842  16.466  17.506 0.0000000000
123034  52.585  16.333  17.801 0.0000000000
120928  49.323  14.387  13.430 0.0000000000
117458  46.835  12.044  13.912 0.0000000000
124064  40.018  17.608  16.976 0.0000000000
125081  41.462  18.377  16.514 0.0000000000
117272  51.846  11.605  34.269 0.0000000000
116142  49.818  10.628  33.773 0.0000000000
123988  50.975  17.373  23.296 0.0000000000
124004  49.460  17.047  22.374 0.0000000000
122984  50.005  16.552  21.191 0.0000000000
121980  49.034  14.858  19.374 0.0000000000
121978  50.556  15.752  19.362 0.0000000000
121902  48.376  15.071  25.483 0.0000000000
121890  49.748  16.024  26.491 0.0000000000
121911  49.621  15.056  24.003 0.0000000000
116351  53.942  10.672  11.660 0.0000000000
117485  53.589  12.267  11.800 0.0000000000
116353  52.301  10.688  12.931 0.0000000000
117468  51.705  11.284  13.399 0.0000000000
115278  51.507  9.366  14.124 0.0000000000
113085  50.880  7.862  15.164 0.0000000000
113104  50.529  7.001  14.318 0.0000000000
115090  46.011  9.326  31.890 0.0000000000
123949  52.695  17.867  26.784 0.0000000000
123947  55.343  17.081  26.367 0.0000000000
114170  50.617  9.343  19.106 0.0000000000
116305  50.513  10.711  18.486 0.0000000000
114184  51.607  8.905  17.615 0.0000000000
115275  54.815  9.072  13.888 0.0000000000
115282  55.963  9.155  13.004 0.0000000000
114229  55.256  9.070  11.834 0.0000000000
119624  50.495  13.538  32.873 0.0000000000
120722  50.413  14.706  33.427 0.0000000000
120750  48.502  14.411  32.091 0.0000000000
121854  47.484  15.705  29.644 0.0000000000
120760  46.550  13.968  30.148 0.0000000000
115094  49.963  9.605  30.139 0.0000000000
116189  50.727  10.295  30.627 0.0000000000
115099  50.393  9.704  29.056 0.0000000000
115114  48.378  9.421  26.509 0.0000000000
116205  48.602  9.978  27.516 0.0000000000
115116  46.335  9.963  26.440 0.0000000000
117340  45.388  11.767  26.328 0.0000000000
115151  46.770  9.529  24.632 0.0000000000
116248  47.142  10.401  23.198 0.0000000000
114089  48.822  8.682  23.213 0.0000000000
114124  52.962  8.808  21.580 0.0000000000
122972  46.204  17.217  22.206 0.0000000000
126021  46.369  19.335  21.916 0.0000000000
124031  45.156  17.823  21.069 0.0000000000
125050  45.105  18.540  19.383 0.0000000000
123004  44.108  16.732  20.468 0.0000000000
121983  42.825  16.206  18.839 0.0000000000
120842  43.989  15.075  19.448 0.0000000000
119761  46.314  13.483  15.986 0.0000000000
120887  44.882  13.985  15.756 0.0000000000
119788  44.535  13.758  14.723 0.0000000000
118615  43.919  12.552  15.715 0.0000000000
118626  44.995  12.714  14.707 0.0000000000
124906  51.681  18.790  32.522 0.0000000000
124930  53.628  18.701  31.476 0.0000000000
123900  52.535  17.688  30.226 0.0000000000
121908  52.869  15.545  24.560 0.0000000000
121886  54.158  15.482  26.282 0.0000000000
122945  54.777  16.175  24.130 0.0000000000
122966  55.721  17.005  22.841 0.0000000000
122980  54.695  16.761  21.240 0.0000000000
118598  51.166  12.941  18.180 0.0000000000
120822  51.640  14.547  19.919 0.0000000000
119743  52.596  14.216  17.332 0.0000000000
122031  53.383  15.334  13.730 0.0000000000
120867  53.949  15.429  16.547 0.0000000000
122017  53.443  16.021  16.005 0.0000000000
123022  54.044  17.033  17.945 0.0000000000
122018  52.232  15.376  15.523 0.0000000000
120884  51.278  14.893  15.979 0.0000000000
120927  50.464  14.553  13.214 0.0000000000
118623  49.419  11.976  15.176 0.0000000000
118652  48.604  12.917  13.233 0.0000000000
117446  48.670  11.850  15.713 0.0000000000
117435  47.660  11.570  16.429 0.0000000000
124968  57.218  17.679  30.382 0.0000000000
122010  40.340  15.883  17.078 0.0000000000
120892  40.849  15.316  16.824 0.0000000000
119588  53.558  13.630  35.784 0.0000000000
117261  52.680  12.311  35.242 0.0000000000
118450  52.501  12.310  33.475 0.0000000000
118479  51.292  11.854  31.558 0.0000000000
115103  50.215  9.504  28.296 0.0000000000
125009  48.722  18.324  24.247 0.0000000000
122970  47.907  16.901  22.272 0.0000000000
121950  46.897  15.805  21.438 0.0000000000
120826  45.712  14.820  20.094 0.0000000000
120824  47.810  14.690  19.983 0.0000000000
119735  48.187  13.771  17.838 0.0000000000
119759  48.177  13.541  16.376 0.0000000000
122897  50.281  17.152  28.983 0.0000000000
122913  51.832  16.721  28.210 0.0000000000
122939  50.826  16.296  26.849 0.0000000000
121899  51.975  15.629  25.370 0.0000000000
121935  52.840  15.553  22.525 0.0000000000
118648  53.097  12.301  13.843 0.0000000000
119770  52.820  13.810  14.996 0.0000000000
119794  53.486  13.723  13.180 0.0000000000
120937  53.161  14.545  12.090 0.0000000000
122050  52.112  15.082  11.684 0.0000000000
120951  50.579  14.657  11.643 0.0000000000
118663  50.753  13.094  12.526 0.0000000000
118634  50.615  11.828  14.135 0.0000000000
116332  50.472  10.352  15.814 0.0000000000
110730  49.156  6.135  16.750 0.0000000000
115026  47.057  9.838  34.588 0.0000000000
116143  48.780  10.481  33.475 0.0000000000
115056  47.224  10.006  32.824 0.0000000000
115096  48.135  9.449  30.567 0.0000000000
114021  48.546  8.791  29.683 0.0000000000
124998  51.410  18.062  26.240 0.0000000000
123958  51.620  17.603  24.961 0.0000000000
123987  52.161  17.431  23.319 0.0000000000
119697  48.204  13.137  22.468 0.0000000000
119695  49.253  13.708  21.560 0.0000000000
118580  49.325  12.346  20.512 0.0000000000
117422  50.675  11.691  18.078 0.0000000000
117443  51.935  11.734  15.847 0.0000000000
114207  53.333  8.824  15.606 0.0000000000
115277  53.147  9.990  14.626 0.0000000000
117454  52.841  11.660  14.271 0.0000000000
117465  54.606  11.127  12.442 0.0000000000
115292  54.594  9.769  11.861 0.0000000000
113111  52.984  8.138  12.650 0.0000000000
111984  51.206  6.540  13.573 0.0000000000
124867  51.912  18.470  34.765 0.0000000000
124907  50.675  18.123  32.496 0.0000000000
121791  51.886  15.406  35.025 0.0000000000
122858  50.164  16.145  33.878 0.0000000000
123903  49.371  17.198  30.824 0.0000000000
122899  48.381  16.680  29.457 0.0000000000
121868  47.351  15.701  28.501 0.0000000000
120779  47.307  14.586  26.141 0.0000000000
116177  50.816  10.465  31.782 0.0000000000
117312  51.622  10.830  30.826 0.0000000000
118496  49.394  11.957  30.881 0.0000000000
116198  49.948  10.449  28.476 0.0000000000
117323  47.831  11.166  29.462 0.0000000000
117317  47.371  11.789  30.084 0.0000000000
119662  45.516  13.031  28.476 0.0000000000
118517  46.114  12.993  26.331 0.0000000000
119680  46.749  13.047  24.421 0.0000000000
117388  47.742  11.423  22.021 0.0000000000
115198  48.720  9.642  21.236 0.0000000000
114141  50.099  8.588  20.418 0.0000000000
114107  50.872  8.477  22.571 0.0000000000
114140  51.143  8.251  20.446 0.0000000000
115028  45.439  9.709  35.276 0.0000000000
115059  44.918  9.063  34.067 0.0000000000
112896  42.821  7.946  34.240 0.0000000000
127043  47.129  20.638  20.610 0.0000000000
126052  45.824  19.243  18.170 0.0000000000
124055  41.808  17.388  17.198 0.0000000000
122009  41.847  15.961  16.975 0.0000000000
120890  42.228  14.882  16.443 0.0000000000
120875  44.068  14.137  17.328 0.0000000000
120889  43.140  14.742  16.600 0.0000000000
119764  42.526  14.163  16.132 0.0000000000
122892  57.168  16.321  29.463 0.0000000000
122912  52.996  16.445  28.413 0.0000000000
121865  55.462  15.597  27.857 0.0000000000
122932  56.916  16.121  26.835 0.0000000000
123965  56.026  17.453  24.269 0.0000000000
124000  54.337  17.509  22.444 0.0000000000
124017  52.780  17.159  21.111 0.0000000000
121948  50.677  14.673  21.507 0.0000000000
121947  51.449  14.973  21.195 0.0000000000
121959  53.736  16.093  20.697 0.0000000000
120868  53.391  14.802  16.939 0.0000000000
121990  54.060  15.755  18.131 0.0000000000
122997  54.533  16.583  20.360 0.0000000000
124050  54.652  17.299  18.998 0.0000000000
124041  53.584  17.285  18.941 0.0000000000
123013  51.759  16.453  19.521 0.0000000000
120870  50.424  14.734  17.314 0.0000000000
120900  49.196  13.896  15.568 0.0000000000
120930  47.272  13.998  13.746 0.0000000000
119817  48.713  14.106  11.992 0.0000000000
118666  47.578  13.481  12.562 0.0000000000
118655  46.112  13.228  13.300 0.0000000000
117448  46.234  12.101  15.059 0.0000000000
113064  48.732  7.576  18.822 0.0000000000
126080  41.143  18.776  16.629 0.0000000000
126079  41.744  19.107  16.086 0.0000000000
116128  49.762  10.906  35.004 0.0000000000
116129  48.665  10.548  34.645 0.0000000000
124019  50.337  16.936  21.706 0.0000000000
122983  50.868  16.697  21.019 0.0000000000
123000  50.432  16.257  20.414 0.0000000000
123014  50.923  16.233  19.745 0.0000000000
120783  48.257  14.712  24.916 0.0000000000
120782  48.902  14.876  24.364 0.0000000000
120787  49.021  14.727  23.679 0.0000000000
115285  52.790  9.466  12.372 0.0000000000
116352  52.982  10.496  12.242 0.0000000000
116345  52.458  10.040  12.846 0.0000000000
115286  52.183  9.349  13.174 0.0000000000
114217  51.392  8.331  14.218 0.0000000000
123910  56.651  17.934  29.421 0.0000000000
123925  55.742  17.862  28.792 0.0000000000
123938  55.023  17.226  27.638 0.0000000000
122923  55.867  16.860  27.271 0.0000000000
114169  51.187  8.948  18.600 0.0000000000
115238  50.738  9.785  18.496 0.0000000000
114221  56.092  8.627  13.089 0.0000000000
113098  56.155  8.274  13.259 0.0000000000
113099  55.680  8.203  12.799 0.0000000000
119737  41.837  13.585  17.551 0.0000000000
119639  49.564  12.919  31.986 0.0000000000
119626  48.968  13.912  32.230 0.0000000000
119640  48.792  13.304  31.771 0.0000000000
120751  47.922  14.363  31.472 0.0000000000
119641  47.626  13.442  31.217 0.0000000000
115100  49.913  9.284  29.352 0.0000000000
115093  50.467  9.805  29.729 0.0000000000
115133  48.928  8.889  25.356 0.0000000000
115115  47.152  9.534  26.402 0.0000000000
115134  47.564  9.232  25.483 0.0000000000
115135  46.474  9.673  25.617 0.0000000000
115166  47.165  9.654  23.809 0.0000000000
114072  48.571  8.716  24.018 0.0000000000
122989  45.522  16.826  21.718 0.0000000000
124021  45.433  17.719  21.736 0.0000000000
124022  45.027  17.317  21.297 0.0000000000
124032  44.596  17.485  20.548 0.0000000000
122990  44.725  16.718  21.070 0.0000000000
121969  43.902  16.211  20.077 0.0000000000
121968  44.534  15.927  20.482 0.0000000000
119785  46.386  13.694  14.758 0.0000000000
119775  45.834  13.700  15.218 0.0000000000
120918  45.229  13.698  14.667 0.0000000000
118640  44.620  13.484  14.677 0.0000000000
119787  45.265  13.398  14.457 0.0000000000
124932  51.185  18.193  31.591 0.0000000000
124953  51.995  18.159  30.901 0.0000000000
123901  51.425  17.759  30.378 0.0000000000
121921  53.831  15.874  23.769 0.0000000000
121907  53.770  15.722  24.693 0.0000000000
122959  54.210  16.311  23.236 0.0000000000
122968  54.540  16.447  22.864 0.0000000000
121944  54.521  16.459  22.095 0.0000000000
118614  51.687  12.576  16.431 0.0000000000
119732  51.701  13.694  18.046 0.0000000000
119744  52.013  13.458  16.921 0.0000000000
122032  52.912  15.581  13.808 0.0000000000
122026  53.414  15.500  14.982 0.0000000000
122027  52.780  15.612  14.740 0.0000000000
122033  52.215  15.213  13.838 0.0000000000
120912  51.343  14.770  13.961 0.0000000000
120926  51.509  14.873  13.082 0.0000000000
117445  49.781  11.248  15.711 0.0000000000
118624  48.750  12.285  14.834 0.0000000000
117434  48.812  11.076  16.725 0.0000000000
124070  40.244  17.178  16.522 0.0000000000
123037  40.013  16.486  16.950 0.0000000000
123045  40.434  16.608  16.460 0.0000000000
122022  40.930  15.832  16.467 0.0000000000
118424  52.813  12.593  36.290 0.0000000000
117247  52.172  12.310  36.007 0.0000000000
116140  51.801  11.387  33.764 0.0000000000
117271  52.552  11.851  34.128 0.0000000000
118461  52.378  11.738  32.776 0.0000000000
118462  52.093  12.008  32.173 0.0000000000
118478  51.982  11.653  31.411 0.0000000000
125000  49.665  18.470  25.354 0.0000000000
125992  49.008  19.248  25.321 0.0000000000
125008  49.530  18.091  24.574 0.0000000000
122969  48.652  16.815  22.140 0.0000000000
124005  48.433  17.318  22.673 0.0000000000
122986  48.273  16.431  21.693 0.0000000000
122987  47.439  16.316  21.823 0.0000000000
123003  47.880  16.019  21.341 0.0000000000
121965  47.600  15.464  20.770 0.0000000000
120837  49.036  14.714  18.894 0.0000000000
120838  48.389  14.449  19.264 0.0000000000
119734  48.623  14.077  17.844 0.0000000000
119747  47.762  13.500  17.077 0.0000000000
119746  48.730  13.828  17.289 0.0000000000
122915  49.767  16.695  28.397 0.0000000000
122914  50.761  16.773  28.234 0.0000000000
122929  50.145  16.435  27.527 0.0000000000
121900  50.752  15.642  25.306 0.0000000000
121909  51.776  15.469  24.417 0.0000000000
121923  51.665  15.439  23.360 0.0000000000
117466  53.922  11.589  12.951 0.0000000000
118647  53.416  12.730  13.437 0.0000000000
118660  53.703  12.749  12.559 0.0000000000
118661  53.022  12.436  11.790 0.0000000000
118675  53.339  12.925  11.725 0.0000000000
120948  52.895  14.122  11.831 0.0000000000
120938  52.757  14.917  11.943 0.0000000000
119813  52.585  13.647  11.759 0.0000000000
119814  51.606  13.909  11.431 0.0000000000
119804  51.791  13.356  12.034 0.0000000000
117455  51.406  11.006  14.087 0.0000000000
117469  51.052  11.526  13.964 0.0000000000
116340  50.888  10.396  15.024 0.0000000000
117456  50.631  11.307  14.710 0.0000000000
115271  51.001  9.412  15.142 0.0000000000
111957  49.410  6.360  15.206 0.0000000000
111942  50.193  7.232  16.063 0.0000000000
115040  46.392  9.613  34.208 0.0000000000
115039  47.170  9.880  33.739 0.0000000000
115057  46.484  9.662  33.280 0.0000000000
115089  46.723  9.550  31.369 0.0000000000
115097  47.287  9.376  30.703 0.0000000000
114011  48.334  9.141  30.170 0.0000000000
114012  47.631  8.943  30.192 0.0000000000
123956  53.419  17.468  25.809 0.0000000000
123957  52.211  17.646  25.598 0.0000000000
123968  52.375  17.514  24.346 0.0000000000
123986  53.433  17.466  23.371 0.0000000000
118567  48.590  12.449  21.443 0.0000000000
118581  48.771  12.200  20.872 0.0000000000
116304  50.849  10.302  17.981 0.0000000000
117411  50.296  11.553  18.857 0.0000000000
117421  51.009  11.438  17.505 0.0000000000
117432  51.418  11.547  16.821 0.0000000000
116323  51.655  10.538  16.256 0.0000000000
114196  52.716  8.729  16.327 0.0000000000
114206  54.099  8.714  15.207 0.0000000000
115276  53.989  9.548  14.245 0.0000000000
116330  52.699  10.580  14.970 0.0000000000
116337  53.956  10.585  13.502 0.0000000000
117453  53.465  11.263  13.673 0.0000000000
116344  54.627  10.599  12.946 0.0000000000
113109  54.898  8.364  12.161 0.0000000000
114230  54.279  8.933  11.842 0.0000000000
114231  53.291  8.778  12.135 0.0000000000
123839  52.579  17.276  36.011 0.0000000000
124852  52.261  18.028  35.612 0.0000000000
123840  51.888  17.365  35.339 0.0000000000
123875  50.941  17.968  33.654 0.0000000000
123861  51.190  17.438  34.346 0.0000000000
119603  53.013  13.548  34.881 0.0000000000
120704  52.865  14.349  35.488 0.0000000000
120720  51.985  14.161  34.257 0.0000000000
121827  49.188  15.280  32.939 0.0000000000
121809  49.899  15.296  33.385 0.0000000000
122874  48.914  16.267  32.394 0.0000000000
123885  49.509  16.869  32.388 0.0000000000
122877  48.801  16.712  31.361 0.0000000000
123904  48.806  16.953  30.580 0.0000000000
122886  48.346  16.415  30.557 0.0000000000
121855  46.794  15.338  29.175 0.0000000000
121869  46.547  15.076  28.413 0.0000000000
121892  47.401  14.931  26.665 0.0000000000
120775  46.339  14.280  27.293 0.0000000000
116161  48.775  10.312  32.447 0.0000000000
116160  49.830  10.375  32.621 0.0000000000
116192  50.561  10.332  29.649 0.0000000000
117313  50.985  10.962  30.432 0.0000000000
117314  50.155  11.478  30.493 0.0000000000
115106  50.103  9.508  27.313 0.0000000000
116203  50.204  10.017  28.065 0.0000000000
116204  49.705  10.163  27.664 0.0000000000
116201  46.918  10.700  28.327 0.0000000000
116200  47.934  10.541  28.528 0.0000000000
117326  47.111  11.032  28.928 0.0000000000
117324  46.783  11.606  29.501 0.0000000000
118505  46.017  12.399  29.267 0.0000000000
117328  45.727  11.932  28.227 0.0000000000
118526  45.624  11.881  25.321 0.0000000000
118518  45.695  12.639  26.573 0.0000000000
118525  46.038  12.334  24.950 0.0000000000
119677  46.665  13.352  25.325 0.0000000000
118540  46.515  12.267  23.925 0.0000000000
118539  47.158  12.292  23.188 0.0000000000
117366  46.677  11.348  23.448 0.0000000000
115179  48.449  9.344  21.951 0.0000000000
116255  48.213  10.082  21.816 0.0000000000
114128  48.753  9.051  21.620 0.0000000000
114142  49.447  9.190  20.421 0.0000000000
114125  51.646  8.396  21.546 0.0000000000
114139  52.352  8.409  20.424 0.0000000000
116117  45.145  10.311  35.384 0.0000000000
113951  43.657  8.984  35.288 0.0000000000
113961  44.173  8.806  35.226 0.0000000000
113977  44.250  8.565  34.461 0.0000000000
113978  43.559  8.141  33.884 0.0000000000
126027  45.993  19.271  20.906 0.0000000000
127037  46.667  20.073  21.471 0.0000000000
127044  46.551  20.046  20.227 0.0000000000
127052  47.359  20.341  19.182 0.0000000000
127053  46.660  19.816  19.508 0.0000000000
126042  46.497  19.503  18.820 0.0000000000
126043  45.651  19.165  19.033 0.0000000000
125051  44.194  18.347  19.020 0.0000000000
125060  42.819  18.472  17.676 0.0000000000
125061  42.130  18.286  17.348 0.0000000000
124054  42.224  17.648  17.864 0.0000000000
122007  42.878  15.388  17.954 0.0000000000
121996  42.533  16.056  18.148 0.0000000000
122008  42.316  15.862  17.361 0.0000000000
122020  42.318  15.440  16.814 0.0000000000
120840  46.024  14.338  19.158 0.0000000000
120841  44.896  14.417  19.358 0.0000000000
120858  45.099  14.059  18.218 0.0000000000
120904  44.237  14.243  15.328 0.0000000000
120888  44.145  14.293  16.191 0.0000000000
120905  43.406  14.371  15.629 0.0000000000
119778  42.911  14.374  15.638 0.0000000000
119763  42.874  13.807  15.613 0.0000000000
118610  42.725  13.492  16.474 0.0000000000
118616  43.363  13.386  15.633 0.0000000000
117438  44.611  12.226  15.902 0.0000000000
125900  53.877  19.801  32.901 0.0000000000
124951  54.369  18.180  30.872 0.0000000000
124929  54.783  18.806  31.565 0.0000000000
123898  55.093  17.288  30.312 0.0000000000
123897  56.357  17.310  30.572 0.0000000000
122883  55.887  16.588  30.082 0.0000000000
122927  52.362  16.386  27.487 0.0000000000
122926  53.491  16.018  27.399 0.0000000000
121896  54.857  15.624  25.542 0.0000000000
121875  54.347  15.646  27.036 0.0000000000
121884  55.926  15.524  26.461 0.0000000000
121873  56.186  15.403  27.318 0.0000000000
121894  56.217  15.977  25.843 0.0000000000
123945  56.324  16.901  25.456 0.0000000000
123963  56.444  16.780  24.500 0.0000000000
124015  54.810  17.160  21.780 0.0000000000
123999  55.322  17.291  22.724 0.0000000000
124001  53.145  17.399  22.307 0.0000000000
119703  49.622  13.398  21.003 0.0000000000
120816  49.714  14.092  21.430 0.0000000000
120815  50.458  14.255  21.026 0.0000000000
120835  51.799  14.320  18.933 0.0000000000
121961  51.740  14.827  20.500 0.0000000000
121960  52.643  15.309  20.218 0.0000000000
121946  52.747  15.511  21.443 0.0000000000
120897  53.289  14.271  14.359 0.0000000000
119756  53.021  14.167  16.258 0.0000000000
119755  53.510  14.692  15.945 0.0000000000
122015  54.932  16.395  16.764 0.0000000000
122003  54.635  15.817  17.006 0.0000000000
121976  54.129  16.196  19.484 0.0000000000
121989  54.682  16.618  18.565 0.0000000000
123010  54.959  17.015  19.194 0.0000000000
123021  54.825  17.114  18.041 0.0000000000
123033  53.424  16.650  17.309 0.0000000000
124052  53.799  17.212  18.417 0.0000000000
123023  53.204  16.840  18.305 0.0000000000
123012  52.759  16.771  19.239 0.0000000000
123024  52.062  16.287  18.586 0.0000000000
121993  51.016  15.368  18.282 0.0000000000
122006  51.210  15.160  17.371 0.0000000000
120899  50.278  14.392  15.230 0.0000000000
120885  50.310  14.518  16.281 0.0000000000
120914  49.178  14.245  14.413 0.0000000000
120915  47.963  13.812  14.569 0.0000000000
120929  48.219  14.288  13.617 0.0000000000
118676  50.173  13.517  11.959 0.0000000000
119816  49.532  14.081  11.787 0.0000000000
118677  49.412  13.658  11.963 0.0000000000
118637  47.873  12.558  13.981 0.0000000000
118653  47.475  12.787  13.191 0.0000000000
118667  46.794  13.587  12.878 0.0000000000
117471  46.350  12.470  13.651 0.0000000000
117459  45.896  12.432  14.225 0.0000000000
117424  47.784  11.181  17.567 0.0000000000
117425  46.707  11.342  17.368 0.0000000000
113071  49.548  7.718  17.699 0.0000000000
111915  48.482  6.677  18.442 0.0000000000
125074  39.778  18.199  17.574 0.0000000000
124063  40.472  17.967  16.657 0.0000000000
124069  40.747  17.525  16.352 0.0000000000
117248  51.202  11.716  35.916 0.0000000000
117249  50.017  11.427  35.745 0.0000000000
116141  50.911  11.050  34.028 0.0000000000
116158  51.918  11.033  33.108 0.0000000000
123970  50.183  17.583  24.078 0.0000000000
123971  49.390  17.669  23.994 0.0000000000
123989  49.903  17.371  23.277 0.0000000000
124020  49.738  16.778  21.706 0.0000000000
122985  49.158  16.570  21.525 0.0000000000
121964  48.900  15.148  20.147 0.0000000000
123001  49.509  16.027  20.731 0.0000000000
121979  49.711  15.225  19.083 0.0000000000
121994  50.060  15.025  18.442 0.0000000000
121878  48.471  16.033  27.639 0.0000000000
121901  49.280  15.317  25.125 0.0000000000
121924  50.362  15.104  23.088 0.0000000000
117478  53.236  11.642  11.992 0.0000000000
117479  52.379  11.385  12.636 0.0000000000
118662  52.169  12.438  12.516 0.0000000000
116346  51.805  10.289  13.528 0.0000000000
114208  51.167  8.425  14.902 0.0000000000
115270  51.343  8.882  14.603 0.0000000000
113093  50.925  7.696  14.502 0.0000000000
111971  50.038  6.574  14.695 0.0000000000
115074  45.828  9.451  32.740 0.0000000000
115091  45.324  9.126  32.185 0.0000000000
123940  52.831  18.227  27.410 0.0000000000
123939  53.524  17.917  27.773 0.0000000000
123948  54.057  17.386  26.653 0.0000000000
123955  54.551  17.311  25.451 0.0000000000
115226  49.508  10.089  19.860 0.0000000000
116290  49.619  10.796  19.583 0.0000000000
115239  50.357  10.027  19.099 0.0000000000
115249  51.156  9.649  17.821 0.0000000000
115260  51.515  9.625  16.966 0.0000000000
114216  54.649  8.778  14.419 0.0000000000
114215  55.428  8.645  13.946 0.0000000000
115283  55.207  9.544  13.139 0.0000000000
115291  55.341  9.676  12.195 0.0000000000
114228  56.055  8.951  12.135 0.0000000000
113108  55.581  8.645  12.115 0.0000000000
121780  52.084  15.877  35.588 0.0000000000
119618  51.175  13.534  33.298 0.0000000000
120721  51.182  14.393  33.837 0.0000000000
120736  50.644  14.145  33.237 0.0000000000
120738  49.039  14.438  32.604 0.0000000000
121835  48.150  15.247  31.731 0.0000000000
121840  48.128  15.659  31.076 0.0000000000
121836  47.776  15.115  31.097 0.0000000000
120759  47.071  14.644  30.566 0.0000000000
120769  46.390  14.443  29.400 0.0000000000
115086  49.547  9.741  30.674 0.0000000000
116190  50.075  9.878  30.699 0.0000000000
116211  49.029  9.849  26.857 0.0000000000
115108  47.624  9.626  27.130 0.0000000000
116207  46.192  10.719  27.558 0.0000000000
116208  45.634  11.462  27.431 0.0000000000
116212  45.916  10.557  26.638 0.0000000000
116237  45.580  10.884  25.499 0.0000000000
116249  46.451  10.359  23.918 0.0000000000
115165  47.859  9.386  23.166 0.0000000000
114109  48.830  8.786  22.149 0.0000000000
114106  52.102  8.957  22.722 0.0000000000
125030  47.089  18.524  22.814 0.0000000000
126020  46.862  19.298  22.566 0.0000000000
125031  46.325  18.587  22.327 0.0000000000
125038  45.890  18.852  21.752 0.0000000000
126028  45.570  18.720  20.659 0.0000000000
126035  45.579  18.935  20.033 0.0000000000
125044  45.230  18.222  20.393 0.0000000000
124042  44.155  17.738  19.781 0.0000000000
124043  43.426  17.584  19.258 0.0000000000
124044  42.855  17.313  18.608 0.0000000000
123005  43.479  16.761  19.898 0.0000000000
120843  43.478  15.394  19.059 0.0000000000
120860  43.421  15.023  18.586 0.0000000000
120873  46.048  13.580  17.108 0.0000000000
120874  45.249  13.889  16.863 0.0000000000
119762  45.539  13.681  15.925 0.0000000000
119789  43.881  13.982  14.657 0.0000000000
118628  43.867  13.621  14.848 0.0000000000
118641  44.180  13.763  14.678 0.0000000000
117450  44.590  12.523  15.208 0.0000000000
117449  45.300  12.391  15.078 0.0000000000
125890  51.977  19.326  33.077 0.0000000000
125917  53.853  19.204  32.073 0.0000000000
125918  53.137  19.023  31.871 0.0000000000
124952  53.113  18.342  30.763 0.0000000000
123899  53.760  17.686  30.134 0.0000000000
121898  53.001  15.667  25.451 0.0000000000
122936  53.269  15.874  26.861 0.0000000000
121897  53.935  15.591  25.498 0.0000000000
121906  54.666  15.857  24.696 0.0000000000
121905  55.507  15.923  24.837 0.0000000000
122943  56.113  16.492  24.251 0.0000000000
122957  55.870  16.728  23.351 0.0000000000
122967  55.137  16.760  22.461 0.0000000000
124028  54.636  17.209  20.731 0.0000000000
119723  50.678  13.137  19.140 0.0000000000
120836  51.027  13.862  19.498 0.0000000000
119722  51.195  13.674  18.817 0.0000000000
120852  52.361  14.356  18.316 0.0000000000
120910  53.636  14.880  13.533 0.0000000000
120882  53.693  15.203  15.714 0.0000000000
122016  54.388  16.022  16.130 0.0000000000
123041  54.797  16.530  16.553 0.0000000000
123032  54.383  16.995  17.128 0.0000000000
123043  53.869  16.638  16.666 0.0000000000
122004  53.299  16.367  16.688 0.0000000000
122005  52.226  15.679  16.983 0.0000000000
120898  51.296  14.750  14.920 0.0000000000
120913  50.309  14.467  14.185 0.0000000000
118651  49.741  12.759  13.362 0.0000000000
118636  48.827  12.635  14.064 0.0000000000
118625  48.224  12.448  14.482 0.0000000000
117447  47.563  12.118  15.067 0.0000000000
123909  57.330  17.345  29.638 0.0000000000
123038  39.674  16.792  17.420 0.0000000000
120877  41.100  14.765  17.134 0.0000000000
118422  53.530  13.039  35.403 0.0000000000
118439  53.064  12.692  34.737 0.0000000000
117262  51.916  11.918  35.061 0.0000000000
119616  52.803  12.970  34.198 0.0000000000
118451  51.565  12.704  33.096 0.0000000000
118463  50.754  12.661  32.341 0.0000000000
118480  50.007  12.323  31.473 0.0000000000
114027  49.974  8.993  28.410 0.0000000000
114032  49.928  8.677  27.797 0.0000000000
115113  49.587  9.563  26.513 0.0000000000
114071  49.326  8.740  24.307 0.0000000000
125993  48.585  19.224  24.693 0.0000000000
126011  47.858  18.829  23.526 0.0000000000
123990  48.829  17.564  23.415 0.0000000000
123991  48.165  17.882  23.110 0.0000000000
125022  47.739  18.442  23.175 0.0000000000
122971  47.047  17.072  22.259 0.0000000000
122988  46.496  16.485  21.888 0.0000000000
121951  45.957  15.955  21.368 0.0000000000
121967  45.419  15.532  20.690 0.0000000000
121966  46.400  15.381  20.750 0.0000000000
120825  46.798  14.760  20.048 0.0000000000
120839  47.203  14.353  19.147 0.0000000000
120856  47.731  13.886  18.473 0.0000000000
119736  47.374  13.567  17.710 0.0000000000
119748  46.716  13.432  16.958 0.0000000000
119760  47.236  13.468  16.181 0.0000000000
119784  47.083  13.685  14.823 0.0000000000
123916  50.844  17.559  29.631 0.0000000000
123915  51.916  17.463  29.522 0.0000000000
123930  51.321  17.196  28.850 0.0000000000
122928  51.281  16.506  27.491 0.0000000000
122938  51.796  16.251  26.778 0.0000000000
121889  51.224  15.936  26.159 0.0000000000
121888  52.327  15.944  26.130 0.0000000000
121922  52.845  15.529  23.567 0.0000000000
118621  52.475  12.479  15.087 0.0000000000
119771  52.362  13.105  15.422 0.0000000000
118633  53.107  12.847  14.245 0.0000000000
119783  53.217  13.774  13.938 0.0000000000
119795  53.376  14.159  13.581 0.0000000000
118674  53.967  12.965  11.838 0.0000000000
119802  53.653  13.747  12.354 0.0000000000
120924  53.553  14.573  12.814 0.0000000000
122036  53.405  15.242  12.861 0.0000000000
122043  52.898  15.319  12.065 0.0000000000
122044  51.907  15.251  12.172 0.0000000000
122045  51.102  15.184  11.783 0.0000000000
120950  51.416  14.628  11.329 0.0000000000
119805  50.923  13.494  11.704 0.0000000000
118649  51.776  11.811  12.964 0.0000000000
118650  50.995  12.199  13.467 0.0000000000
118635  49.905  12.239  14.411 0.0000000000
117457  49.985  11.814  15.066 0.0000000000
115262  49.968  9.784  16.747 0.0000000000
113079  49.773  7.409  17.038 0.0000000000
113086  50.550  7.657  15.789 0.0000000000
113078  50.217  7.668  16.614 0.0000000000
111928  49.348  6.928  17.256 0.0000000000
116115  47.402  10.301  35.370 0.0000000000
116130  47.783  10.301  34.191 0.0000000000
116144  47.893  10.363  33.176 0.0000000000
116162  47.915  10.282  32.318 0.0000000000
115073  46.586  9.708  32.350 0.0000000000
116180  47.879  10.137  31.812 0.0000000000
115087  48.789  9.807  30.956 0.0000000000
115095  48.980  9.399  30.257 0.0000000000
115101  49.385  9.208  29.745 0.0000000000
114020  49.346  8.925  29.400 0.0000000000
124996  50.034  18.618  26.057 0.0000000000
124999  50.827  17.957  25.523 0.0000000000
123950  51.932  17.945  26.442 0.0000000000
123969  51.176  17.532  24.347 0.0000000000
124002  51.845  17.332  22.322 0.0000000000
120799  47.885  13.953  23.794 0.0000000000
120798  48.413  14.217  23.236 0.0000000000
119696  48.652  13.480  21.973 0.0000000000
119704  49.070  13.168  21.447 0.0000000000
118579  49.911  12.721  20.145 0.0000000000
117402  49.864  11.406  19.379 0.0000000000
118589  50.061  12.263  19.627 0.0000000000
118599  50.703  12.444  18.494 0.0000000000
118607  50.806  12.215  18.035 0.0000000000
118606  51.236  12.447  17.619 0.0000000000
114183  52.380  8.521  17.377 0.0000000000
114197  51.953  8.947  16.841 0.0000000000
115259  52.115  9.536  16.197 0.0000000000
115268  53.567  9.127  15.106 0.0000000000
115269  52.890  9.484  15.285 0.0000000000
116322  52.256  10.168  15.633 0.0000000000
116331  52.199  10.882  15.594 0.0000000000
117442  52.457  11.463  15.191 0.0000000000
117467  53.281  11.906  13.562 0.0000000000
117476  54.693  10.981  12.129 0.0000000000
116343  54.885  10.403  12.404 0.0000000000
116350  54.685  10.555  11.966 0.0000000000
115293  53.667  9.671  11.905 0.0000000000
114223  52.542  8.617  12.798 0.0000000000
113102  52.156  7.634  13.221 0.0000000000
125878  52.014  19.299  33.986 0.0000000000
124885  51.387  18.617  33.670 0.0000000000
124886  50.899  18.298  33.167 0.0000000000
124933  50.463  17.907  31.958 0.0000000000
120693  53.910  14.391  36.439 0.0000000000
121779  52.852  15.324  36.062 0.0000000000
121808  50.473  15.162  33.816 0.0000000000
121792  51.023  15.343  34.294 0.0000000000
122838  51.023  16.267  34.533 0.0000000000
123876  50.446  17.416  33.403 0.0000000000
123884  50.009  17.438  32.365 0.0000000000
123891  50.259  17.571  31.445 0.0000000000
123917  49.836  17.301  29.853 0.0000000000
122898  49.264  17.115  29.131 0.0000000000
122916  48.833  16.606  28.515 0.0000000000
122900  47.950  16.250  29.853 0.0000000000
121867  48.001  16.263  28.831 0.0000000000
121891  48.164  15.322  26.297 0.0000000000
120778  47.865  14.826  25.608 0.0000000000
120784  47.392  14.180  25.292 0.0000000000
116159  50.884  10.747  32.853 0.0000000000
116176  51.750  10.761  32.112 0.0000000000
116188  51.522  10.663  31.313 0.0000000000
117297  52.008  11.188  31.529 0.0000000000
117298  51.614  11.367  31.014 0.0000000000
118481  48.984  12.412  31.314 0.0000000000
116197  50.389  10.138  28.751 0.0000000000
116193  50.156  10.604  29.230 0.0000000000
116199  49.094  10.457  28.370 0.0000000000
116195  48.654  10.797  29.022 0.0000000000
117322  48.860  11.110  29.665 0.0000000000
117315  49.170  11.504  30.334 0.0000000000
117316  48.215  11.633  30.227 0.0000000000
118498  47.595  12.445  30.701 0.0000000000
119653  46.806  13.359  30.593 0.0000000000
119654  46.269  13.341  29.796 0.0000000000
119665  45.713  13.733  28.340 0.0000000000
117333  45.354  11.964  27.061 0.0000000000
119670  45.851  13.402  27.210 0.0000000000
120776  45.814  13.863  27.765 0.0000000000
120780  46.611  14.159  26.473 0.0000000000
119676  47.205  13.611  24.731 0.0000000000
119679  47.392  13.488  24.056 0.0000000000
119688  47.717  13.314  23.143 0.0000000000
118554  47.884  12.363  22.361 0.0000000000
117387  48.179  11.505  21.476 0.0000000000
116256  47.684  10.423  22.393 0.0000000000
116264  47.953  10.808  21.721 0.0000000000
116277  48.779  10.782  20.574 0.0000000000
114156  49.490  9.617  20.099 0.0000000000
114154  50.749  8.708  19.576 0.0000000000
114108  49.697  8.488  22.353 0.0000000000
114126  50.424  8.280  21.431 0.0000000000
114153  51.724  8.407  19.411 0.0000000000
116103  46.975  10.693  35.995 0.0000000000
115027  46.347  9.810  35.044 0.0000000000
115041  45.575  9.478  34.591 0.0000000000
115029  44.524  9.520  35.349 0.0000000000
115042  44.846  9.102  34.930 0.0000000000
113991  43.539  8.188  32.761 0.0000000000
126063  45.525  19.265  17.301 0.0000000000
125058  44.986  18.860  18.096 0.0000000000
126064  44.907  19.215  17.088 0.0000000000
125080  41.926  18.697  15.930 0.0000000000
125072  41.518  18.052  16.748 0.0000000000
124068  41.393  17.456  16.440 0.0000000000
123016  42.519  16.779  18.387 0.0000000000
123036  41.708  16.675  16.693 0.0000000000
122021  41.569  15.754  16.671 0.0000000000
120891  41.410  15.035  16.516 0.0000000000
119765  41.964  14.612  16.495 0.0000000000
120859  44.010  14.315  18.516 0.0000000000
120876  43.333  14.730  17.691 0.0000000000
120906  42.827  14.498  16.036 0.0000000000
119750  41.999  13.729  16.989 0.0000000000
124949  56.965  18.172  31.161 0.0000000000
122881  57.468  16.810  29.939 0.0000000000
122891  57.382  16.573  29.189 0.0000000000
123914  53.065  17.095  29.423 0.0000000000
122895  53.840  16.683  28.957 0.0000000000
122911  54.444  16.109  28.189 0.0000000000
122894  55.112  16.460  29.347 0.0000000000
122909  56.397  15.746  28.749 0.0000000000
121863  57.035  15.681  28.398 0.0000000000
122907  57.120  16.585  28.300 0.0000000000
122934  56.037  16.770  26.615 0.0000000000
123954  55.610  17.249  25.140 0.0000000000
123966  55.096  17.450  24.341 0.0000000000
123983  56.259  17.167  23.663 0.0000000000
123985  54.674  17.531  23.439 0.0000000000
122982  51.758  16.789  20.871 0.0000000000
120797  49.342  14.590  22.928 0.0000000000
120796  49.962  14.699  22.373 0.0000000000
120814  51.214  14.523  20.595 0.0000000000
121936  51.609  15.357  22.277 0.0000000000
121945  53.948  16.036  21.669 0.0000000000
120851  53.140  14.800  17.898 0.0000000000
120850  53.846  15.393  17.278 0.0000000000
121991  53.301  15.176  18.443 0.0000000000
122981  54.275  16.459  20.984 0.0000000000
122996  54.967  16.987  20.147 0.0000000000
124051  54.237  17.338  18.603 0.0000000000
124040  54.166  17.487  19.391 0.0000000000
124029  54.032  17.482  20.357 0.0000000000
124030  53.288  17.279  19.849 0.0000000000
122998  52.319  16.771  20.168 0.0000000000
122999  51.331  16.542  20.294 0.0000000000
123025  51.203  16.104  19.067 0.0000000000
120853  50.116  14.764  18.029 0.0000000000
120869  51.131  14.923  16.818 0.0000000000
120886  49.571  14.285  16.691 0.0000000000
119772  48.503  13.623  15.808 0.0000000000
120916  46.825  13.739  14.311 0.0000000000
120940  50.746  14.913  12.311 0.0000000000
120952  49.641  14.277  12.082 0.0000000000
120953  48.688  14.275  12.269 0.0000000000
118665  48.474  13.284  12.489 0.0000000000
118679  47.996  13.949  12.043 0.0000000000
120954  47.976  14.365  12.434 0.0000000000
120943  47.499  14.274  13.004 0.0000000000
120944  47.069  14.133  13.409 0.0000000000
119797  46.127  13.601  13.696 0.0000000000
118639  45.508  12.959  14.076 0.0000000000
117436  46.500  11.592  16.119 0.0000000000
113103  51.052  7.427  13.722 0.0000000000
111972  49.342  6.152  14.339 0.0000000000
111901  48.240  6.914  19.250 0.0000000000
111943  49.719  6.803  16.303 0.0000000000
111956  50.114  6.925  15.497 0.0000000000
113070  49.951  7.933  17.244 0.0000000000
113072  49.007  7.179  18.026 0.0000000000
113094  50.510  7.266  14.959 0.0000000000
113950  44.027  9.193  35.375 0.0000000000
114090  48.245  8.836  23.677 0.0000000000
114155  49.957  9.387  19.685 0.0000000000
114209  50.774  8.530  15.631 0.0000000000
114222  55.834  8.827  13.294 0.0000000000
115031  43.397  9.263  35.220 0.0000000000
115072  47.326  10.018  31.981 0.0000000000
115088  47.800  9.831  31.280 0.0000000000
115109  46.728  9.876  27.117 0.0000000000
115110  46.284  10.265  26.938 0.0000000000
115150  47.880  8.916  24.331 0.0000000000
115164  48.386  9.130  22.575 0.0000000000
115180  48.096  9.654  22.380 0.0000000000
115197  49.111  9.336  20.839 0.0000000000
115214  49.120  9.942  20.495 0.0000000000
115215  48.759  10.254  20.880 0.0000000000
115225  49.907  10.195  19.465 0.0000000000
115290  55.905  9.257  12.627 0.0000000000
116113  49.321  11.102  35.721 0.0000000000
116127  50.480  11.137  34.758 0.0000000000
116139  52.197  11.582  33.842 0.0000000000
116157  52.253  11.495  33.532 0.0000000000
116179  48.488  10.105  31.703 0.0000000000
116194  49.461  10.759  29.067 0.0000000000
116206  47.311  10.144  27.761 0.0000000000
116210  49.423  10.014  27.088 0.0000000000
116213  45.618  11.231  26.858 0.0000000000
116223  45.817  10.312  25.869 0.0000000000
116224  45.488  10.997  26.143 0.0000000000
116236  45.916  10.385  24.903 0.0000000000
116263  48.421  10.670  21.199 0.0000000000
116276  49.224  10.771  20.096 0.0000000000
116289  50.073  10.773  19.123 0.0000000000
116316  50.790  10.930  17.846 0.0000000000
116324  50.134  10.126  16.464 0.0000000000
116338  53.348  10.593  14.219 0.0000000000
116339  51.276  10.386  14.374 0.0000000000
117234  51.426  12.252  36.538 0.0000000000
117246  52.762  12.488  35.825 0.0000000000
117263  51.019  11.387  34.903 0.0000000000
117264  50.306  11.187  35.123 0.0000000000
117273  51.417  11.342  34.218 0.0000000000
117284  52.394  11.578  33.192 0.0000000000
117299  50.861  11.501  31.045 0.0000000000
117321  49.763  11.080  29.735 0.0000000000
117330  45.813  11.493  27.922 0.0000000000
117331  45.446  11.992  27.742 0.0000000000
117350  45.681  11.391  25.050 0.0000000000
117351  45.481  11.520  25.661 0.0000000000
117380  47.346  11.384  22.742 0.0000000000
117395  49.034  11.446  20.333 0.0000000000
117403  49.499  11.598  19.904 0.0000000000
117444  50.494  10.883  15.347 0.0000000000
117460  45.415  12.650  14.487 0.0000000000
117470  46.726  12.513  13.421 0.0000000000
117484  53.798  12.473  11.786 0.0000000000
118410  53.733  13.094  36.050 0.0000000000
118423  53.222  12.677  35.745 0.0000000000
118438  53.391  13.114  35.018 0.0000000000
118452  50.957  13.052  32.949 0.0000000000
118464  49.970  12.793  32.090 0.0000000000
118497  48.585  12.074  30.825 0.0000000000
118499  46.675  12.415  30.132 0.0000000000
118506  45.649  12.719  28.712 0.0000000000
118509  45.809  12.210  28.606 0.0000000000
118510  45.505  12.556  28.199 0.0000000000
118513  45.490  12.669  27.462 0.0000000000
118522  46.125  12.792  25.867 0.0000000000
118523  45.599  12.207  25.751 0.0000000000
118553  48.339  12.861  22.076 0.0000000000
118566  49.188  12.818  21.141 0.0000000000
118568  48.064  11.953  21.808 0.0000000000
118590  49.620  12.072  20.013 0.0000000000
118617  42.833  13.702  15.904 0.0000000000
118627  44.350  12.966  14.896 0.0000000000
118632  53.341  13.192  13.821 0.0000000000
118638  45.994  12.621  13.706 0.0000000000
118654  46.513  12.932  13.238 0.0000000000
118668  46.548  13.644  12.880 0.0000000000
118678  48.569  13.751  12.019 0.0000000000
119589  53.228  13.919  35.563 0.0000000000
119602  53.421  13.287  35.270 0.0000000000
119604  52.423  13.871  34.430 0.0000000000
119625  49.648  13.477  32.400 0.0000000000
119661  45.754  13.445  28.847 0.0000000000
119666  45.553  13.348  28.050 0.0000000000
119669  46.250  13.709  26.756 0.0000000000
119673  46.403  13.444  26.184 0.0000000000
119674  46.066  13.229  26.615 0.0000000000
119687  48.300  13.695  22.650 0.0000000000
119689  47.050  12.929  23.711 0.0000000000
119702  50.219  13.601  20.543 0.0000000000
119713  49.871  13.070  20.426 0.0000000000
119731  52.434  14.273  17.909 0.0000000000
119733  51.055  13.188  18.531 0.0000000000
119745  49.206  14.060  17.003 0.0000000000
119749  45.944  13.554  16.551 0.0000000000
119757  52.300  13.318  15.955 0.0000000000
119758  48.975  13.733  16.470 0.0000000000
119769  53.427  14.532  15.501 0.0000000000
119773  47.717  13.586  15.446 0.0000000000
119774  46.733  13.603  15.362 0.0000000000
119776  45.282  13.802  15.443 0.0000000000
119782  53.378  13.371  13.587 0.0000000000
119786  46.047  13.705  14.810 0.0000000000
119796  46.582  13.793  13.497 0.0000000000
119806  47.466  14.024  12.498 0.0000000000
119807  46.690  13.967  13.058 0.0000000000
119808  46.440  13.646  13.257 0.0000000000
119812  53.319  13.674  11.876 0.0000000000
119815  50.449  13.987  11.415 0.0000000000
119818  48.092  14.274  12.086 0.0000000000
120694  53.386  14.370  35.990 0.0000000000
120705  52.382  14.429  34.793 0.0000000000
120706  51.712  14.761  34.402 0.0000000000
120737  49.891  14.431  32.965 0.0000000000
120768  46.848  15.106  29.751 0.0000000000
120771  45.983  14.254  28.255 0.0000000000
120772  45.706  13.829  28.111 0.0000000000
120774  46.949  14.641  26.789 0.0000000000
120785  46.846  13.967  25.869 0.0000000000
120789  47.739  14.076  24.484 0.0000000000
120806  50.116  14.530  21.723 0.0000000000
120807  49.339  14.260  22.037 0.0000000000
120808  48.752  14.120  22.536 0.0000000000
120821  52.419  14.832  19.386 0.0000000000
120823  50.802  14.020  20.261 0.0000000000
120827  44.798  15.145  20.064 0.0000000000
120828  44.361  15.460  19.972 0.0000000000
120854  49.445  14.648  18.344 0.0000000000
120855  48.625  14.287  18.368 0.0000000000
120872  48.971  14.291  17.872 0.0000000000
120883  53.569  14.865  16.279 0.0000000000
120901  48.347  13.681  15.304 0.0000000000
120902  45.613  13.722  14.837 0.0000000000
120903  45.025  13.880  15.099 0.0000000000
120911  53.448  14.456  13.901 0.0000000000
120919  44.377  14.051  14.803 0.0000000000
120920  43.742  14.230  15.002 0.0000000000
120925  53.518  14.420  13.396 0.0000000000
120931  46.503  13.743  14.166 0.0000000000
120932  45.853  13.607  14.250 0.0000000000
120939  51.624  15.129  12.575 0.0000000000
120941  49.531  14.378  12.618 0.0000000000
120942  48.483  14.334  12.812 0.0000000000
120949  52.401  14.530  11.678 0.0000000000
121778  53.655  14.861  36.319 0.0000000000
121790  52.453  14.839  35.379 0.0000000000
121828  48.547  15.248  32.429 0.0000000000
121841  47.773  15.592  30.523 0.0000000000
121850  57.262  16.189  29.119 0.0000000000
121851  57.103  15.887  29.020 0.0000000000
121852  56.745  15.703  28.771 0.0000000000
121853  47.916  16.251  29.428 0.0000000000
121862  57.240  16.105  28.687 0.0000000000
121864  56.400  15.534  28.222 0.0000000000
121866  54.739  15.749  27.549 0.0000000000
121871  57.226  15.984  27.915 0.0000000000
121872  56.875  15.609  27.630 0.0000000000
121874  55.297  15.520  27.102 0.0000000000
121876  53.667  15.705  26.815 0.0000000000
121879  47.162  15.167  27.402 0.0000000000
121882  57.084  15.916  27.248 0.0000000000
121883  56.644  15.798  26.746 0.0000000000
121885  55.063  15.550  26.350 0.0000000000
121887  53.265  15.724  26.296 0.0000000000
121895  55.664  15.686  25.649 0.0000000000
121920  54.364  15.984  24.152 0.0000000000
121925  49.597  14.859  23.450 0.0000000000
121933  54.575  16.478  22.507 0.0000000000
121937  50.684  14.925  22.033 0.0000000000
121949  47.471  15.878  21.372 0.0000000000
121962  50.472  15.978  19.891 0.0000000000
121963  49.964  15.679  19.983 0.0000000000
121975  54.757  16.695  19.221 0.0000000000
121977  53.254  15.319  19.071 0.0000000000
121981  44.054  15.719  19.895 0.0000000000
121982  43.422  15.941  19.450 0.0000000000
121992  52.007  15.891  17.935 0.0000000000
121995  43.074  15.640  18.696 0.0000000000
122028  52.019  15.174  14.582 0.0000000000
122037  52.894  15.572  12.868 0.0000000000
122042  53.364  15.023  12.412 0.0000000000
122049  52.551  15.035  11.836 0.0000000000
122051  51.410  15.090  11.569 0.0000000000
122818  52.307  16.444  35.792 0.0000000000
122859  49.442  15.972  33.234 0.0000000000
122873  49.751  16.674  32.935 0.0000000000
122875  48.461  15.723  32.049 0.0000000000
122882  56.865  16.614  30.081 0.0000000000
122884  55.258  16.741  29.958 0.0000000000
122885  48.786  16.873  30.848 0.0000000000
122887  47.857  16.000  30.145 0.0000000000
122893  56.445  16.116  29.276 0.0000000000
122896  53.159  16.723  28.936 0.0000000000
122908  56.888  16.859  28.153 0.0000000000
122910  55.735  15.866  28.631 0.0000000000
122921  57.060  16.344  27.282 0.0000000000
122922  56.626  16.797  27.460 0.0000000000
122924  55.450  16.851  27.026 0.0000000000
122925  54.216  15.847  27.558 0.0000000000
122930  49.319  16.404  27.892 0.0000000000
122933  56.417  16.486  26.213 0.0000000000
122935  55.699  16.825  26.796 0.0000000000
122941  56.283  16.460  25.112 0.0000000000
122944  55.319  16.323  24.124 0.0000000000
122956  56.322  16.835  23.730 0.0000000000
122958  54.775  16.379  23.497 0.0000000000
122973  45.728  17.393  22.054 0.0000000000
123011  54.783  16.734  19.665 0.0000000000
123015  42.954  16.775  19.190 0.0000000000
123026  42.019  16.702  17.454 0.0000000000
123027  41.831  17.078  16.912 0.0000000000
123031  55.025  16.868  16.923 0.0000000000
123035  41.925  16.287  17.095 0.0000000000
123042  54.443  16.579  16.539 0.0000000000
123046  39.977  16.936  16.769 0.0000000000
123862  50.641  16.836  34.091 0.0000000000
123892  49.397  17.104  31.828 0.0000000000
123895  57.385  17.292  30.239 0.0000000000
123896  57.147  17.249  30.482 0.0000000000
123902  50.441  17.528  30.522 0.0000000000
123913  54.329  17.089  29.607 0.0000000000
123918  48.907  17.105  30.054 0.0000000000
123923  57.379  16.951  28.935 0.0000000000
123928  52.862  16.783  28.919 0.0000000000
123929  52.331  16.999  28.855 0.0000000000
123936  56.687  16.993  28.079 0.0000000000
123937  56.188  17.165  27.990 0.0000000000
123946  56.094  17.018  25.765 0.0000000000
123952  56.366  16.837  25.046 0.0000000000
123953  56.215  17.133  24.964 0.0000000000
123964  56.467  17.119  24.366 0.0000000000
123982  56.509  16.884  24.022 0.0000000000
123984  55.643  17.448  23.529 0.0000000000
123998  55.863  17.150  23.176 0.0000000000
124003  50.634  17.264  22.407 0.0000000000
124006  47.574  17.701  22.718 0.0000000000
124007  46.667  17.816  22.518 0.0000000000
124008  45.949  17.846  22.250 0.0000000000
124033  43.868  17.305  20.102 0.0000000000
124039  54.668  17.304  19.767 0.0000000000
124061  41.732  17.992  17.180 0.0000000000
124062  41.635  17.577  16.787 0.0000000000
124905  52.249  18.923  32.200 0.0000000000
124931  52.448  18.686  31.704 0.0000000000
124948  57.177  17.547  30.562 0.0000000000
124954  51.369  17.992  30.949 0.0000000000
124995  50.729  18.590  26.437 0.0000000000
125001  49.074  18.665  24.863 0.0000000000
125021  48.213  18.366  23.593 0.0000000000
125032  45.714  18.327  21.970 0.0000000000
125039  45.511  18.442  21.252 0.0000000000
125045  44.675  18.040  19.837 0.0000000000
125052  43.426  18.242  18.475 0.0000000000
125064  39.501  18.271  18.001 0.0000000000
125068  44.965  19.143  17.352 0.0000000000
125069  44.472  19.001  17.093 0.0000000000
125071  42.105  18.583  16.673 0.0000000000
125082  40.850  18.234  16.550 0.0000000000
125901  52.649  19.272  32.438 0.0000000000
125902  52.069  19.182  32.633 0.0000000000
125999  48.044  19.193  23.995 0.0000000000
126076  44.843  19.405  16.764 0.0000000000
126078  42.236  18.940  16.008 0.0000000000
127029  46.739  19.770  22.194 0.0000000000
