#!ascii label  , from subject sub-01 vox2ras=TkReg
1589
64375  16.839  -25.201  60.705 0.0000000000
67215  27.501  -24.017  70.089 0.0000000000
91866  40.491  -9.456  41.889 0.0000000000
76447  31.769  -19.238  48.466 0.0000000000
79341  28.871  -17.616  62.457 0.0000000000
96699  52.689  -5.413  33.525 0.0000000000
84312  40.673  -13.461  44.083 0.0000000000
87291  35.033  -11.093  43.822 0.0000000000
67376  12.031  -24.466  59.943 0.0000000000
62568  20.168  -27.342  64.049 0.0000000000
62643  24.516  -26.226  61.424 0.0000000000
67414  18.736  -24.514  57.470 0.0000000000
96660  47.257  -5.487  37.743 0.0000000000
74677  24.091  -21.146  62.772 0.0000000000
79417  19.901  -17.762  59.800 0.0000000000
96604  47.068  -5.490  42.350 0.0000000000
71635  16.505  -21.669  64.315 0.0000000000
65825  9.512  -26.485  66.972 0.0000000000
84212  32.707  -13.538  49.412 0.0000000000
74802  30.406  -17.978  54.691 0.0000000000
74753  26.353  -21.321  57.522 0.0000000000
67383  27.540  -24.682  60.424 0.0000000000
85748  40.278  -11.516  45.670 0.0000000000
85794  38.067  -11.789  44.041 0.0000000000
88795  37.440  -10.425  45.791 0.0000000000
84239  44.038  -12.618  45.973 0.0000000000
66000  14.864  -24.343  57.999 0.0000000000
66002  12.393  -26.103  57.979 0.0000000000
68801  15.450  -24.107  60.717 0.0000000000
64313  18.366  -26.516  62.162 0.0000000000
64422  18.895  -26.735  59.937 0.0000000000
65998  17.388  -24.894  58.658 0.0000000000
67439  15.610  -24.837  55.633 0.0000000000
93137  40.678  -8.429  39.951 0.0000000000
91829  44.255  -9.315  43.660 0.0000000000
94228  43.879  -7.410  42.397 0.0000000000
95395  44.199  -6.065  40.494 0.0000000000
82467  17.095  -15.407  61.909 0.0000000000
76186  17.616  -18.753  60.880 0.0000000000
79345  15.002  -17.694  62.285 0.0000000000
65789  13.934  -23.880  69.932 0.0000000000
67273  13.046  -23.691  68.036 0.0000000000
64209  10.421  -25.713  68.868 0.0000000000
60829  7.511  -28.044  69.911 0.0000000000
62440  8.265  -27.488  71.461 0.0000000000
74750  32.612  -18.199  56.363 0.0000000000
77766  28.900  -16.925  58.878 0.0000000000
77842  27.445  -17.744  56.684 0.0000000000
76201  27.134  -19.415  59.897 0.0000000000
64446  23.839  -25.263  58.372 0.0000000000
62667  26.666  -26.263  60.902 0.0000000000
64498  25.628  -25.927  56.609 0.0000000000
64517  27.533  -27.660  55.620 0.0000000000
81149  31.322  -16.649  49.055 0.0000000000
84229  30.833  -14.648  47.156 0.0000000000
76488  30.803  -19.239  45.864 0.0000000000
101774  52.466  -1.194  32.249 0.0000000000
96713  51.868  -5.794  31.433 0.0000000000
87334  40.991  -11.763  43.039 0.0000000000
85843  38.296  -12.476  42.186 0.0000000000
87309  44.315  -11.631  43.974 0.0000000000
64224  23.964  -25.665  65.912 0.0000000000
62517  25.805  -26.404  65.485 0.0000000000
64337  21.668  -26.599  62.110 0.0000000000
65993  21.287  -25.178  58.939 0.0000000000
68878  20.594  -23.756  55.445 0.0000000000
96628  49.690  -4.547  39.848 0.0000000000
96671  50.584  -5.138  37.362 0.0000000000
95450  51.328  -6.291  35.728 0.0000000000
94315  51.163  -7.384  33.357 0.0000000000
71633  21.174  -24.081  62.004 0.0000000000
71720  20.683  -22.036  60.392 0.0000000000
76166  22.337  -19.237  60.892 0.0000000000
71583  22.663  -23.829  64.062 0.0000000000
96620  46.798  -5.207  40.275 0.0000000000
73256  18.304  -21.670  60.718 0.0000000000
73168  14.825  -21.526  62.528 0.0000000000
67329  11.316  -24.287  63.621 0.0000000000
74628  16.447  -20.399  65.712 0.0000000000
67306  12.548  -23.745  66.307 0.0000000000
60755  7.520  -28.391  74.893 0.0000000000
88736  35.948  -10.889  48.734 0.0000000000
78000  32.901  -18.206  50.203 0.0000000000
73382  34.031  -20.829  52.487 0.0000000000
74869  31.667  -19.654  51.572 0.0000000000
76353  28.206  -17.950  52.634 0.0000000000
76319  25.649  -19.252  54.649 0.0000000000
71838  25.649  -23.088  53.949 0.0000000000
65865  27.508  -24.893  65.367 0.0000000000
70139  27.566  -22.844  63.791 0.0000000000
74675  27.368  -21.078  62.295 0.0000000000
71755  27.226  -22.945  58.849 0.0000000000
68874  26.688  -24.569  55.816 0.0000000000
87246  33.393  -11.891  46.749 0.0000000000
85798  31.698  -12.994  44.193 0.0000000000
88774  40.556  -10.539  46.703 0.0000000000
87244  39.064  -10.868  45.517 0.0000000000
90322  38.693  -9.832  47.084 0.0000000000
85746  41.894  -11.415  46.570 0.0000000000
65961  16.220  -24.578  59.573 0.0000000000
67386  14.454  -24.271  58.711 0.0000000000
67357  16.255  -24.441  60.588 0.0000000000
64341  17.972  -26.015  61.404 0.0000000000
64399  17.596  -26.182  60.162 0.0000000000
64425  17.047  -25.418  59.423 0.0000000000
65999  16.499  -24.463  58.501 0.0000000000
93125  40.653  -8.738  40.833 0.0000000000
91846  42.174  -9.484  42.998 0.0000000000
93094  43.333  -8.216  42.862 0.0000000000
93109  42.019  -8.004  41.742 0.0000000000
93123  41.908  -7.725  41.073 0.0000000000
65774  12.508  -24.798  70.654 0.0000000000
64207  12.000  -25.284  69.664 0.0000000000
64191  11.304  -25.535  70.090 0.0000000000
62476  9.102  -26.943  69.055 0.0000000000
64178  9.816  -26.142  70.330 0.0000000000
62458  8.233  -27.296  70.455 0.0000000000
77738  31.060  -16.372  59.831 0.0000000000
79395  29.025  -17.191  60.625 0.0000000000
77767  27.954  -17.814  59.303 0.0000000000
77719  28.002  -18.651  61.345 0.0000000000
68661  28.365  -23.203  69.067 0.0000000000
67431  23.329  -24.536  56.165 0.0000000000
64478  24.636  -25.321  57.023 0.0000000000
66064  24.463  -25.225  54.996 0.0000000000
64520  25.037  -25.943  54.902 0.0000000000
76469  31.817  -18.663  48.429 0.0000000000
79614  31.115  -17.752  47.960 0.0000000000
95477  53.073  -5.636  34.159 0.0000000000
97940  53.326  -4.318  33.611 0.0000000000
97941  52.388  -4.868  33.088 0.0000000000
97946  51.851  -4.324  32.367 0.0000000000
96705  51.974  -5.470  32.489 0.0000000000
87312  41.386  -12.291  43.361 0.0000000000
87314  39.777  -12.466  42.638 0.0000000000
85821  39.873  -12.843  43.216 0.0000000000
87290  36.361  -11.097  44.245 0.0000000000
85824  37.005  -11.997  43.206 0.0000000000
87338  35.346  -12.151  42.495 0.0000000000
82744  41.989  -12.759  45.077 0.0000000000
85817  43.249  -12.618  43.977 0.0000000000
88831  42.860  -11.280  43.165 0.0000000000
67388  12.268  -24.841  58.771 0.0000000000
67359  11.172  -24.991  60.850 0.0000000000
64262  21.992  -26.038  64.685 0.0000000000
62566  22.290  -26.429  63.958 0.0000000000
62618  20.637  -27.311  62.570 0.0000000000
65996  18.878  -25.525  58.918 0.0000000000
64450  19.915  -25.663  59.634 0.0000000000
66021  20.063  -24.698  58.676 0.0000000000
67412  20.584  -24.239  57.743 0.0000000000
68857  19.508  -24.089  56.667 0.0000000000
67459  18.182  -24.225  55.312 0.0000000000
74887  27.730  -19.511  49.841 0.0000000000
96643  48.427  -5.082  38.762 0.0000000000
96641  50.360  -4.547  38.714 0.0000000000
96673  48.942  -5.496  37.156 0.0000000000
95451  50.221  -6.376  35.774 0.0000000000
94301  49.995  -7.646  34.150 0.0000000000
94300  51.003  -7.244  34.180 0.0000000000
71667  23.260  -22.538  62.454 0.0000000000
73223  22.743  -21.785  60.722 0.0000000000
76150  23.411  -19.922  62.255 0.0000000000
71630  23.449  -22.827  63.444 0.0000000000
71607  22.317  -23.794  63.380 0.0000000000
96618  48.608  -4.705  40.648 0.0000000000
96610  46.778  -5.418  41.302 0.0000000000
95402  44.406  -5.908  39.201 0.0000000000
74721  20.872  -20.444  59.548 0.0000000000
71722  19.114  -22.328  60.379 0.0000000000
74722  19.729  -20.292  59.614 0.0000000000
76154  17.561  -19.646  62.213 0.0000000000
73198  17.090  -21.527  62.450 0.0000000000
71637  15.408  -21.681  63.874 0.0000000000
70145  11.923  -22.574  63.595 0.0000000000
70128  12.712  -22.283  64.738 0.0000000000
74613  16.081  -19.799  66.955 0.0000000000
64246  11.119  -25.431  67.402 0.0000000000
67293  12.745  -23.678  67.002 0.0000000000
64268  10.520  -25.672  66.349 0.0000000000
65870  11.059  -25.045  65.711 0.0000000000
81131  32.656  -17.239  50.672 0.0000000000
74775  32.055  -18.339  55.760 0.0000000000
74819  33.216  -19.820  54.535 0.0000000000
74837  32.208  -19.485  53.457 0.0000000000
74868  32.371  -20.227  51.988 0.0000000000
74838  31.365  -18.993  53.147 0.0000000000
76352  29.368  -18.578  52.125 0.0000000000
76317  29.636  -17.941  54.433 0.0000000000
74755  26.350  -19.410  57.266 0.0000000000
76306  25.973  -19.044  55.959 0.0000000000
74804  25.923  -20.413  55.775 0.0000000000
73346  25.637  -21.139  54.556 0.0000000000
73330  25.980  -21.793  55.646 0.0000000000
62588  24.475  -26.509  63.317 0.0000000000
64260  27.168  -26.154  65.085 0.0000000000
62586  26.027  -26.482  63.283 0.0000000000
64390  27.379  -25.614  60.821 0.0000000000
67341  27.762  -24.640  63.136 0.0000000000
70162  27.836  -23.831  62.168 0.0000000000
71665  27.642  -22.175  62.968 0.0000000000
71693  27.406  -22.746  61.794 0.0000000000
73251  27.516  -22.064  61.182 0.0000000000
70225  27.528  -23.355  60.263 0.0000000000
64563  26.575  -27.415  53.661 0.0000000000
66084  27.602  -26.188  55.084 0.0000000000
87194  34.800  -11.887  48.841 0.0000000000
88758  34.773  -11.254  47.561 0.0000000000
85726  33.159  -12.452  48.129 0.0000000000
81200  29.671  -16.395  45.291 0.0000000000
84263  30.639  -14.112  45.394 0.0000000000
101781  51.954  -1.523  30.019 0.0000000000
84260  40.592  -12.536  45.041 0.0000000000
85793  38.953  -12.327  43.969 0.0000000000
87264  39.279  -11.461  45.171 0.0000000000
87288  37.973  -11.052  44.849 0.0000000000
87267  35.875  -10.662  44.975 0.0000000000
157348  43.318  -12.120  46.874 0.0000000000
82713  41.792  -12.114  45.737 0.0000000000
66001  13.357  -25.107  57.671 0.0000000000
67387  13.745  -24.098  59.015 0.0000000000
68803  13.356  -23.776  60.200 0.0000000000
64288  19.036  -27.251  63.953 0.0000000000
62648  19.630  -28.043  61.751 0.0000000000
64371  18.554  -27.331  60.914 0.0000000000
64452  18.524  -26.002  59.525 0.0000000000
66024  17.500  -24.472  57.971 0.0000000000
68858  17.023  -23.949  55.911 0.0000000000
67416  16.727  -24.151  56.877 0.0000000000
67418  15.108  -24.836  55.873 0.0000000000
96676  46.330  -5.933  36.779 0.0000000000
76135  23.083  -18.992  63.551 0.0000000000
93083  45.404  -8.227  44.006 0.0000000000
94227  44.856  -7.322  43.049 0.0000000000
95384  44.967  -6.502  42.313 0.0000000000
95388  45.307  -5.971  41.141 0.0000000000
95396  43.283  -6.652  41.015 0.0000000000
94246  42.354  -7.251  39.735 0.0000000000
80972  18.453  -16.798  60.675 0.0000000000
77744  18.289  -18.226  60.159 0.0000000000
80974  16.971  -17.003  60.673 0.0000000000
77723  16.620  -18.223  61.418 0.0000000000
77681  16.567  -18.901  63.079 0.0000000000
70054  15.521  -22.380  68.473 0.0000000000
67258  13.721  -23.006  69.119 0.0000000000
65810  12.014  -25.228  68.398 0.0000000000
64227  10.245  -25.744  67.891 0.0000000000
62491  8.956  -26.886  68.210 0.0000000000
76223  31.601  -17.181  57.498 0.0000000000
76225  30.317  -17.062  56.929 0.0000000000
77841  28.820  -17.573  56.354 0.0000000000
77792  28.339  -17.583  58.324 0.0000000000
77793  27.429  -18.312  58.814 0.0000000000
74731  26.490  -20.042  59.071 0.0000000000
64391  24.010  -25.717  60.009 0.0000000000
62642  25.509  -26.280  61.540 0.0000000000
64415  24.946  -25.602  58.935 0.0000000000
62711  26.146  -25.896  58.498 0.0000000000
62731  26.634  -26.267  57.742 0.0000000000
64496  27.814  -25.903  58.105 0.0000000000
62792  26.314  -26.916  55.948 0.0000000000
64539  26.176  -27.087  54.944 0.0000000000
82687  31.598  -15.556  49.259 0.0000000000
84228  31.483  -14.189  47.669 0.0000000000
82689  30.457  -15.991  48.175 0.0000000000
81185  29.615  -16.755  46.272 0.0000000000
100428  52.652  -2.264  32.987 0.0000000000
99210  51.719  -3.248  31.568 0.0000000000
90369  41.019  -10.392  42.770 0.0000000000
88848  39.453  -10.839  41.580 0.0000000000
87353  39.403  -11.695  41.965 0.0000000000
85823  38.023  -12.357  43.013 0.0000000000
84315  36.996  -12.591  42.258 0.0000000000
87262  45.570  -12.022  46.034 0.0000000000
88793  46.078  -10.870  45.605 0.0000000000
90342  45.871  -10.086  44.571 0.0000000000
90357  44.137  -10.295  43.785 0.0000000000
90367  42.624  -10.336  43.314 0.0000000000
65786  25.821  -25.242  68.465 0.0000000000
64201  26.906  -25.507  67.800 0.0000000000
62501  24.944  -26.491  66.215 0.0000000000
62564  24.175  -26.533  64.112 0.0000000000
62645  22.481  -26.356  61.854 0.0000000000
64395  19.995  -26.426  61.142 0.0000000000
64394  21.041  -26.108  61.016 0.0000000000
64418  22.405  -25.406  59.946 0.0000000000
65992  22.160  -25.147  58.680 0.0000000000
68832  22.175  -24.249  57.005 0.0000000000
68877  21.805  -23.929  55.267 0.0000000000
95416  51.678  -5.351  37.128 0.0000000000
95431  49.631  -5.891  36.505 0.0000000000
95430  50.820  -5.615  36.633 0.0000000000
95429  52.054  -5.946  36.434 0.0000000000
95465  51.657  -6.619  34.895 0.0000000000
95479  51.773  -6.716  34.048 0.0000000000
95487  51.717  -6.806  33.145 0.0000000000
94323  51.807  -7.056  32.243 0.0000000000
68766  18.949  -24.474  61.988 0.0000000000
70165  18.802  -24.164  61.554 0.0000000000
71669  20.649  -23.298  61.443 0.0000000000
74706  22.168  -20.522  60.137 0.0000000000
77742  21.547  -18.585  60.378 0.0000000000
77699  22.040  -17.954  62.833 0.0000000000
79372  20.082  -17.356  61.356 0.0000000000
82465  18.146  -15.772  62.555 0.0000000000
67217  26.582  -24.536  70.739 0.0000000000
65771  25.309  -25.091  68.583 0.0000000000
67257  23.910  -25.160  66.115 0.0000000000
67287  22.022  -25.053  64.754 0.0000000000
70087  23.884  -23.934  65.624 0.0000000000
68718  21.553  -24.917  64.324 0.0000000000
68732  20.294  -25.210  63.576 0.0000000000
68741  19.868  -24.817  62.992 0.0000000000
96617  49.418  -4.647  40.888 0.0000000000
96629  48.547  -4.746  39.660 0.0000000000
96644  47.474  -5.268  38.636 0.0000000000
95394  45.117  -5.799  39.913 0.0000000000
96632  45.703  -5.472  39.207 0.0000000000
96661  46.229  -5.531  37.489 0.0000000000
70189  17.812  -23.626  60.760 0.0000000000
70191  15.658  -23.470  60.889 0.0000000000
70192  14.185  -22.924  60.818 0.0000000000
74693  18.666  -20.508  60.947 0.0000000000
73200  15.402  -21.473  61.966 0.0000000000
70194  12.271  -23.163  61.646 0.0000000000
68770  11.627  -23.625  61.923 0.0000000000
65924  10.309  -25.891  62.346 0.0000000000
77658  15.761  -18.929  64.000 0.0000000000
71609  16.217  -21.277  65.112 0.0000000000
70108  15.089  -22.048  66.213 0.0000000000
70110  13.734  -22.277  65.595 0.0000000000
67319  11.590  -24.132  64.817 0.0000000000
60790  8.505  -27.794  73.257 0.0000000000
90297  38.013  -10.366  48.446 0.0000000000
84199  32.753  -14.331  50.470 0.0000000000
82677  32.038  -15.810  49.942 0.0000000000
79588  32.373  -17.714  49.566 0.0000000000
76446  32.124  -18.800  48.963 0.0000000000
73405  33.674  -19.608  50.713 0.0000000000
74898  32.426  -19.446  50.393 0.0000000000
74899  31.235  -19.673  49.503 0.0000000000
76375  30.132  -18.887  50.600 0.0000000000
76377  28.354  -18.561  51.297 0.0000000000
76378  27.039  -18.369  51.666 0.0000000000
77855  27.259  -17.794  55.457 0.0000000000
77869  26.237  -18.447  54.318 0.0000000000
76355  25.605  -19.406  52.403 0.0000000000
73359  25.434  -21.163  53.426 0.0000000000
71849  25.531  -22.775  53.194 0.0000000000
77677  29.301  -18.080  63.700 0.0000000000
65816  27.562  -24.867  67.297 0.0000000000
68697  28.237  -24.347  66.711 0.0000000000
70084  28.225  -23.062  66.462 0.0000000000
62582  27.498  -25.929  63.190 0.0000000000
68740  27.738  -23.655  64.397 0.0000000000
70100  27.996  -21.995  65.703 0.0000000000
73138  28.123  -20.607  64.729 0.0000000000
73140  28.034  -20.129  63.713 0.0000000000
76148  27.949  -19.607  62.772 0.0000000000
74690  27.391  -20.392  61.696 0.0000000000
74717  26.761  -21.156  59.801 0.0000000000
73299  26.526  -22.077  58.086 0.0000000000
68830  27.530  -24.397  58.079 0.0000000000
70282  26.751  -23.861  57.212 0.0000000000
71801  26.075  -23.171  56.816 0.0000000000
70335  26.239  -24.314  55.299 0.0000000000
88756  36.711  -10.426  47.852 0.0000000000
88779  35.435  -10.548  46.573 0.0000000000
87269  34.250  -11.435  44.935 0.0000000000
84242  31.906  -12.982  46.588 0.0000000000
85771  32.250  -12.395  45.161 0.0000000000
85770  33.248  -11.895  44.345 0.0000000000
95493  52.009  -6.444  31.825 0.0000000000
88753  40.033  -9.955  47.083 0.0000000000
88754  39.527  -9.908  46.793 0.0000000000
90321  39.138  -9.752  46.886 0.0000000000
88773  40.936  -10.538  46.898 0.0000000000
65962  16.143  -24.549  60.077 0.0000000000
65941  16.693  -24.842  60.713 0.0000000000
64342  17.320  -25.433  61.320 0.0000000000
64374  17.242  -25.626  60.759 0.0000000000
64400  16.762  -25.455  60.002 0.0000000000
65977  16.250  -24.558  59.119 0.0000000000
93111  40.601  -9.036  41.377 0.0000000000
91882  40.211  -9.252  41.048 0.0000000000
91867  39.892  -9.645  41.383 0.0000000000
91847  41.222  -9.507  42.537 0.0000000000
93095  42.530  -8.592  42.653 0.0000000000
93096  41.776  -8.827  42.416 0.0000000000
93110  41.114  -8.816  41.732 0.0000000000
64175  12.030  -25.383  71.226 0.0000000000
64190  11.979  -25.297  70.381 0.0000000000
64177  10.535  -25.752  70.621 0.0000000000
64161  10.047  -26.218  70.977 0.0000000000
79368  30.352  -16.612  61.728 0.0000000000
79394  30.059  -16.459  60.425 0.0000000000
79369  29.401  -17.063  61.559 0.0000000000
79396  28.262  -17.825  60.764 0.0000000000
79370  28.543  -17.751  61.546 0.0000000000
70004  28.365  -22.075  70.387 0.0000000000
68645  27.939  -23.164  69.870 0.0000000000
67457  23.255  -24.418  55.353 0.0000000000
66063  23.917  -25.108  55.851 0.0000000000
67456  23.625  -24.610  55.333 0.0000000000
78026  31.524  -18.501  47.959 0.0000000000
96698  53.422  -5.146  34.266 0.0000000000
85820  40.783  -12.887  43.549 0.0000000000
85791  40.150  -13.128  43.714 0.0000000000
87315  35.775  -11.747  43.151 0.0000000000
87316  34.816  -11.743  42.929 0.0000000000
87292  34.044  -11.548  43.609 0.0000000000
82767  41.367  -13.122  44.419 0.0000000000
84291  42.672  -12.807  44.447 0.0000000000
84292  41.963  -12.994  44.164 0.0000000000
85819  41.731  -12.751  43.726 0.0000000000
65964  11.545  -25.575  59.165 0.0000000000
67377  11.112  -25.277  60.454 0.0000000000
68785  12.412  -23.637  60.893 0.0000000000
64263  21.061  -26.116  64.271 0.0000000000
62567  21.061  -26.370  63.860 0.0000000000
62592  20.327  -27.267  63.255 0.0000000000
66022  19.237  -24.927  58.391 0.0000000000
67413  19.583  -24.441  57.712 0.0000000000
67435  19.099  -24.311  56.946 0.0000000000
67458  18.893  -24.088  56.118 0.0000000000
67436  18.381  -24.173  56.484 0.0000000000
76405  26.565  -19.059  50.691 0.0000000000
96659  48.238  -5.377  37.898 0.0000000000
96658  49.175  -5.151  37.979 0.0000000000
73194  23.585  -21.895  62.564 0.0000000000
74678  23.558  -21.059  62.100 0.0000000000
76149  23.827  -20.539  62.541 0.0000000000
73161  23.912  -21.993  63.544 0.0000000000
71666  23.427  -22.476  63.001 0.0000000000
95383  45.990  -6.091  42.331 0.0000000000
96609  47.785  -5.073  41.456 0.0000000000
76204  20.155  -19.449  59.564 0.0000000000
77771  19.595  -18.586  59.634 0.0000000000
74661  17.771  -20.838  63.327 0.0000000000
73165  17.005  -21.646  63.641 0.0000000000
71636  16.168  -21.725  64.123 0.0000000000
71614  13.659  -21.770  64.330 0.0000000000
71613  14.457  -21.877  64.667 0.0000000000
74593  15.687  -20.194  67.416 0.0000000000
64247  10.488  -25.762  67.046 0.0000000000
65848  11.641  -24.979  66.834 0.0000000000
65849  10.034  -26.173  66.612 0.0000000000
74801  31.135  -18.160  55.161 0.0000000000
74800  32.287  -18.768  55.000 0.0000000000
74821  31.831  -18.704  54.103 0.0000000000
74822  30.655  -18.356  53.930 0.0000000000
74754  26.445  -20.077  57.738 0.0000000000
74779  26.256  -19.764  56.741 0.0000000000
74778  26.243  -20.839  56.772 0.0000000000
74803  25.999  -21.151  56.200 0.0000000000
73312  26.117  -21.501  56.520 0.0000000000
62614  24.927  -26.315  62.452 0.0000000000
62587  25.308  -26.491  63.312 0.0000000000
65959  27.465  -24.965  60.797 0.0000000000
67355  27.639  -24.690  61.733 0.0000000000
70185  27.783  -23.942  61.741 0.0000000000
70186  27.581  -23.514  61.801 0.0000000000
70211  27.575  -23.413  61.023 0.0000000000
68799  27.553  -23.670  60.486 0.0000000000
85708  33.737  -12.609  48.892 0.0000000000
84226  32.933  -12.804  48.844 0.0000000000
85766  40.701  -12.148  45.390 0.0000000000
85767  39.967  -12.043  44.964 0.0000000000
88794  38.373  -10.433  45.684 0.0000000000
88813  37.996  -10.755  45.255 0.0000000000
88815  36.963  -10.848  44.760 0.0000000000
88796  36.468  -10.572  45.412 0.0000000000
87240  44.506  -12.305  47.535 0.0000000000
85747  40.948  -11.586  45.838 0.0000000000
84240  41.776  -11.789  46.128 0.0000000000
84241  41.224  -11.972  45.596 0.0000000000
65979  14.962  -24.110  59.646 0.0000000000
68811  13.952  -24.252  58.827 0.0000000000
67375  14.201  -24.004  59.898 0.0000000000
68802  14.552  -23.800  60.303 0.0000000000
64312  18.501  -27.403  62.719 0.0000000000
64339  18.497  -27.462  61.660 0.0000000000
64454  17.365  -25.375  59.135 0.0000000000
64453  17.918  -25.811  59.261 0.0000000000
65997  18.103  -25.347  58.749 0.0000000000
66025  16.525  -24.307  57.623 0.0000000000
66026  15.146  -24.450  56.872 0.0000000000
93084  44.800  -8.593  43.777 0.0000000000
94229  43.316  -7.696  42.269 0.0000000000
93093  44.140  -8.146  43.404 0.0000000000
94226  45.432  -6.775  42.864 0.0000000000
95385  44.425  -6.920  42.394 0.0000000000
95389  44.095  -6.566  41.709 0.0000000000
94232  43.738  -7.117  41.799 0.0000000000
94241  41.878  -7.644  40.794 0.0000000000
94240  42.411  -7.323  40.973 0.0000000000
93136  41.439  -7.948  39.690 0.0000000000
80958  17.964  -16.287  61.050 0.0000000000
80973  17.740  -16.839  60.552 0.0000000000
80959  17.152  -16.334  61.012 0.0000000000
79374  16.225  -17.510  61.255 0.0000000000
77724  15.879  -18.022  61.704 0.0000000000
77701  16.272  -18.421  62.317 0.0000000000
77702  15.447  -18.073  62.449 0.0000000000
68664  15.073  -23.025  69.781 0.0000000000
70037  15.370  -22.728  69.220 0.0000000000
64208  11.438  -25.416  69.145 0.0000000000
65809  12.492  -24.978  68.944 0.0000000000
64226  11.206  -25.413  68.243 0.0000000000
64210  9.653  -26.325  68.557 0.0000000000
62477  8.271  -27.386  69.470 0.0000000000
60844  7.674  -28.164  69.024 0.0000000000
62429  8.174  -27.772  72.073 0.0000000000
77765  30.436  -16.658  58.820 0.0000000000
76200  30.992  -16.829  57.915 0.0000000000
77790  30.520  -17.016  57.973 0.0000000000
76224  30.826  -17.058  57.322 0.0000000000
77791  29.729  -17.239  57.801 0.0000000000
77821  29.643  -17.291  56.692 0.0000000000
77768  27.373  -18.685  59.634 0.0000000000
76226  26.853  -19.245  59.361 0.0000000000
74719  26.800  -19.808  59.698 0.0000000000
64417  23.417  -25.478  59.520 0.0000000000
62693  24.680  -25.765  59.530 0.0000000000
64416  24.324  -25.572  59.089 0.0000000000
64477  25.331  -25.614  57.030 0.0000000000
64445  24.942  -25.500  58.073 0.0000000000
62734  25.509  -25.609  57.189 0.0000000000
62710  26.635  -26.148  58.853 0.0000000000
62732  26.192  -25.959  57.424 0.0000000000
62760  26.485  -26.680  56.784 0.0000000000
62761  26.023  -26.276  56.615 0.0000000000
64540  25.411  -26.558  54.291 0.0000000000
82688  30.853  -15.827  48.706 0.0000000000
78051  31.137  -18.734  46.810 0.0000000000
79615  30.680  -17.526  47.422 0.0000000000
79636  30.305  -17.767  46.677 0.0000000000
97947  51.525  -4.823  31.752 0.0000000000
99208  52.256  -3.175  32.549 0.0000000000
97953  51.546  -4.647  31.355 0.0000000000
97961  51.587  -4.556  30.827 0.0000000000
96714  51.608  -5.178  31.283 0.0000000000
88846  40.590  -11.132  42.623 0.0000000000
85842  39.207  -12.555  42.711 0.0000000000
87336  39.131  -12.090  42.233 0.0000000000
85845  36.072  -12.407  42.187 0.0000000000
84297  37.403  -12.356  42.731 0.0000000000
84332  36.469  -13.476  41.137 0.0000000000
85744  44.862  -12.508  46.423 0.0000000000
87238  45.728  -12.194  46.505 0.0000000000
85743  45.266  -12.375  46.150 0.0000000000
87285  44.466  -11.676  44.715 0.0000000000
87284  45.460  -11.446  45.444 0.0000000000
88828  45.046  -11.154  44.611 0.0000000000
88811  45.504  -10.824  44.871 0.0000000000
88829  44.740  -10.876  44.204 0.0000000000
88812  45.314  -10.351  44.370 0.0000000000
88832  42.261  -11.643  43.211 0.0000000000
88845  41.727  -11.159  43.131 0.0000000000
90368  41.820  -10.291  43.187 0.0000000000
64205  24.599  -25.774  67.043 0.0000000000
64204  25.088  -25.963  67.228 0.0000000000
62503  24.275  -26.172  65.934 0.0000000000
62590  22.406  -26.545  63.246 0.0000000000
62565  23.312  -26.430  64.038 0.0000000000
62589  23.510  -26.524  63.293 0.0000000000
62616  22.686  -26.519  62.468 0.0000000000
64396  19.134  -27.079  60.985 0.0000000000
64369  19.863  -27.326  61.626 0.0000000000
64421  19.458  -26.229  60.284 0.0000000000
64449  20.808  -25.489  59.532 0.0000000000
64420  20.335  -25.786  60.330 0.0000000000
64419  21.364  -25.569  60.190 0.0000000000
64393  22.059  -25.638  60.872 0.0000000000
64448  21.768  -25.361  59.366 0.0000000000
67434  20.910  -23.906  57.182 0.0000000000
67411  21.705  -24.470  57.747 0.0000000000
68855  21.447  -23.889  56.586 0.0000000000
68854  22.603  -24.214  56.147 0.0000000000
68882  16.517  -24.212  55.708 0.0000000000
67460  17.120  -24.576  55.250 0.0000000000
67461  16.235  -24.836  55.270 0.0000000000
97888  50.297  -4.371  40.015 0.0000000000
96657  50.073  -4.909  37.966 0.0000000000
96640  51.378  -4.532  38.637 0.0000000000
96656  51.049  -4.737  37.740 0.0000000000
96655  52.101  -5.109  37.861 0.0000000000
95417  51.041  -5.141  37.182 0.0000000000
95453  48.170  -6.444  35.632 0.0000000000
95432  48.603  -5.880  36.330 0.0000000000
95449  52.411  -6.306  35.661 0.0000000000
70143  19.256  -24.439  62.136 0.0000000000
71634  20.291  -23.770  61.772 0.0000000000
71668  21.719  -23.250  61.362 0.0000000000
74691  22.946  -20.775  61.212 0.0000000000
74705  22.562  -21.137  60.603 0.0000000000
74692  22.689  -20.037  60.883 0.0000000000
76183  21.765  -19.431  60.025 0.0000000000
76136  22.459  -18.499  63.126 0.0000000000
79342  21.126  -17.608  62.612 0.0000000000
79371  20.812  -17.590  61.869 0.0000000000
80942  19.838  -16.853  62.098 0.0000000000
80956  19.518  -16.763  61.655 0.0000000000
65756  25.221  -25.187  69.601 0.0000000000
67270  23.320  -24.900  65.678 0.0000000000
71582  23.249  -23.590  64.494 0.0000000000
70102  23.245  -23.776  65.029 0.0000000000
70103  22.570  -24.183  64.588 0.0000000000
68731  21.116  -24.940  63.961 0.0000000000
70104  21.371  -24.623  63.968 0.0000000000
71608  21.694  -24.126  62.818 0.0000000000
70141  21.131  -24.435  62.694 0.0000000000
68752  19.252  -24.686  62.481 0.0000000000
88857  39.077  -11.245  41.069 0.0000000000
96619  47.652  -4.866  40.475 0.0000000000
96630  47.595  -4.974  39.514 0.0000000000
95409  44.164  -6.026  38.140 0.0000000000
96633  45.150  -5.703  38.870 0.0000000000
96647  44.846  -5.669  38.294 0.0000000000
96646  45.586  -5.419  38.313 0.0000000000
96662  45.276  -5.612  37.563 0.0000000000
70187  19.219  -23.271  60.956 0.0000000000
70166  17.681  -24.284  61.246 0.0000000000
70188  18.706  -23.473  60.908 0.0000000000
73257  18.011  -22.191  60.843 0.0000000000
71698  17.977  -22.762  60.731 0.0000000000
71699  16.947  -22.733  60.981 0.0000000000
71700  15.813  -22.576  60.974 0.0000000000
76185  18.121  -19.046  60.517 0.0000000000
76206  18.514  -18.828  59.946 0.0000000000
76167  18.527  -20.152  61.498 0.0000000000
73167  15.437  -21.448  62.854 0.0000000000
73199  16.277  -21.459  62.113 0.0000000000
73230  14.591  -21.805  61.745 0.0000000000
71672  13.198  -22.158  62.336 0.0000000000
71673  12.331  -22.417  62.689 0.0000000000
68756  11.546  -23.540  63.041 0.0000000000
65908  10.796  -25.082  63.032 0.0000000000
65909  10.122  -25.852  63.564 0.0000000000
76116  15.584  -19.322  65.325 0.0000000000
76115  15.926  -19.282  64.914 0.0000000000
76093  16.741  -19.988  64.770 0.0000000000
73126  16.424  -20.960  65.268 0.0000000000
68703  14.310  -22.573  68.392 0.0000000000
68720  14.183  -22.410  67.833 0.0000000000
67305  12.877  -23.284  66.854 0.0000000000
68722  13.129  -22.800  67.010 0.0000000000
68735  13.179  -22.983  66.229 0.0000000000
70109  14.456  -22.165  66.243 0.0000000000
68736  12.703  -23.170  65.516 0.0000000000
67318  12.186  -23.703  65.457 0.0000000000
60777  8.660  -27.749  74.063 0.0000000000
60767  8.199  -28.113  74.557 0.0000000000
60768  7.481  -28.477  74.126 0.0000000000
85691  35.273  -12.106  50.220 0.0000000000
82676  32.277  -15.444  50.578 0.0000000000
79587  32.688  -17.869  49.975 0.0000000000
79571  32.543  -17.441  50.173 0.0000000000
78001  32.472  -18.197  49.440 0.0000000000
76445  32.722  -18.609  49.886 0.0000000000
74836  33.052  -19.817  53.656 0.0000000000
73393  33.561  -20.403  51.458 0.0000000000
74883  32.484  -19.883  51.231 0.0000000000
74884  31.557  -19.505  50.605 0.0000000000
74885  30.530  -19.492  49.964 0.0000000000
74870  30.802  -19.060  50.953 0.0000000000
76332  29.507  -18.271  53.309 0.0000000000
77916  27.281  -17.873  53.023 0.0000000000
77854  28.403  -17.655  55.548 0.0000000000
77856  26.390  -18.376  55.178 0.0000000000
77891  25.924  -18.596  53.624 0.0000000000
76334  25.433  -19.322  53.451 0.0000000000
74857  25.279  -20.233  52.867 0.0000000000
74840  25.445  -20.275  53.988 0.0000000000
73345  25.573  -22.139  54.094 0.0000000000
70359  25.745  -24.345  52.932 0.0000000000
64219  26.571  -25.534  66.803 0.0000000000
65801  27.241  -25.215  67.839 0.0000000000
64218  27.012  -25.436  67.208 0.0000000000
64259  27.270  -25.448  65.570 0.0000000000
67286  27.992  -24.612  66.438 0.0000000000
67285  27.920  -24.601  66.201 0.0000000000
68713  28.385  -24.029  66.386 0.0000000000
67301  28.002  -24.367  65.649 0.0000000000
62668  26.109  -26.333  60.687 0.0000000000
62611  26.922  -26.353  62.549 0.0000000000
62639  27.127  -26.184  61.912 0.0000000000
68750  27.740  -23.882  63.418 0.0000000000
67326  27.652  -24.485  63.994 0.0000000000
70122  27.725  -22.531  64.877 0.0000000000
70123  27.558  -22.265  64.493 0.0000000000
71601  28.009  -21.339  65.364 0.0000000000
71628  27.489  -21.854  64.147 0.0000000000
73193  27.552  -21.444  62.799 0.0000000000
73158  27.591  -20.969  63.672 0.0000000000
74657  27.616  -20.855  62.940 0.0000000000
74676  27.600  -20.317  62.540 0.0000000000
76164  27.692  -19.532  62.009 0.0000000000
73273  27.420  -22.187  60.295 0.0000000000
74702  27.277  -21.478  60.607 0.0000000000
73274  27.172  -21.909  59.786 0.0000000000
73286  27.026  -22.019  58.986 0.0000000000
71756  26.864  -22.548  58.435 0.0000000000
62758  27.324  -26.658  56.853 0.0000000000
66040  27.736  -25.577  57.642 0.0000000000
66041  27.533  -25.969  56.888 0.0000000000
67454  26.987  -25.352  55.867 0.0000000000
67429  27.348  -24.872  56.669 0.0000000000
68852  26.942  -24.478  56.495 0.0000000000
70308  26.336  -23.896  56.174 0.0000000000
68899  26.603  -24.963  55.225 0.0000000000
88735  36.862  -10.758  48.817 0.0000000000
88755  37.549  -10.372  48.173 0.0000000000
88759  33.941  -11.608  47.101 0.0000000000
88780  34.497  -11.178  46.211 0.0000000000
87245  33.643  -11.643  45.985 0.0000000000
84243  31.136  -14.019  46.504 0.0000000000
85799  31.110  -13.584  44.617 0.0000000000
84261  31.713  -12.890  45.687 0.0000000000
85797  32.547  -12.501  43.756 0.0000000000
103061  52.310  -0.627  30.297 0.0000000000
103065  52.398  -0.865  29.408 0.0000000000
104396  52.777  -0.224  29.652 0.0000000000
94333  51.736  -7.911  31.854 0.0000000000
87242  40.462  -11.045  46.130 0.0000000000
87243  39.774  -11.074  45.666 0.0000000000
88775  39.948  -10.423  46.387 0.0000000000
88776  39.094  -10.098  46.225 0.0000000000
88777  37.800  -10.021  46.897 0.0000000000
87241  41.202  -10.900  46.586 0.0000000000
65978  15.296  -24.200  59.138 0.0000000000
67374  15.408  -24.202  60.331 0.0000000000
64314  18.109  -26.093  61.817 0.0000000000
64340  18.274  -26.725  61.608 0.0000000000
64373  17.714  -26.150  60.796 0.0000000000
91845  43.202  -9.392  43.289 0.0000000000
91844  43.723  -8.777  43.322 0.0000000000
93108  42.816  -7.860  42.163 0.0000000000
94233  43.229  -7.365  41.606 0.0000000000
93124  41.433  -8.094  40.762 0.0000000000
83998  16.465  -15.206  61.913 0.0000000000
82485  16.725  -15.727  61.561 0.0000000000
82486  15.970  -15.637  61.723 0.0000000000
64192  10.497  -25.687  69.770 0.0000000000
64193  9.746  -26.235  69.440 0.0000000000
62457  9.020  -26.697  69.969 0.0000000000
62439  9.186  -26.600  71.154 0.0000000000
62427  9.845  -26.419  72.090 0.0000000000
79413  30.060  -16.502  59.582 0.0000000000
79414  29.426  -16.706  59.676 0.0000000000
79415  28.413  -17.340  59.930 0.0000000000
77740  27.620  -18.450  60.345 0.0000000000
66017  23.630  -24.821  57.338 0.0000000000
66042  24.073  -25.138  56.508 0.0000000000
66043  24.195  -25.273  56.274 0.0000000000
64500  24.792  -25.726  55.823 0.0000000000
64499  25.259  -25.903  56.294 0.0000000000
64541  24.989  -25.843  53.954 0.0000000000
79613  31.715  -17.948  48.618 0.0000000000
79590  31.359  -17.379  48.660 0.0000000000
78027  31.227  -18.260  47.494 0.0000000000
95463  53.495  -5.718  34.798 0.0000000000
99207  53.081  -3.245  33.148 0.0000000000
97945  52.657  -3.774  32.895 0.0000000000
96706  51.590  -5.161  31.921 0.0000000000
87335  40.064  -11.895  42.381 0.0000000000
87313  40.487  -12.389  43.017 0.0000000000
85795  37.263  -11.498  43.962 0.0000000000
82742  43.123  -12.624  45.450 0.0000000000
84256  44.454  -12.261  45.582 0.0000000000
85789  43.844  -12.308  44.454 0.0000000000
87287  44.096  -12.139  43.983 0.0000000000
87310  43.607  -12.002  43.558 0.0000000000
87311  42.461  -12.205  43.436 0.0000000000
67399  12.350  -25.374  58.387 0.0000000000
65942  11.065  -25.127  61.348 0.0000000000
62522  23.133  -25.853  64.869 0.0000000000
62521  23.534  -26.026  65.010 0.0000000000
62544  22.457  -26.084  64.556 0.0000000000
62591  21.251  -26.573  63.148 0.0000000000
62646  20.909  -27.245  62.298 0.0000000000
64451  19.170  -25.931  59.635 0.0000000000
65995  19.641  -25.408  59.092 0.0000000000
65994  20.435  -25.220  59.111 0.0000000000
66020  20.970  -24.744  58.572 0.0000000000
68856  20.316  -23.879  56.700 0.0000000000
68879  19.492  -23.936  55.671 0.0000000000
68880  18.817  -23.979  55.519 0.0000000000
76403  28.514  -19.119  50.075 0.0000000000
96642  49.372  -4.772  38.808 0.0000000000
96672  49.896  -5.392  37.290 0.0000000000
95452  49.163  -6.363  35.668 0.0000000000
95467  49.604  -6.862  34.892 0.0000000000
95466  50.646  -6.804  34.917 0.0000000000
94316  50.525  -7.949  33.514 0.0000000000
71632  22.261  -23.582  62.328 0.0000000000
73163  22.649  -23.071  61.609 0.0000000000
73195  23.259  -22.169  61.598 0.0000000000
76165  22.904  -19.708  61.457 0.0000000000
71606  23.060  -23.389  63.745 0.0000000000
70124  22.255  -24.092  63.908 0.0000000000
71631  22.972  -23.113  62.948 0.0000000000
73254  20.647  -21.509  59.926 0.0000000000
71721  20.096  -22.212  60.286 0.0000000000
73275  19.991  -20.988  59.515 0.0000000000
73255  19.386  -21.414  60.045 0.0000000000
76169  17.653  -19.059  61.376 0.0000000000
76153  17.935  -20.159  61.833 0.0000000000
73197  17.628  -21.288  62.802 0.0000000000
73166  16.275  -21.529  63.184 0.0000000000
71638  14.446  -21.633  63.477 0.0000000000
71640  12.552  -22.133  63.205 0.0000000000
70144  12.525  -22.130  63.810 0.0000000000
70129  12.053  -22.883  64.365 0.0000000000
76096  15.381  -19.515  65.810 0.0000000000
76076  16.131  -19.978  65.990 0.0000000000
65846  12.810  -24.025  67.874 0.0000000000
67292  13.032  -23.398  67.531 0.0000000000
65847  12.500  -24.307  67.193 0.0000000000
65869  11.912  -24.411  66.386 0.0000000000
81120  32.781  -16.024  51.177 0.0000000000
81119  33.020  -16.966  51.292 0.0000000000
79570  32.849  -17.737  50.760 0.0000000000
77979  33.142  -18.267  50.898 0.0000000000
74799  32.947  -19.335  55.143 0.0000000000
74820  32.603  -19.344  54.317 0.0000000000
74853  32.714  -20.009  52.806 0.0000000000
74867  33.187  -20.461  52.215 0.0000000000
74854  31.804  -19.729  52.557 0.0000000000
74855  31.167  -18.998  52.081 0.0000000000
74856  30.267  -18.748  51.648 0.0000000000
74839  30.399  -18.691  52.726 0.0000000000
76333  28.661  -17.915  53.912 0.0000000000
76284  26.798  -18.366  57.529 0.0000000000
77843  26.532  -18.161  56.093 0.0000000000
76285  26.401  -18.720  56.905 0.0000000000
74823  25.592  -20.425  54.876 0.0000000000
73331  25.750  -20.962  55.236 0.0000000000
71822  26.002  -22.915  54.871 0.0000000000
62540  25.386  -26.619  64.840 0.0000000000
64239  26.403  -26.018  65.784 0.0000000000
62539  26.038  -26.539  64.716 0.0000000000
62538  26.667  -26.477  64.626 0.0000000000
62537  27.116  -26.401  64.272 0.0000000000
62665  27.250  -25.946  61.344 0.0000000000
64336  27.513  -25.636  62.410 0.0000000000
65919  27.639  -24.985  62.013 0.0000000000
68765  27.869  -24.147  62.634 0.0000000000
70163  27.599  -23.328  62.647 0.0000000000
73222  27.437  -21.841  62.097 0.0000000000
74689  27.345  -21.257  61.445 0.0000000000
71719  27.565  -22.780  60.752 0.0000000000
71739  27.433  -22.888  59.881 0.0000000000
64538  27.011  -27.601  54.888 0.0000000000
64536  28.060  -26.695  55.495 0.0000000000
64537  27.862  -27.350  54.995 0.0000000000
64561  28.006  -26.763  54.602 0.0000000000
66109  27.430  -26.406  54.173 0.0000000000
67479  26.785  -25.760  54.480 0.0000000000
66110  27.104  -26.528  53.274 0.0000000000
87193  35.416  -11.394  48.896 0.0000000000
88737  35.335  -11.233  48.350 0.0000000000
87217  33.998  -12.034  47.981 0.0000000000
87218  33.446  -12.078  47.449 0.0000000000
84245  30.223  -15.358  46.161 0.0000000000
84264  30.317  -15.117  45.615 0.0000000000
100435  51.793  -2.365  30.788 0.0000000000
101778  51.979  -1.331  31.140 0.0000000000
82730  40.738  -12.819  44.785 0.0000000000
84278  39.829  -13.040  44.148 0.0000000000
84279  40.281  -12.838  44.567 0.0000000000
85768  38.932  -11.749  44.593 0.0000000000
87265  38.570  -11.191  45.015 0.0000000000
87266  38.155  -11.382  44.573 0.0000000000
87289  37.489  -11.206  44.484 0.0000000000
87268  35.258  -10.850  44.791 0.0000000000
85745  44.040  -12.352  46.727 0.0000000000
84225  42.641  -11.932  46.779 0.0000000000
82700  42.630  -12.286  46.454 0.0000000000
82712  42.394  -12.366  46.021 0.0000000000
82727  42.162  -12.459  45.505 0.0000000000
82729  41.048  -12.658  45.076 0.0000000000
66028  12.805  -26.172  57.218 0.0000000000
67397  13.993  -24.567  58.403 0.0000000000
67398  13.108  -24.724  58.354 0.0000000000
62569  19.582  -27.692  64.268 0.0000000000
62593  19.473  -28.100  63.561 0.0000000000
62620  19.093  -28.078  62.338 0.0000000000
62649  18.851  -28.014  61.425 0.0000000000
64397  18.621  -27.197  60.382 0.0000000000
64398  17.992  -26.925  60.242 0.0000000000
64423  18.251  -26.618  59.759 0.0000000000
66023  18.382  -24.751  58.197 0.0000000000
67415  17.677  -24.221  56.955 0.0000000000
68837  16.562  -23.988  56.382 0.0000000000
67438  16.117  -24.042  55.967 0.0000000000
67417  15.820  -24.326  56.470 0.0000000000
96675  47.027  -5.716  36.896 0.0000000000
96674  47.967  -5.612  37.034 0.0000000000
95433  47.623  -5.998  36.257 0.0000000000
76134  24.126  -20.162  63.284 0.0000000000
76111  23.857  -19.531  64.416 0.0000000000
93082  46.038  -8.214  44.461 0.0000000000
94224  45.261  -7.682  43.603 0.0000000000
95387  46.024  -5.698  41.417 0.0000000000
94239  43.002  -7.134  41.077 0.0000000000
95404  42.842  -6.918  40.478 0.0000000000
95403  43.328  -6.502  39.798 0.0000000000
79398  19.292  -17.235  60.556 0.0000000000
79418  19.032  -17.906  59.884 0.0000000000
79399  18.397  -17.399  60.296 0.0000000000
79400  17.629  -17.565  60.467 0.0000000000
77745  17.519  -18.303  60.637 0.0000000000
80960  16.233  -16.613  61.271 0.0000000000
80975  16.553  -17.195  60.934 0.0000000000
77722  17.216  -18.597  61.179 0.0000000000
77700  17.033  -18.868  62.105 0.0000000000
74662  17.286  -20.147  63.183 0.0000000000
73143  17.032  -21.308  64.316 0.0000000000
71529  15.721  -22.006  68.736 0.0000000000
68702  14.855  -22.886  68.611 0.0000000000
67271  13.692  -22.708  68.473 0.0000000000
65820  13.361  -23.870  68.787 0.0000000000
65822  12.564  -24.692  68.062 0.0000000000
65823  11.934  -25.102  67.668 0.0000000000
65824  9.909  -26.068  67.257 0.0000000000
62510  8.585  -27.543  67.515 0.0000000000
76199  31.636  -16.773  58.252 0.0000000000
76253  32.185  -17.770  57.037 0.0000000000
74752  31.502  -17.708  56.450 0.0000000000
76255  31.004  -17.421  56.557 0.0000000000
76283  30.177  -17.446  55.988 0.0000000000
76304  30.018  -17.643  55.307 0.0000000000
77822  28.583  -17.562  57.312 0.0000000000
77823  27.440  -17.874  57.888 0.0000000000
76257  26.672  -18.895  58.347 0.0000000000
74730  26.570  -21.143  58.549 0.0000000000
64365  23.751  -25.965  60.920 0.0000000000
62670  24.621  -26.050  60.260 0.0000000000
62669  25.377  -26.240  60.460 0.0000000000
62692  25.371  -25.838  59.259 0.0000000000
64444  25.246  -25.607  58.589 0.0000000000
62691  26.052  -26.237  59.597 0.0000000000
62689  27.075  -26.266  60.262 0.0000000000
62708  27.392  -26.060  59.739 0.0000000000
64443  27.550  -25.788  59.345 0.0000000000
67395  27.671  -24.864  59.568 0.0000000000
64475  27.529  -26.077  58.251 0.0000000000
62759  26.974  -26.894  56.989 0.0000000000
62791  26.809  -27.505  56.003 0.0000000000
64519  25.391  -26.327  55.377 0.0000000000
62816  26.368  -27.472  55.598 0.0000000000
62815  26.565  -27.628  55.347 0.0000000000
84213  31.873  -14.317  48.837 0.0000000000
82702  31.283  -14.980  48.521 0.0000000000
82703  30.744  -15.189  47.912 0.0000000000
81150  30.734  -16.796  48.276 0.0000000000
82704  30.304  -15.852  47.594 0.0000000000
82719  30.041  -15.735  46.744 0.0000000000
100431  51.940  -2.227  31.982 0.0000000000
97960  51.792  -4.544  30.114 0.0000000000
91848  40.690  -9.891  42.430 0.0000000000
90385  39.948  -9.879  41.772 0.0000000000
90370  40.128  -10.323  42.191 0.0000000000
88847  39.605  -11.140  42.016 0.0000000000
87354  38.923  -11.754  41.620 0.0000000000
85792  39.670  -12.886  43.996 0.0000000000
85822  38.959  -12.833  43.172 0.0000000000
85844  37.831  -12.544  42.368 0.0000000000
84314  37.462  -12.785  41.811 0.0000000000
85764  45.234  -12.134  45.757 0.0000000000
87263  45.778  -11.618  45.961 0.0000000000
90343  45.470  -9.878  44.276 0.0000000000
90356  44.925  -10.026  43.982 0.0000000000
91830  43.710  -9.873  43.636 0.0000000000
88830  43.860  -11.120  43.664 0.0000000000
90358  43.384  -10.425  43.508 0.0000000000
65768  26.498  -25.327  69.127 0.0000000000
65766  27.286  -24.415  69.436 0.0000000000
64186  26.614  -25.452  68.367 0.0000000000
64221  25.311  -26.235  66.751 0.0000000000
62500  25.457  -26.287  66.113 0.0000000000
62520  24.072  -26.234  65.446 0.0000000000
62542  24.042  -26.422  64.831 0.0000000000
62541  24.705  -26.612  64.885 0.0000000000
62615  23.929  -26.413  62.468 0.0000000000
62644  23.375  -26.249  61.772 0.0000000000
62619  20.100  -28.166  62.681 0.0000000000
62647  20.611  -27.889  61.991 0.0000000000
64368  20.739  -26.754  61.926 0.0000000000
64367  21.791  -26.210  61.583 0.0000000000
64366  22.789  -25.806  61.426 0.0000000000
64392  23.119  -25.460  60.548 0.0000000000
64447  22.757  -25.354  59.029 0.0000000000
65991  23.000  -24.976  58.363 0.0000000000
66019  21.717  -24.871  58.433 0.0000000000
66018  22.505  -24.737  58.048 0.0000000000
67410  22.723  -24.504  57.333 0.0000000000
68831  22.776  -24.413  56.777 0.0000000000
68876  22.898  -24.296  55.068 0.0000000000
67437  17.686  -23.971  55.941 0.0000000000
95415  52.877  -5.597  36.941 0.0000000000
95428  52.996  -5.933  36.232 0.0000000000
95464  52.623  -6.324  34.830 0.0000000000
95478  52.589  -6.204  33.894 0.0000000000
95486  52.059  -6.212  32.876 0.0000000000
65921  16.948  -25.205  61.678 0.0000000000
67342  16.803  -24.611  61.390 0.0000000000
68767  18.424  -24.553  61.921 0.0000000000
70164  19.550  -23.645  61.425 0.0000000000
71695  20.956  -22.578  60.784 0.0000000000
71694  21.768  -22.768  60.816 0.0000000000
73224  21.903  -22.226  60.423 0.0000000000
73225  21.145  -21.932  60.406 0.0000000000
74707  21.414  -21.093  59.686 0.0000000000
77769  21.375  -18.932  59.821 0.0000000000
77770  20.690  -18.475  59.742 0.0000000000
76151  22.653  -18.820  62.217 0.0000000000
77720  21.671  -17.995  61.547 0.0000000000
77721  20.840  -17.740  61.362 0.0000000000
77743  20.797  -17.910  60.661 0.0000000000
79397  20.118  -17.581  60.427 0.0000000000
79373  19.441  -16.945  61.199 0.0000000000
82483  18.083  -16.015  61.795 0.0000000000
82466  17.601  -15.485  62.149 0.0000000000
83978  17.906  -15.127  62.708 0.0000000000
83979  16.884  -14.958  62.567 0.0000000000
68632  27.744  -22.565  70.554 0.0000000000
67216  27.073  -24.221  70.333 0.0000000000
65755  25.761  -25.229  70.012 0.0000000000
65787  25.245  -25.147  68.066 0.0000000000
65788  24.929  -25.185  67.548 0.0000000000
67255  24.714  -25.078  67.150 0.0000000000
65804  24.167  -25.247  66.276 0.0000000000
65819  23.201  -25.234  65.419 0.0000000000
65842  22.410  -25.290  64.938 0.0000000000
65843  21.421  -25.492  64.361 0.0000000000
70088  23.543  -24.287  65.601 0.0000000000
68717  22.594  -24.646  65.048 0.0000000000
65844  20.449  -25.843  64.271 0.0000000000
65845  19.889  -25.890  64.354 0.0000000000
67290  19.733  -25.769  64.063 0.0000000000
67303  19.455  -25.697  63.536 0.0000000000
70125  21.507  -24.389  63.450 0.0000000000
70126  20.688  -24.836  63.356 0.0000000000
67315  19.148  -25.410  62.870 0.0000000000
65889  18.410  -25.585  62.334 0.0000000000
65906  17.781  -25.242  62.049 0.0000000000
90386  39.529  -10.308  41.391 0.0000000000
97875  50.663  -4.265  40.417 0.0000000000
97876  50.031  -4.526  40.393 0.0000000000
96611  46.158  -5.541  40.854 0.0000000000
96621  45.946  -5.496  40.134 0.0000000000
95401  45.108  -5.771  39.304 0.0000000000
96631  46.666  -5.206  39.372 0.0000000000
96645  46.490  -5.309  38.453 0.0000000000
68769  16.836  -24.613  61.757 0.0000000000
68782  16.013  -24.184  61.161 0.0000000000
71697  18.865  -22.903  60.688 0.0000000000
70190  16.759  -23.554  60.824 0.0000000000
68783  14.963  -23.604  60.612 0.0000000000
68784  13.718  -23.371  60.517 0.0000000000
76205  19.001  -19.428  59.807 0.0000000000
74708  19.052  -20.489  60.121 0.0000000000
74709  18.708  -21.006  60.556 0.0000000000
74679  18.325  -20.553  61.480 0.0000000000
74694  18.306  -20.969  61.238 0.0000000000
73227  17.315  -21.939  61.344 0.0000000000
71701  14.465  -22.286  61.383 0.0000000000
70193  13.037  -22.971  61.117 0.0000000000
67358  11.390  -24.442  61.325 0.0000000000
65923  10.978  -25.163  61.971 0.0000000000
67344  11.314  -24.402  62.498 0.0000000000
77703  14.889  -17.886  62.718 0.0000000000
77657  16.229  -18.947  63.575 0.0000000000
76113  16.889  -19.945  64.259 0.0000000000
71610  16.263  -21.498  64.749 0.0000000000
74592  15.812  -20.680  67.537 0.0000000000
74611  16.225  -20.766  66.988 0.0000000000
73109  16.291  -21.093  66.440 0.0000000000
68721  13.602  -22.600  67.527 0.0000000000
70090  15.141  -22.054  66.938 0.0000000000
71584  16.123  -21.495  66.060 0.0000000000
71585  16.049  -21.564  65.863 0.0000000000
71587  15.255  -21.934  65.489 0.0000000000
71612  15.450  -21.783  64.814 0.0000000000
70127  13.619  -21.961  64.913 0.0000000000
68745  12.180  -23.298  64.827 0.0000000000
65890  10.848  -25.021  64.219 0.0000000000
62428  8.853  -27.255  72.467 0.0000000000
60791  7.898  -28.253  72.558 0.0000000000
59078  7.178  -28.860  72.868 0.0000000000
90312  38.307  -10.107  47.829 0.0000000000
85692  34.257  -12.536  49.929 0.0000000000
85709  33.472  -13.005  49.522 0.0000000000
84200  32.148  -14.799  49.776 0.0000000000
81133  31.901  -16.582  49.632 0.0000000000
81132  32.406  -16.625  50.411 0.0000000000
79572  32.223  -17.209  49.792 0.0000000000
79589  31.882  -17.418  49.210 0.0000000000
79612  32.205  -17.928  49.036 0.0000000000
74911  31.815  -19.472  49.021 0.0000000000
76424  33.508  -18.634  51.080 0.0000000000
76425  33.216  -18.630  50.501 0.0000000000
73394  33.020  -20.240  51.288 0.0000000000
73406  33.404  -19.878  50.768 0.0000000000
74909  33.105  -18.952  50.301 0.0000000000
74910  32.586  -19.086  49.844 0.0000000000
76376  29.507  -18.747  50.942 0.0000000000
76404  27.487  -18.952  50.460 0.0000000000
77937  26.266  -18.660  52.154 0.0000000000
76305  29.230  -17.685  55.146 0.0000000000
76318  28.804  -17.756  54.737 0.0000000000
77867  27.984  -17.697  54.630 0.0000000000
77868  27.015  -17.901  54.484 0.0000000000
77889  27.669  -17.791  53.709 0.0000000000
77890  26.774  -18.087  53.642 0.0000000000
77918  25.867  -18.791  52.726 0.0000000000
77938  25.897  -18.957  52.184 0.0000000000
74872  25.561  -20.099  51.769 0.0000000000
73372  25.355  -21.090  52.209 0.0000000000
73358  25.436  -22.026  52.758 0.0000000000
71862  25.115  -22.968  52.084 0.0000000000
79311  29.253  -17.592  63.134 0.0000000000
67243  27.467  -24.005  68.905 0.0000000000
67242  27.815  -23.869  68.504 0.0000000000
68679  28.451  -23.518  68.147 0.0000000000
65841  27.151  -25.280  66.489 0.0000000000
67267  27.980  -24.599  66.828 0.0000000000
70050  28.601  -23.388  67.656 0.0000000000
71564  28.634  -21.382  66.903 0.0000000000
62613  25.754  -26.362  62.476 0.0000000000
62584  27.069  -26.335  63.238 0.0000000000
64284  27.566  -25.572  64.523 0.0000000000
65905  27.648  -25.140  63.695 0.0000000000
67314  27.765  -24.371  64.888 0.0000000000
68729  28.062  -23.574  65.489 0.0000000000
70101  27.963  -22.696  65.851 0.0000000000
71579  28.319  -21.280  66.179 0.0000000000
73124  28.609  -20.476  65.742 0.0000000000
73157  27.646  -21.179  64.334 0.0000000000
73139  28.049  -20.238  64.029 0.0000000000
74641  28.572  -19.680  64.479 0.0000000000
76109  28.522  -19.315  63.814 0.0000000000
76131  28.815  -18.635  63.642 0.0000000000
77698  28.283  -18.661  62.413 0.0000000000
76181  27.413  -19.473  61.107 0.0000000000
76182  27.255  -19.428  60.402 0.0000000000
74703  27.085  -20.404  60.687 0.0000000000
74704  27.071  -19.823  60.235 0.0000000000
68819  27.643  -24.281  59.206 0.0000000000
70258  27.399  -23.728  58.479 0.0000000000
67453  27.419  -25.341  56.569 0.0000000000
70281  27.283  -23.983  57.747 0.0000000000
71781  27.114  -23.344  58.253 0.0000000000
71782  26.602  -23.043  57.877 0.0000000000
73311  26.163  -22.142  56.990 0.0000000000
73329  26.053  -22.538  56.339 0.0000000000
71821  26.093  -22.985  55.880 0.0000000000
70336  25.662  -23.975  54.406 0.0000000000
68900  26.318  -24.796  54.530 0.0000000000
67480  26.395  -25.193  53.783 0.0000000000
68923  25.927  -24.726  53.245 0.0000000000
88778  36.458  -10.350  46.556 0.0000000000
88757  35.710  -10.631  47.664 0.0000000000
90323  35.948  -10.442  46.208 0.0000000000
88797  35.460  -10.605  45.636 0.0000000000
88798  34.815  -10.940  45.375 0.0000000000
84227  32.236  -13.080  48.188 0.0000000000
85727  32.827  -12.441  47.223 0.0000000000
84262  31.306  -13.372  45.782 0.0000000000
85750  32.918  -12.258  46.163 0.0000000000
85749  33.202  -11.819  45.324 0.0000000000
94332  52.160  -7.371  31.432 0.0000000000
62502  24.525  -26.299  66.090 0.0000000000
62516  26.341  -26.401  65.181 0.0000000000
62518  25.142  -26.556  65.573 0.0000000000
62519  24.575  -26.465  65.568 0.0000000000
62543  23.325  -26.200  64.648 0.0000000000
62545  21.593  -26.148  64.354 0.0000000000
62559  27.216  -26.342  63.746 0.0000000000
62560  26.869  -26.514  63.857 0.0000000000
62561  26.331  -26.604  63.978 0.0000000000
62562  25.678  -26.651  64.060 0.0000000000
62563  24.951  -26.672  64.112 0.0000000000
62583  27.395  -26.097  63.338 0.0000000000
62585  26.621  -26.449  63.247 0.0000000000
62609  27.433  -25.941  62.866 0.0000000000
62610  27.233  -26.151  62.669 0.0000000000
62612  26.413  -26.393  62.505 0.0000000000
62617  21.386  -26.633  62.580 0.0000000000
62638  27.339  -25.950  62.122 0.0000000000
62640  26.772  -26.317  61.767 0.0000000000
62641  26.233  -26.327  61.654 0.0000000000
62666  27.021  -26.144  61.116 0.0000000000
62671  19.236  -27.951  61.113 0.0000000000
62672  18.872  -27.621  60.908 0.0000000000
62688  27.341  -26.023  60.566 0.0000000000
62690  26.638  -26.364  59.927 0.0000000000
62709  27.046  -26.155  59.292 0.0000000000
62712  25.632  -25.589  58.060 0.0000000000
62713  25.442  -25.561  57.476 0.0000000000
62729  27.361  -25.989  58.902 0.0000000000
62730  27.131  -26.295  58.036 0.0000000000
62733  25.703  -25.750  57.122 0.0000000000
62789  27.587  -26.965  56.331 0.0000000000
62790  27.390  -27.214  56.258 0.0000000000
64169  26.551  -25.446  68.753 0.0000000000
64170  26.317  -25.425  68.662 0.0000000000
64185  26.890  -25.522  68.257 0.0000000000
64187  26.012  -25.294  68.037 0.0000000000
64188  25.401  -25.347  67.653 0.0000000000
64189  25.013  -25.463  67.474 0.0000000000
64200  27.070  -25.421  67.628 0.0000000000
64202  26.288  -25.432  67.422 0.0000000000
64203  25.619  -25.594  67.200 0.0000000000
64206  24.305  -25.641  66.510 0.0000000000
64220  25.869  -25.793  66.521 0.0000000000
64222  24.736  -26.322  66.725 0.0000000000
64223  24.317  -26.068  66.334 0.0000000000
64225  23.499  -25.477  65.411 0.0000000000
64237  27.135  -25.304  66.004 0.0000000000
64238  26.977  -25.468  66.221 0.0000000000
64240  25.847  -26.108  65.958 0.0000000000
64241  23.985  -26.031  65.675 0.0000000000
64242  23.513  -25.957  65.044 0.0000000000
64243  22.773  -25.636  64.907 0.0000000000
64244  21.725  -25.706  64.566 0.0000000000
64245  20.895  -25.914  64.265 0.0000000000
64261  26.656  -26.333  65.182 0.0000000000
64264  20.252  -26.395  64.501 0.0000000000
64265  19.440  -26.638  64.535 0.0000000000
64266  19.047  -26.529  63.934 0.0000000000
64267  10.981  -25.380  66.675 0.0000000000
64285  27.488  -26.159  63.995 0.0000000000
64286  20.413  -26.693  64.267 0.0000000000
64287  19.835  -27.180  64.638 0.0000000000
64289  18.629  -26.472  63.031 0.0000000000
64290  18.529  -26.030  62.568 0.0000000000
64310  27.578  -25.766  63.368 0.0000000000
64311  27.531  -26.039  63.563 0.0000000000
64315  17.474  -25.342  61.808 0.0000000000
64338  20.923  -26.691  62.383 0.0000000000
64343  16.922  -25.171  60.989 0.0000000000
64364  27.396  -25.611  61.604 0.0000000000
64370  19.481  -27.695  61.319 0.0000000000
64372  18.126  -26.821  60.898 0.0000000000
64401  16.742  -25.261  60.375 0.0000000000
64414  27.551  -25.701  60.022 0.0000000000
64424  17.772  -26.060  59.706 0.0000000000
64474  27.650  -25.788  58.735 0.0000000000
64476  25.567  -25.736  56.884 0.0000000000
64497  27.511  -26.143  57.439 0.0000000000
64515  27.607  -26.553  56.394 0.0000000000
64516  28.005  -27.286  55.936 0.0000000000
64518  25.750  -26.481  55.977 0.0000000000
65753  26.722  -24.584  70.228 0.0000000000
65754  26.392  -24.906  70.192 0.0000000000
65757  25.233  -24.933  69.224 0.0000000000
65767  26.966  -24.726  69.574 0.0000000000
65769  25.883  -25.360  69.083 0.0000000000
65770  25.420  -25.062  68.868 0.0000000000
65782  27.503  -24.250  68.581 0.0000000000
65783  27.367  -24.605  68.832 0.0000000000
65784  27.029  -25.362  68.550 0.0000000000
65785  26.757  -25.436  68.692 0.0000000000
65800  27.540  -24.516  68.125 0.0000000000
65802  27.094  -25.414  68.068 0.0000000000
65803  24.549  -25.285  66.851 0.0000000000
65805  23.738  -25.179  66.144 0.0000000000
65817  27.213  -25.260  66.906 0.0000000000
65818  23.776  -25.241  65.840 0.0000000000
65821  13.002  -24.146  68.434 0.0000000000
65826  9.342  -26.869  66.732 0.0000000000
65840  27.363  -25.069  66.317 0.0000000000
65866  19.849  -26.184  64.535 0.0000000000
65867  19.429  -26.107  64.177 0.0000000000
65868  19.083  -26.082  63.490 0.0000000000
65887  27.564  -24.937  64.484 0.0000000000
65888  18.810  -25.918  62.863 0.0000000000
65907  17.171  -25.233  62.049 0.0000000000
65920  27.669  -25.192  62.690 0.0000000000
65922  16.835  -25.031  61.186 0.0000000000
65939  27.507  -24.974  61.441 0.0000000000
65940  27.534  -25.280  61.870 0.0000000000
65960  27.418  -25.263  61.133 0.0000000000
65963  15.179  -24.207  59.971 0.0000000000
65975  27.533  -24.958  60.403 0.0000000000
65976  27.540  -25.211  60.273 0.0000000000
65990  27.658  -25.398  59.279 0.0000000000
66015  27.812  -25.524  58.459 0.0000000000
66016  23.763  -24.818  56.855 0.0000000000
66061  27.553  -25.564  56.902 0.0000000000
66062  27.413  -26.018  56.147 0.0000000000
67208  26.753  -23.995  70.737 0.0000000000
67209  26.425  -24.097  71.117 0.0000000000
67219  25.016  -25.080  70.514 0.0000000000
67229  27.835  -23.664  69.182 0.0000000000
67230  27.536  -23.996  69.524 0.0000000000
67231  27.305  -24.313  69.809 0.0000000000
67232  25.370  -24.699  68.964 0.0000000000
67233  14.796  -23.234  70.240 0.0000000000
67244  24.748  -25.073  67.877 0.0000000000
67245  24.873  -24.662  67.476 0.0000000000
67246  14.803  -23.198  69.855 0.0000000000
67248  14.204  -23.691  70.328 0.0000000000
67254  27.952  -24.240  67.693 0.0000000000
67256  24.490  -24.853  66.715 0.0000000000
67259  13.475  -23.488  68.873 0.0000000000
67268  28.090  -24.541  66.628 0.0000000000
67272  13.383  -23.244  68.260 0.0000000000
67288  20.986  -25.251  64.027 0.0000000000
67289  20.256  -25.570  63.989 0.0000000000
67291  13.308  -23.065  67.790 0.0000000000
67302  19.857  -25.554  63.801 0.0000000000
67304  19.131  -25.726  63.038 0.0000000000
67307  11.874  -24.194  65.745 0.0000000000
67316  18.721  -25.316  62.538 0.0000000000
67317  18.050  -24.970  62.296 0.0000000000
67327  17.328  -25.072  62.277 0.0000000000
67328  16.802  -25.015  62.049 0.0000000000
67340  27.770  -24.711  62.372 0.0000000000
67343  16.775  -24.564  60.882 0.0000000000
67356  16.355  -24.291  60.911 0.0000000000
67372  27.484  -24.642  61.096 0.0000000000
67373  15.890  -24.307  60.713 0.0000000000
67384  27.600  -24.903  60.118 0.0000000000
67385  14.393  -24.513  58.818 0.0000000000
67394  27.641  -24.691  59.941 0.0000000000
67396  14.227  -24.341  58.794 0.0000000000
67407  27.771  -24.983  58.505 0.0000000000
67408  23.624  -24.746  56.786 0.0000000000
67409  23.345  -24.612  56.808 0.0000000000
67428  27.668  -24.979  57.334 0.0000000000
67430  23.639  -24.793  56.546 0.0000000000
67432  23.182  -24.375  55.629 0.0000000000
67433  21.279  -24.088  57.363 0.0000000000
67455  23.661  -24.888  56.095 0.0000000000
67481  26.167  -24.923  53.512 0.0000000000
68617  27.605  -22.249  70.879 0.0000000000
68633  27.380  -23.421  70.398 0.0000000000
68634  27.006  -23.738  70.593 0.0000000000
68646  27.663  -23.699  70.017 0.0000000000
68665  14.784  -23.085  69.547 0.0000000000
68683  14.930  -23.031  69.045 0.0000000000
68684  14.515  -22.813  69.151 0.0000000000
68696  28.360  -23.959  67.236 0.0000000000
68704  13.778  -22.604  68.090 0.0000000000
68714  28.178  -24.444  66.443 0.0000000000
68719  20.859  -25.150  63.827 0.0000000000
68730  21.835  -24.664  64.359 0.0000000000
68733  19.731  -25.446  63.518 0.0000000000
68734  13.657  -22.424  66.630 0.0000000000
68742  19.365  -25.204  62.992 0.0000000000
68743  18.712  -24.854  62.731 0.0000000000
68744  18.179  -24.840  62.783 0.0000000000
68746  11.609  -23.395  64.101 0.0000000000
68751  19.711  -24.636  62.699 0.0000000000
68753  18.434  -24.921  62.377 0.0000000000
68754  17.676  -24.965  62.285 0.0000000000
68755  17.004  -24.893  62.334 0.0000000000
68764  27.895  -24.320  62.000 0.0000000000
68768  17.569  -24.568  61.897 0.0000000000
68781  27.608  -24.278  61.454 0.0000000000
68798  27.523  -24.100  60.717 0.0000000000
68800  15.954  -24.266  60.934 0.0000000000
68808  27.646  -24.369  59.980 0.0000000000
68809  27.599  -23.872  60.003 0.0000000000
68810  14.217  -24.387  58.814 0.0000000000
68812  13.622  -24.368  58.747 0.0000000000
68818  27.669  -24.556  59.664 0.0000000000
68820  14.062  -24.557  58.731 0.0000000000
68821  14.024  -24.434  58.683 0.0000000000
68822  13.751  -24.468  58.611 0.0000000000
68833  21.667  -24.155  57.218 0.0000000000
68834  19.872  -24.132  57.258 0.0000000000
68835  19.501  -24.251  57.174 0.0000000000
68836  16.917  -23.997  56.465 0.0000000000
68851  27.307  -24.406  57.238 0.0000000000
68853  22.790  -24.357  56.482 0.0000000000
68859  16.587  -23.877  56.062 0.0000000000
68881  16.713  -24.411  55.525 0.0000000000
68901  26.017  -24.661  53.866 0.0000000000
68907  18.853  -23.979  54.933 0.0000000000
69986  27.900  -21.933  70.854 0.0000000000
70017  28.463  -22.538  69.626 0.0000000000
70022  15.388  -22.675  69.925 0.0000000000
70055  15.216  -22.783  68.662 0.0000000000
70074  14.578  -22.542  67.828 0.0000000000
70083  28.249  -22.150  66.419 0.0000000000
70089  15.553  -21.733  66.599 0.0000000000
70091  14.535  -22.246  67.233 0.0000000000
70092  13.990  -22.062  66.988 0.0000000000
70105  20.884  -24.951  63.706 0.0000000000
70106  15.781  -21.717  66.096 0.0000000000
70107  15.492  -21.840  66.118 0.0000000000
70111  13.073  -22.683  65.561 0.0000000000
70121  27.792  -21.921  65.266 0.0000000000
70140  27.529  -22.335  64.267 0.0000000000
70142  20.088  -24.381  62.452 0.0000000000
70167  16.793  -24.278  61.198 0.0000000000
70168  16.340  -24.261  61.190 0.0000000000
70169  12.627  -22.651  61.913 0.0000000000
70170  11.884  -22.909  62.435 0.0000000000
70210  27.593  -23.840  61.353 0.0000000000
70238  27.502  -23.518  59.445 0.0000000000
70259  27.095  -23.582  57.875 0.0000000000
70309  25.980  -23.615  55.383 0.0000000000
70337  25.721  -24.294  53.527 0.0000000000
70358  25.599  -23.682  53.040 0.0000000000
71568  15.736  -21.486  66.988 0.0000000000
71581  24.119  -23.348  64.666 0.0000000000
71586  15.612  -21.746  65.357 0.0000000000
71588  14.717  -22.040  65.394 0.0000000000
71602  27.641  -21.825  64.867 0.0000000000
71603  27.526  -22.036  64.572 0.0000000000
71611  15.932  -21.588  64.756 0.0000000000
71627  27.742  -21.352  64.716 0.0000000000
71629  27.488  -22.096  64.332 0.0000000000
71639  13.231  -21.794  63.501 0.0000000000
71670  20.041  -23.367  61.458 0.0000000000
71671  14.159  -21.731  62.394 0.0000000000
71696  19.797  -22.950  60.928 0.0000000000
71702  13.453  -22.545  61.455 0.0000000000
71723  18.445  -22.387  60.642 0.0000000000
73076  15.622  -21.580  68.293 0.0000000000
73091  15.833  -21.258  67.413 0.0000000000
73127  15.545  -21.809  65.279 0.0000000000
73128  15.440  -21.811  64.944 0.0000000000
73144  16.807  -21.654  64.272 0.0000000000
73145  15.705  -21.764  65.086 0.0000000000
73146  15.686  -21.679  64.807 0.0000000000
73159  27.890  -20.388  63.673 0.0000000000
73162  22.896  -22.917  62.195 0.0000000000
73164  17.619  -21.449  63.582 0.0000000000
73196  22.501  -22.729  60.897 0.0000000000
73201  14.783  -21.598  61.968 0.0000000000
73226  17.753  -21.317  61.723 0.0000000000
73228  16.125  -21.914  61.365 0.0000000000
73229  15.157  -21.864  61.476 0.0000000000
73252  22.296  -21.480  60.297 0.0000000000
73253  21.644  -21.553  60.027 0.0000000000
73276  19.505  -20.819  59.747 0.0000000000
73285  27.282  -22.415  59.581 0.0000000000
73407  33.017  -20.056  50.982 0.0000000000
74570  15.558  -21.394  68.691 0.0000000000
74591  15.721  -21.132  67.853 0.0000000000
74612  16.303  -20.119  66.674 0.0000000000
74629  16.324  -20.117  65.922 0.0000000000
74642  28.325  -19.689  63.857 0.0000000000
74644  17.006  -20.453  64.328 0.0000000000
74645  17.004  -19.886  63.800 0.0000000000
74658  27.929  -20.176  63.334 0.0000000000
74680  17.930  -20.736  62.052 0.0000000000
74681  17.665  -20.338  62.501 0.0000000000
74716  27.171  -21.706  60.160 0.0000000000
74718  26.838  -20.017  59.856 0.0000000000
74720  21.558  -19.970  59.697 0.0000000000
74732  26.673  -19.806  59.481 0.0000000000
74751  31.927  -17.907  56.376 0.0000000000
74774  32.807  -18.737  55.703 0.0000000000
74776  31.438  -17.885  56.036 0.0000000000
74777  26.240  -21.478  56.952 0.0000000000
74852  33.458  -20.486  53.122 0.0000000000
74871  30.208  -18.772  51.023 0.0000000000
74882  32.933  -20.324  51.599 0.0000000000
74896  33.696  -19.152  50.729 0.0000000000
74897  33.180  -19.356  50.497 0.0000000000
76059  15.699  -19.752  67.008 0.0000000000
76077  15.869  -19.805  66.398 0.0000000000
76094  16.408  -19.766  65.351 0.0000000000
76095  15.923  -19.640  65.639 0.0000000000
76108  28.846  -18.990  64.033 0.0000000000
76114  16.557  -19.436  64.104 0.0000000000
76132  28.384  -19.172  63.435 0.0000000000
76137  16.989  -19.492  63.067 0.0000000000
76152  18.165  -20.401  61.699 0.0000000000
76168  18.131  -19.620  61.373 0.0000000000
76184  18.791  -19.795  60.789 0.0000000000
76202  26.932  -19.597  59.739 0.0000000000
76203  21.112  -19.442  59.603 0.0000000000
76227  26.796  -19.605  59.560 0.0000000000
76254  31.530  -17.505  56.853 0.0000000000
76256  30.401  -17.305  56.416 0.0000000000
76258  26.431  -19.060  57.602 0.0000000000
76282  30.799  -17.674  55.972 0.0000000000
76303  30.557  -17.713  55.600 0.0000000000
76320  25.609  -18.905  54.245 0.0000000000
76335  25.513  -18.938  53.988 0.0000000000
76354  27.262  -17.989  52.479 0.0000000000
76379  26.021  -19.116  51.588 0.0000000000
76401  30.306  -19.148  50.349 0.0000000000
77678  28.713  -18.227  63.221 0.0000000000
77682  15.999  -18.433  63.212 0.0000000000
77739  30.400  -16.450  59.620 0.0000000000
77741  27.328  -18.984  60.078 0.0000000000
77746  17.029  -18.230  60.948 0.0000000000
77772  18.867  -18.586  59.789 0.0000000000
77840  29.574  -17.468  56.015 0.0000000000
77853  29.214  -17.587  55.688 0.0000000000
77870  25.786  -18.726  54.238 0.0000000000
77892  25.666  -18.759  54.024 0.0000000000
77917  26.618  -18.303  52.747 0.0000000000
78025  31.982  -18.326  48.760 0.0000000000
79401  16.903  -17.710  60.817 0.0000000000
79416  20.443  -17.833  60.054 0.0000000000
79635  30.960  -17.998  47.250 0.0000000000
80957  18.858  -16.484  61.372 0.0000000000
81151  30.389  -16.364  47.897 0.0000000000
81169  30.678  -17.247  47.790 0.0000000000
81170  30.228  -16.787  47.406 0.0000000000
82482  18.617  -16.079  62.147 0.0000000000
82484  17.431  -15.861  61.549 0.0000000000
82701  42.200  -12.076  46.279 0.0000000000
82711  43.154  -12.547  46.187 0.0000000000
82714  41.264  -12.317  45.421 0.0000000000
82718  30.449  -15.213  47.185 0.0000000000
82725  43.307  -12.633  45.816 0.0000000000
82726  42.776  -12.585  45.716 0.0000000000
82728  41.570  -12.524  45.285 0.0000000000
82734  29.939  -15.797  45.858 0.0000000000
82743  42.628  -12.659  45.198 0.0000000000
82745  41.453  -12.841  44.865 0.0000000000
82746  41.040  -12.940  44.671 0.0000000000
82747  40.710  -13.056  44.567 0.0000000000
82765  42.377  -12.787  44.831 0.0000000000
82766  41.961  -12.929  44.637 0.0000000000
82768  41.011  -13.301  44.428 0.0000000000
82769  40.800  -13.417  44.276 0.0000000000
82786  41.062  -13.429  44.229 0.0000000000
82787  41.044  -13.664  44.222 0.0000000000
82788  40.929  -13.666  44.041 0.0000000000
83997  16.796  -15.272  61.942 0.0000000000
84211  33.192  -12.939  49.207 0.0000000000
84238  44.779  -12.495  45.977 0.0000000000
84244  30.461  -14.829  46.410 0.0000000000
84257  43.881  -12.440  45.444 0.0000000000
84258  43.542  -12.561  45.539 0.0000000000
84259  40.927  -12.363  45.334 0.0000000000
84277  42.742  -12.717  44.842 0.0000000000
84290  43.182  -12.673  44.423 0.0000000000
84293  41.210  -13.277  43.962 0.0000000000
84294  40.561  -13.325  43.905 0.0000000000
84295  40.434  -13.184  44.295 0.0000000000
84296  37.547  -12.507  42.437 0.0000000000
84310  41.035  -13.509  44.023 0.0000000000
84311  40.875  -13.466  43.942 0.0000000000
85742  45.395  -12.214  45.976 0.0000000000
85765  45.068  -12.257  45.770 0.0000000000
85769  38.479  -11.548  44.534 0.0000000000
85772  31.555  -13.111  45.125 0.0000000000
85773  31.138  -13.504  45.238 0.0000000000
85786  45.318  -11.760  45.576 0.0000000000
85787  44.883  -11.783  45.345 0.0000000000
85790  43.748  -12.342  43.941 0.0000000000
85814  44.827  -11.513  44.971 0.0000000000
85815  44.608  -11.611  44.924 0.0000000000
85816  43.427  -12.576  44.427 0.0000000000
85818  42.465  -12.784  43.880 0.0000000000
85828  31.342  -13.747  43.756 0.0000000000
87237  45.508  -12.208  46.198 0.0000000000
87283  45.500  -11.769  45.771 0.0000000000
87286  44.312  -11.865  44.426 0.0000000000
87307  45.085  -11.366  44.960 0.0000000000
87308  44.680  -11.460  44.589 0.0000000000
87333  41.803  -11.822  43.217 0.0000000000
87356  35.328  -12.524  42.033 0.0000000000
88781  33.851  -11.578  46.513 0.0000000000
88814  37.423  -10.767  45.061 0.0000000000
88844  42.303  -10.831  43.219 0.0000000000
90311  39.213  -9.728  47.556 0.0000000000
90324  35.691  -10.491  46.063 0.0000000000
90332  36.210  -10.452  46.006 0.0000000000
90333  35.952  -10.473  45.855 0.0000000000
90371  39.636  -10.637  41.830 0.0000000000
91815  45.790  -9.631  44.406 0.0000000000
91865  40.938  -9.233  42.084 0.0000000000
93092  44.867  -7.980  43.613 0.0000000000
94234  42.635  -7.644  41.614 0.0000000000
94247  41.852  -7.582  40.388 0.0000000000
95390  43.598  -6.936  41.527 0.0000000000
95397  42.915  -7.036  40.866 0.0000000000
96724  51.634  -4.916  30.793 0.0000000000
97889  50.000  -4.496  40.105 0.0000000000
97952  51.585  -4.109  31.104 0.0000000000
157349  42.998  -11.887  46.979 0.0000000000
157350  43.103  -12.282  46.632 0.0000000000
157356  43.193  -11.999  46.919 0.0000000000
157359  43.727  -12.108  47.088 0.0000000000
