#!ascii label  , from subject sub-01 vox2ras=TkReg
980
56065  24.152  -32.403  69.168 0.0000000000
80988  44.907  -17.246  58.013 0.0000000000
83984  50.757  -14.359  59.968 0.0000000000
70060  40.624  -23.594  67.021 0.0000000000
53147  29.645  -34.876  68.444 0.0000000000
51675  27.807  -36.011  69.964 0.0000000000
84023  47.387  -14.346  60.267 0.0000000000
79302  45.950  -17.211  63.094 0.0000000000
68675  35.442  -25.001  68.748 0.0000000000
54609  34.766  -33.865  68.904 0.0000000000
91694  57.256  -10.032  50.355 0.0000000000
84108  53.653  -14.085  54.709 0.0000000000
73155  38.224  -22.490  63.576 0.0000000000
77628  42.771  -18.615  65.308 0.0000000000
57517  27.463  -32.606  69.872 0.0000000000
54591  26.150  -33.766  69.968 0.0000000000
84036  45.439  -15.950  58.359 0.0000000000
83940  46.564  -15.511  62.949 0.0000000000
82453  44.901  -16.092  62.520 0.0000000000
60862  35.865  -29.373  66.885 0.0000000000
51660  31.218  -36.437  70.095 0.0000000000
53122  32.914  -35.105  68.958 0.0000000000
50283  33.649  -36.550  68.257 0.0000000000
91766  55.514  -10.533  49.503 0.0000000000
91617  56.150  -10.989  52.306 0.0000000000
88627  54.825  -11.232  52.125 0.0000000000
85532  49.992  -14.571  57.798 0.0000000000
82592  51.497  -15.940  54.565 0.0000000000
88531  52.471  -13.607  57.672 0.0000000000
87017  54.166  -14.062  57.711 0.0000000000
82502  51.506  -15.188  58.657 0.0000000000
70046  37.974  -23.607  68.203 0.0000000000
73123  36.616  -22.824  65.189 0.0000000000
74581  38.825  -21.788  66.985 0.0000000000
77651  40.983  -20.587  64.959 0.0000000000
73082  41.611  -21.720  66.814 0.0000000000
73099  43.033  -20.757  65.929 0.0000000000
70079  42.275  -23.546  65.765 0.0000000000
54574  28.859  -34.965  70.292 0.0000000000
82545  48.053  -15.873  57.029 0.0000000000
86927  49.396  -13.777  61.482 0.0000000000
82426  48.403  -15.973  62.159 0.0000000000
77668  47.294  -18.141  62.157 0.0000000000
60806  34.530  -29.864  69.063 0.0000000000
65777  35.544  -26.872  68.817 0.0000000000
65796  36.773  -25.643  68.108 0.0000000000
67281  38.526  -25.375  66.411 0.0000000000
65833  41.214  -26.344  65.580 0.0000000000
57556  34.337  -30.868  67.815 0.0000000000
56056  36.377  -32.660  68.733 0.0000000000
88699  57.960  -11.482  49.560 0.0000000000
85650  53.215  -13.427  51.734 0.0000000000
87074  54.812  -12.754  54.987 0.0000000000
82526  54.847  -16.085  56.528 0.0000000000
79359  43.722  -18.353  61.688 0.0000000000
79261  44.324  -18.105  64.767 0.0000000000
74648  43.776  -20.216  63.656 0.0000000000
54593  24.173  -33.294  69.414 0.0000000000
56064  25.274  -32.549  69.304 0.0000000000
54592  25.202  -33.591  69.558 0.0000000000
82518  45.212  -16.680  58.554 0.0000000000
84006  45.465  -15.749  60.936 0.0000000000
80967  45.165  -17.114  60.342 0.0000000000
50264  32.437  -36.688  69.320 0.0000000000
90287  54.539  -11.438  49.260 0.0000000000
90189  55.249  -10.712  51.282 0.0000000000
88674  54.556  -11.493  50.769 0.0000000000
88508  50.568  -13.739  59.013 0.0000000000
85531  51.003  -14.372  57.471 0.0000000000
86973  51.965  -13.815  59.409 0.0000000000
84019  52.625  -14.340  58.653 0.0000000000
68671  39.077  -23.831  68.028 0.0000000000
73070  38.377  -22.420  67.795 0.0000000000
73068  39.918  -22.184  67.485 0.0000000000
74579  40.542  -21.472  66.756 0.0000000000
71540  40.963  -22.630  66.846 0.0000000000
71539  42.006  -22.330  66.637 0.0000000000
70059  41.379  -23.423  66.613 0.0000000000
57494  28.044  -33.539  69.962 0.0000000000
53087  28.071  -35.247  70.658 0.0000000000
50254  28.987  -36.411  70.777 0.0000000000
85562  46.752  -15.462  57.421 0.0000000000
82569  47.238  -16.322  56.607 0.0000000000
85534  47.922  -14.901  58.283 0.0000000000
85510  48.401  -14.230  58.808 0.0000000000
86943  48.280  -14.024  60.924 0.0000000000
85422  48.632  -14.681  62.066 0.0000000000
85423  47.936  -14.807  62.370 0.0000000000
80892  46.305  -16.360  63.278 0.0000000000
80913  47.268  -16.824  62.781 0.0000000000
79301  46.848  -17.345  62.728 0.0000000000
77691  46.584  -18.607  61.800 0.0000000000
77692  45.378  -18.587  62.323 0.0000000000
60803  35.904  -30.027  69.149 0.0000000000
62465  34.977  -28.086  69.044 0.0000000000
62463  35.953  -29.606  68.734 0.0000000000
64234  36.154  -27.517  66.928 0.0000000000
67265  37.630  -25.102  67.365 0.0000000000
53121  33.707  -34.827  69.224 0.0000000000
54628  34.288  -34.184  68.251 0.0000000000
56060  34.634  -32.434  68.581 0.0000000000
56037  35.014  -31.984  69.069 0.0000000000
56058  35.092  -32.830  68.726 0.0000000000
91764  57.140  -10.249  49.175 0.0000000000
90221  58.047  -10.293  50.111 0.0000000000
87072  55.671  -13.109  54.212 0.0000000000
84109  52.901  -14.599  54.912 0.0000000000
82628  51.968  -15.325  52.674 0.0000000000
84152  52.880  -14.713  52.949 0.0000000000
85651  52.706  -13.894  51.227 0.0000000000
84151  53.444  -14.158  53.195 0.0000000000
85617  54.453  -12.983  53.955 0.0000000000
85581  54.280  -13.259  55.223 0.0000000000
82513  53.630  -15.382  57.186 0.0000000000
84048  53.923  -14.741  57.106 0.0000000000
68695  34.716  -25.667  67.667 0.0000000000
68711  35.139  -24.654  66.129 0.0000000000
74638  37.475  -22.335  64.372 0.0000000000
73156  35.976  -22.601  63.529 0.0000000000
79281  42.051  -19.361  64.962 0.0000000000
74670  41.440  -20.965  62.824 0.0000000000
76125  42.383  -19.295  63.347 0.0000000000
76160  43.173  -19.414  61.275 0.0000000000
79304  43.341  -18.058  63.511 0.0000000000
80918  43.730  -17.504  63.980 0.0000000000
79263  43.387  -18.025  65.064 0.0000000000
71597  42.950  -22.117  64.986 0.0000000000
74632  43.592  -20.138  64.615 0.0000000000
71655  43.109  -22.224  63.408 0.0000000000
73213  43.727  -21.331  62.009 0.0000000000
56042  26.724  -33.021  70.264 0.0000000000
53104  26.572  -34.503  70.027 0.0000000000
51676  27.178  -35.640  69.588 0.0000000000
53127  26.382  -34.794  69.515 0.0000000000
85498  46.703  -14.635  59.741 0.0000000000
85449  46.908  -14.566  62.016 0.0000000000
85470  45.901  -15.126  61.303 0.0000000000
83968  45.394  -15.806  62.958 0.0000000000
80893  45.481  -16.558  63.695 0.0000000000
53101  29.924  -35.160  69.827 0.0000000000
53146  30.597  -35.413  68.602 0.0000000000
53083  32.132  -35.792  69.553 0.0000000000
51639  33.165  -35.783  69.416 0.0000000000
51656  34.227  -35.259  69.397 0.0000000000
53141  35.252  -34.945  68.218 0.0000000000
51698  34.875  -36.104  67.419 0.0000000000
91695  56.724  -9.914  50.580 0.0000000000
91663  56.475  -10.282  51.143 0.0000000000
91664  55.997  -10.374  51.223 0.0000000000
90142  55.489  -10.718  52.378 0.0000000000
87088  55.361  -12.544  53.513 0.0000000000
84112  50.125  -15.500  56.174 0.0000000000
84111  50.709  -15.176  56.105 0.0000000000
84110  51.809  -14.680  55.925 0.0000000000
85557  52.932  -13.812  56.259 0.0000000000
85528  53.647  -13.513  56.296 0.0000000000
86993  53.714  -13.882  58.081 0.0000000000
84035  52.902  -14.555  58.176 0.0000000000
70047  36.782  -23.897  68.463 0.0000000000
71545  36.467  -23.402  66.858 0.0000000000
73072  37.127  -22.858  67.445 0.0000000000
74583  37.631  -22.439  66.543 0.0000000000
74621  38.402  -21.934  65.025 0.0000000000
73153  39.674  -21.736  63.691 0.0000000000
74601  39.852  -21.166  65.939 0.0000000000
76051  41.137  -20.926  66.327 0.0000000000
76067  42.143  -20.081  66.037 0.0000000000
76065  43.276  -20.107  66.173 0.0000000000
73080  43.020  -21.224  66.749 0.0000000000
73101  42.418  -21.991  65.808 0.0000000000
70097  42.499  -23.603  65.083 0.0000000000
57558  27.597  -32.472  68.187 0.0000000000
56082  28.286  -33.271  68.410 0.0000000000
54611  28.952  -34.441  69.159 0.0000000000
51643  29.673  -35.969  70.613 0.0000000000
47614  30.401  -37.433  69.643 0.0000000000
84051  49.134  -14.878  57.681 0.0000000000
88509  49.821  -13.690  59.339 0.0000000000
86925  50.161  -14.075  61.042 0.0000000000
83967  49.317  -15.075  61.536 0.0000000000
82451  49.094  -15.791  61.654 0.0000000000
79298  49.074  -17.443  62.381 0.0000000000
83914  47.485  -15.728  62.608 0.0000000000
80912  48.016  -16.757  62.486 0.0000000000
62484  33.908  -28.845  67.991 0.0000000000
65799  34.148  -27.735  68.142 0.0000000000
65765  34.419  -26.322  69.004 0.0000000000
67239  35.379  -25.819  69.210 0.0000000000
62483  35.819  -29.044  68.202 0.0000000000
65797  36.313  -26.398  68.242 0.0000000000
68674  36.555  -24.772  68.876 0.0000000000
68673  37.404  -24.503  68.212 0.0000000000
68691  38.101  -24.562  67.667 0.0000000000
67263  39.420  -24.936  66.749 0.0000000000
67262  40.391  -25.128  66.487 0.0000000000
67280  39.797  -25.506  65.942 0.0000000000
59113  34.320  -30.211  68.641 0.0000000000
59110  34.729  -30.509  69.507 0.0000000000
57532  36.431  -31.783  68.638 0.0000000000
53139  36.634  -34.111  67.982 0.0000000000
56098  36.948  -32.755  67.859 0.0000000000
88698  58.754  -11.422  49.208 0.0000000000
87138  53.803  -12.380  50.948 0.0000000000
88628  54.323  -11.827  52.135 0.0000000000
87089  54.918  -12.481  53.852 0.0000000000
87054  55.453  -13.395  55.279 0.0000000000
88528  54.529  -13.736  56.628 0.0000000000
85553  54.841  -14.406  56.041 0.0000000000
84107  55.298  -15.312  55.623 0.0000000000
70119  35.702  -23.462  64.754 0.0000000000
76172  44.092  -19.202  59.966 0.0000000000
79386  44.656  -17.814  60.505 0.0000000000
80935  44.281  -17.045  62.519 0.0000000000
80894  44.689  -16.806  64.051 0.0000000000
79278  44.696  -17.462  64.253 0.0000000000
76064  43.463  -19.852  65.671 0.0000000000
77647  44.358  -18.756  64.427 0.0000000000
77693  44.569  -18.853  63.093 0.0000000000
76159  44.380  -19.778  62.146 0.0000000000
68709  41.441  -25.241  66.119 0.0000000000
67297  42.048  -25.398  65.521 0.0000000000
56045  23.227  -32.410  69.715 0.0000000000
56066  23.433  -31.934  69.493 0.0000000000
56044  24.591  -32.940  69.536 0.0000000000
82504  45.357  -16.635  59.581 0.0000000000
80980  45.197  -17.307  59.014 0.0000000000
90225  54.643  -11.400  50.242 0.0000000000
88702  54.100  -11.941  49.385 0.0000000000
86938  50.968  -13.957  60.103 0.0000000000
88450  51.361  -13.790  59.528 0.0000000000
85480  51.554  -13.906  59.808 0.0000000000
84001  51.808  -14.338  59.363 0.0000000000
84002  51.237  -14.550  59.422 0.0000000000
70044  39.619  -23.450  67.787 0.0000000000
71522  39.475  -22.759  67.996 0.0000000000
71521  40.296  -22.686  67.438 0.0000000000
71520  40.679  -22.317  67.056 0.0000000000
71541  40.542  -23.043  67.194 0.0000000000
54589  27.755  -34.571  70.435 0.0000000000
54575  27.937  -34.774  70.559 0.0000000000
53102  27.994  -35.052  70.594 0.0000000000
50267  28.224  -36.325  70.151 0.0000000000
85535  47.148  -15.227  58.145 0.0000000000
85511  47.511  -14.445  58.966 0.0000000000
86976  47.943  -14.016  59.710 0.0000000000
86944  48.171  -14.123  60.797 0.0000000000
85467  48.271  -14.186  61.649 0.0000000000
85468  47.519  -14.326  61.211 0.0000000000
80915  45.944  -16.717  63.342 0.0000000000
80914  46.568  -16.752  63.082 0.0000000000
77669  46.135  -17.828  62.496 0.0000000000
60819  36.140  -30.096  68.895 0.0000000000
60820  35.864  -29.588  68.966 0.0000000000
60832  36.170  -30.196  68.637 0.0000000000
54587  33.774  -34.291  69.339 0.0000000000
54610  34.612  -34.129  68.757 0.0000000000
56081  34.477  -32.790  68.121 0.0000000000
56059  34.760  -32.742  68.627 0.0000000000
54608  35.102  -33.808  68.964 0.0000000000
91731  57.646  -10.077  49.569 0.0000000000
91693  58.133  -10.045  49.728 0.0000000000
90222  57.201  -10.397  50.528 0.0000000000
84137  52.978  -14.747  53.780 0.0000000000
84136  53.636  -14.175  54.077 0.0000000000
85599  54.106  -13.625  54.394 0.0000000000
85582  53.692  -13.813  55.335 0.0000000000
80984  53.005  -16.079  57.424 0.0000000000
80983  53.526  -15.995  57.135 0.0000000000
68693  35.324  -25.057  68.240 0.0000000000
70082  34.903  -25.137  67.395 0.0000000000
70081  35.131  -24.598  67.088 0.0000000000
74654  37.971  -22.369  63.900 0.0000000000
73189  37.688  -22.754  63.309 0.0000000000
77629  42.355  -19.007  65.250 0.0000000000
77673  42.176  -19.436  64.219 0.0000000000
77672  42.642  -18.654  64.011 0.0000000000
77648  42.688  -18.462  64.811 0.0000000000
79264  43.227  -18.048  64.865 0.0000000000
77627  43.080  -18.621  65.431 0.0000000000
71624  42.701  -22.881  64.017 0.0000000000
71623  43.099  -22.211  64.281 0.0000000000
71656  42.648  -22.972  63.220 0.0000000000
71683  43.163  -22.293  62.243 0.0000000000
56063  26.132  -32.696  69.535 0.0000000000
53105  25.799  -34.154  69.552 0.0000000000
84054  45.437  -15.655  57.283 0.0000000000
85513  45.971  -15.372  58.044 0.0000000000
85499  46.119  -15.414  59.113 0.0000000000
85485  45.836  -15.073  60.222 0.0000000000
83988  45.273  -15.622  61.850 0.0000000000
82452  45.102  -16.022  62.957 0.0000000000
82406  45.439  -15.995  63.903 0.0000000000
82407  44.907  -16.089  63.807 0.0000000000
51642  30.611  -35.973  70.270 0.0000000000
53100  30.895  -35.587  69.697 0.0000000000
51641  31.603  -35.966  70.019 0.0000000000
50274  32.862  -36.822  68.869 0.0000000000
51658  32.759  -36.118  69.486 0.0000000000
50263  33.125  -36.340  69.061 0.0000000000
51657  33.428  -35.694  69.251 0.0000000000
51674  33.926  -35.990  68.580 0.0000000000
51684  34.645  -35.616  67.971 0.0000000000
90285  55.621  -10.588  48.802 0.0000000000
91765  56.302  -10.329  49.348 0.0000000000
91733  56.127  -10.263  49.983 0.0000000000
91696  55.914  -10.260  50.615 0.0000000000
88649  54.753  -11.237  51.446 0.0000000000
90162  55.133  -10.785  51.808 0.0000000000
90143  55.178  -10.964  52.281 0.0000000000
88609  55.374  -11.910  52.792 0.0000000000
88610  54.912  -11.736  52.700 0.0000000000
84080  49.895  -15.194  56.995 0.0000000000
82566  50.454  -15.871  55.617 0.0000000000
85559  50.469  -14.667  57.254 0.0000000000
87020  51.827  -13.871  57.427 0.0000000000
85530  51.692  -14.260  57.072 0.0000000000
87040  52.087  -14.072  57.034 0.0000000000
85558  52.180  -14.201  56.501 0.0000000000
87039  52.379  -13.901  56.849 0.0000000000
87019  52.810  -13.649  56.904 0.0000000000
88505  53.030  -13.614  57.749 0.0000000000
84020  52.216  -14.527  58.805 0.0000000000
82501  52.000  -14.991  58.434 0.0000000000
82514  52.925  -15.084  57.783 0.0000000000
82515  52.263  -15.343  57.992 0.0000000000
71525  37.008  -23.161  67.862 0.0000000000
71524  37.721  -23.060  68.081 0.0000000000
74559  39.009  -21.867  67.413 0.0000000000
74560  38.358  -22.305  67.250 0.0000000000
73104  38.021  -21.760  65.914 0.0000000000
73103  38.649  -21.588  66.093 0.0000000000
74619  39.560  -21.331  65.553 0.0000000000
73102  39.328  -21.411  66.136 0.0000000000
73083  40.997  -21.650  66.755 0.0000000000
74578  41.498  -20.982  66.607 0.0000000000
76068  41.708  -20.396  66.003 0.0000000000
74600  41.847  -20.483  66.334 0.0000000000
74598  42.758  -20.485  66.401 0.0000000000
73081  42.554  -21.512  66.940 0.0000000000
70058  41.923  -23.403  66.308 0.0000000000
71560  42.209  -22.379  66.097 0.0000000000
71577  42.527  -22.530  65.414 0.0000000000
57559  26.932  -31.944  67.871 0.0000000000
57577  27.354  -32.182  67.070 0.0000000000
56022  28.203  -34.391  70.021 0.0000000000
57515  28.163  -33.465  69.658 0.0000000000
56040  28.420  -34.148  69.638 0.0000000000
56062  28.390  -33.703  69.137 0.0000000000
56021  28.624  -34.542  69.874 0.0000000000
54573  29.241  -34.911  70.107 0.0000000000
53086  29.061  -35.451  70.604 0.0000000000
82546  47.473  -15.812  57.049 0.0000000000
82568  48.447  -16.357  56.415 0.0000000000
84081  48.655  -15.373  57.350 0.0000000000
88454  48.872  -13.660  60.525 0.0000000000
86997  49.000  -13.665  59.073 0.0000000000
88453  49.444  -13.709  60.419 0.0000000000
88452  49.963  -13.964  60.143 0.0000000000
86926  50.078  -14.039  61.200 0.0000000000
85445  49.745  -14.303  61.374 0.0000000000
83937  48.864  -15.124  61.881 0.0000000000
80911  48.872  -16.771  62.291 0.0000000000
85425  46.400  -14.963  62.564 0.0000000000
83939  47.409  -15.331  62.700 0.0000000000
83915  46.989  -15.802  62.789 0.0000000000
79300  47.707  -17.525  62.491 0.0000000000
77667  48.019  -18.363  62.324 0.0000000000
62468  33.882  -28.950  68.148 0.0000000000
64217  33.790  -28.348  67.601 0.0000000000
64168  34.289  -28.535  68.476 0.0000000000
64181  35.143  -27.829  68.953 0.0000000000
65779  34.646  -26.887  68.962 0.0000000000
65778  35.139  -26.760  69.191 0.0000000000
67227  34.692  -25.956  69.417 0.0000000000
67226  35.082  -26.026  69.541 0.0000000000
60848  36.000  -29.682  67.691 0.0000000000
62498  35.865  -28.590  67.380 0.0000000000
65814  36.514  -26.568  67.295 0.0000000000
64215  36.017  -27.644  67.763 0.0000000000
67238  36.090  -25.662  68.931 0.0000000000
67252  36.715  -25.338  68.445 0.0000000000
67251  37.176  -25.184  67.962 0.0000000000
67282  37.997  -25.203  66.859 0.0000000000
67264  38.470  -24.870  67.086 0.0000000000
68690  39.138  -24.228  67.463 0.0000000000
53145  31.695  -35.489  68.631 0.0000000000
53159  31.423  -35.416  67.968 0.0000000000
53158  32.402  -35.114  67.802 0.0000000000
57555  34.364  -31.808  67.914 0.0000000000
57575  34.282  -31.560  67.450 0.0000000000
57576  34.345  -30.512  67.510 0.0000000000
59140  34.200  -29.872  67.832 0.0000000000
59126  34.273  -30.077  68.353 0.0000000000
56036  35.467  -32.099  69.120 0.0000000000
57511  35.246  -31.288  69.323 0.0000000000
57510  35.769  -31.488  69.091 0.0000000000
59108  35.941  -30.876  68.833 0.0000000000
57509  36.237  -31.935  69.086 0.0000000000
53140  36.144  -34.328  68.156 0.0000000000
56099  36.768  -32.592  67.687 0.0000000000
88670  58.063  -10.827  50.028 0.0000000000
91634  56.239  -10.747  51.907 0.0000000000
81040  51.327  -16.349  54.084 0.0000000000
81061  51.118  -16.464  53.724 0.0000000000
82611  51.064  -16.269  53.255 0.0000000000
87122  53.207  -13.211  51.305 0.0000000000
87139  53.309  -12.909  50.589 0.0000000000
87121  53.620  -12.651  51.658 0.0000000000
87090  54.460  -12.473  53.262 0.0000000000
87073  55.275  -12.765  54.603 0.0000000000
87055  55.122  -12.846  55.447 0.0000000000
88503  54.243  -13.780  57.239 0.0000000000
88552  54.361  -13.487  56.286 0.0000000000
87016  54.413  -13.969  57.319 0.0000000000
82527  54.256  -15.744  56.700 0.0000000000
84046  54.605  -14.504  56.393 0.0000000000
84076  54.676  -14.996  56.090 0.0000000000
85554  55.152  -14.868  55.616 0.0000000000
82542  55.205  -15.898  56.110 0.0000000000
70098  35.650  -23.795  65.378 0.0000000000
71578  36.010  -23.139  64.938 0.0000000000
74652  40.035  -21.297  64.210 0.0000000000
74688  42.103  -20.884  62.075 0.0000000000
77729  43.478  -18.881  61.123 0.0000000000
77728  44.034  -18.768  60.470 0.0000000000
77755  44.668  -18.616  59.523 0.0000000000
79387  44.064  -18.318  61.135 0.0000000000
79357  44.757  -17.449  61.123 0.0000000000
79329  44.103  -17.504  62.277 0.0000000000
80874  44.107  -17.385  64.583 0.0000000000
80895  44.088  -17.312  64.365 0.0000000000
79279  44.282  -17.345  64.413 0.0000000000
77646  44.464  -18.186  64.581 0.0000000000
76048  43.397  -20.559  66.550 0.0000000000
74616  43.438  -20.250  65.460 0.0000000000
76101  44.067  -19.454  64.218 0.0000000000
77671  44.489  -18.884  63.839 0.0000000000
76124  44.270  -19.411  63.585 0.0000000000
76144  44.661  -19.177  62.376 0.0000000000
76145  44.276  -19.670  62.923 0.0000000000
73243  44.335  -21.319  61.003 0.0000000000
67279  40.763  -25.681  65.945 0.0000000000
67261  41.049  -25.357  66.294 0.0000000000
67278  41.359  -25.833  65.911 0.0000000000
56043  25.688  -33.124  69.688 0.0000000000
84055  44.823  -16.098  57.329 0.0000000000
84025  45.509  -15.900  59.701 0.0000000000
82517  45.458  -16.316  59.042 0.0000000000
82489  45.296  -16.444  60.635 0.0000000000
82473  44.917  -16.309  61.728 0.0000000000
48937  31.560  -37.202  69.604 0.0000000000
50265  31.747  -36.811  69.757 0.0000000000
48952  32.437  -37.292  68.862 0.0000000000
48977  32.844  -37.419  68.401 0.0000000000
90258  55.008  -11.096  49.779 0.0000000000
91734  55.504  -10.538  50.244 0.0000000000
86995  50.548  -13.885  58.665 0.0000000000
88533  50.968  -13.844  58.579 0.0000000000
88507  51.378  -13.676  58.722 0.0000000000
88506  52.199  -13.528  58.343 0.0000000000
88476  52.639  -13.676  58.480 0.0000000000
85495  52.332  -14.025  59.242 0.0000000000
84000  52.227  -14.298  59.106 0.0000000000
70045  38.905  -23.422  68.272 0.0000000000
71523  38.599  -22.848  68.207 0.0000000000
73069  39.189  -22.227  67.810 0.0000000000
74558  39.770  -21.785  67.251 0.0000000000
74580  39.755  -21.438  66.626 0.0000000000
74557  40.196  -21.836  67.159 0.0000000000
73066  40.922  -22.056  66.858 0.0000000000
68687  41.662  -24.040  66.528 0.0000000000
57536  27.674  -32.802  69.161 0.0000000000
56023  27.865  -33.899  70.230 0.0000000000
56013  27.999  -34.640  70.390 0.0000000000
54563  28.052  -34.960  70.615 0.0000000000
51644  28.967  -35.925  70.800 0.0000000000
51645  28.465  -35.703  70.627 0.0000000000
84084  46.340  -15.610  56.795 0.0000000000
84083  46.999  -15.571  57.161 0.0000000000
85561  47.347  -15.411  57.751 0.0000000000
84053  47.787  -15.290  57.899 0.0000000000
84052  48.329  -15.089  57.895 0.0000000000
86975  48.403  -13.814  59.802 0.0000000000
86929  48.814  -13.497  61.024 0.0000000000
85446  49.210  -14.125  61.820 0.0000000000
85466  48.787  -13.956  61.960 0.0000000000
83938  48.093  -15.363  62.399 0.0000000000
82404  46.667  -16.108  62.973 0.0000000000
80891  46.894  -16.398  62.888 0.0000000000
77690  47.265  -18.620  61.930 0.0000000000
77710  45.872  -18.940  61.609 0.0000000000
60804  35.355  -29.778  69.278 0.0000000000
62467  34.668  -28.709  68.965 0.0000000000
62445  35.080  -28.807  69.069 0.0000000000
64165  35.477  -28.787  68.688 0.0000000000
64180  35.431  -28.314  68.680 0.0000000000
65813  36.924  -25.726  67.618 0.0000000000
65836  37.428  -25.736  66.649 0.0000000000
53144  32.981  -35.114  68.571 0.0000000000
53143  33.709  -34.668  68.846 0.0000000000
54645  34.076  -33.967  67.601 0.0000000000
56101  34.209  -32.786  67.516 0.0000000000
57533  34.431  -31.828  68.554 0.0000000000
56039  34.439  -31.349  69.117 0.0000000000
56038  34.568  -31.725  69.004 0.0000000000
56057  35.687  -32.821  68.784 0.0000000000
91692  58.455  -10.338  49.244 0.0000000000
88669  58.415  -10.803  49.922 0.0000000000
88671  57.352  -11.066  50.345 0.0000000000
88608  55.678  -11.932  52.702 0.0000000000
82564  52.020  -15.296  55.066 0.0000000000
82610  51.626  -15.917  53.523 0.0000000000
82591  52.342  -15.401  54.219 0.0000000000
82609  52.419  -15.237  53.315 0.0000000000
84161  52.511  -14.588  52.196 0.0000000000
84160  53.151  -14.229  52.534 0.0000000000
85636  53.463  -13.444  52.487 0.0000000000
87105  53.935  -12.522  52.705 0.0000000000
85618  53.967  -13.320  53.455 0.0000000000
85598  54.439  -13.109  54.698 0.0000000000
84034  53.395  -14.571  57.820 0.0000000000
67266  34.403  -26.408  67.976 0.0000000000
74623  37.033  -22.456  64.741 0.0000000000
73137  36.339  -22.577  64.377 0.0000000000
74656  36.528  -22.377  63.857 0.0000000000
74674  36.519  -22.484  63.435 0.0000000000
77650  41.790  -19.827  64.880 0.0000000000
74633  41.494  -20.489  63.951 0.0000000000
76126  41.916  -20.102  63.696 0.0000000000
76147  42.334  -19.827  62.645 0.0000000000
76161  42.686  -19.898  61.535 0.0000000000
77712  42.712  -19.324  62.284 0.0000000000
77694  42.737  -18.734  62.816 0.0000000000
80936  43.800  -17.404  63.217 0.0000000000
80896  43.629  -17.680  64.682 0.0000000000
79262  43.998  -17.884  64.924 0.0000000000
73117  42.945  -21.468  65.387 0.0000000000
73116  43.368  -20.850  65.092 0.0000000000
73136  43.298  -21.529  64.662 0.0000000000
73151  43.442  -21.494  63.788 0.0000000000
74649  43.531  -20.956  63.219 0.0000000000
73183  43.628  -21.133  62.516 0.0000000000
73184  43.498  -21.551  62.800 0.0000000000
57537  26.979  -32.470  68.853 0.0000000000
57518  26.712  -32.556  69.543 0.0000000000
56024  27.453  -33.618  70.416 0.0000000000
54590  27.107  -34.070  70.397 0.0000000000
51662  27.454  -35.269  69.963 0.0000000000
53126  27.015  -35.006  69.851 0.0000000000
85563  46.208  -15.451  57.107 0.0000000000
85512  46.680  -15.056  58.595 0.0000000000
83986  46.957  -14.384  60.909 0.0000000000
83987  46.693  -14.529  60.857 0.0000000000
85450  46.198  -14.886  61.962 0.0000000000
85427  45.639  -15.335  62.344 0.0000000000
83941  45.801  -15.487  62.875 0.0000000000
82405  46.203  -15.981  63.470 0.0000000000
79303  45.424  -17.148  63.647 0.0000000000
59139  36.299  -30.632  67.818 0.0000000000
53125  29.796  -35.036  69.269 0.0000000000
53124  30.765  -35.520  69.307 0.0000000000
53123  31.930  -35.627  69.153 0.0000000000
53099  31.998  -35.694  69.387 0.0000000000
51659  32.024  -36.326  69.778 0.0000000000
51640  32.364  -35.964  69.635 0.0000000000
53098  32.994  -35.495  69.234 0.0000000000
53097  33.756  -35.170  69.528 0.0000000000
53096  34.637  -34.904  69.871 0.0000000000
54585  34.756  -34.593  69.427 0.0000000000
51672  34.942  -34.802  69.135 0.0000000000
53142  34.947  -35.208  68.168 0.0000000000
51697  35.380  -35.748  67.489 0.0000000000
91732  56.932  -10.166  49.896 0.0000000000
92992  56.810  -9.623  50.733 0.0000000000
92975  57.058  -9.425  51.054 0.0000000000
92977  56.727  -10.032  50.851 0.0000000000
91635  56.013  -10.568  51.887 0.0000000000
91665  55.563  -10.503  51.243 0.0000000000
90161  55.572  -10.658  51.896 0.0000000000
90141  55.843  -11.280  52.446 0.0000000000
81020  50.545  -16.320  55.116 0.0000000000
82593  50.922  -16.100  55.061 0.0000000000
82565  51.242  -15.502  55.400 0.0000000000
84049  51.236  -14.453  57.024 0.0000000000
84078  51.570  -14.428  56.659 0.0000000000
85584  52.202  -14.340  56.114 0.0000000000
85583  52.636  -14.237  55.877 0.0000000000
85529  53.344  -13.614  56.399 0.0000000000
88530  53.380  -13.611  57.181 0.0000000000
85494  53.052  -13.995  58.686 0.0000000000
85508  53.421  -14.156  58.190 0.0000000000
70048  35.831  -24.355  68.966 0.0000000000
70063  35.809  -24.116  67.887 0.0000000000
70062  36.524  -23.593  68.031 0.0000000000
71526  36.841  -23.084  67.368 0.0000000000
73088  37.133  -22.770  66.869 0.0000000000
73071  37.632  -22.682  67.460 0.0000000000
73087  37.568  -22.632  66.986 0.0000000000
74584  37.308  -22.617  66.122 0.0000000000
74603  37.538  -22.136  65.847 0.0000000000
74637  38.298  -22.107  64.625 0.0000000000
73154  38.811  -22.196  63.651 0.0000000000
76130  38.880  -21.837  64.431 0.0000000000
76105  39.412  -21.480  64.887 0.0000000000
76085  40.244  -21.025  65.388 0.0000000000
76052  40.567  -21.166  66.441 0.0000000000
76069  40.824  -20.885  66.007 0.0000000000
77609  41.231  -20.593  65.535 0.0000000000
77608  41.869  -20.146  65.707 0.0000000000
77607  42.325  -19.575  65.672 0.0000000000
77606  42.670  -19.281  65.681 0.0000000000
76066  42.679  -19.856  66.122 0.0000000000
76049  43.580  -20.632  66.719 0.0000000000
73079  43.374  -21.007  66.584 0.0000000000
71538  42.704  -21.835  66.921 0.0000000000
73100  42.638  -21.412  66.176 0.0000000000
71576  42.760  -21.977  65.328 0.0000000000
71598  42.676  -22.807  64.712 0.0000000000
53161  29.523  -34.617  67.455 0.0000000000
57557  27.909  -32.891  68.668 0.0000000000
54647  28.680  -33.715  67.373 0.0000000000
54630  28.840  -34.110  68.360 0.0000000000
53085  29.878  -35.420  70.216 0.0000000000
50252  30.318  -36.593  70.372 0.0000000000
50253  29.523  -36.515  70.734 0.0000000000
48928  29.995  -36.915  70.611 0.0000000000
48938  30.566  -37.224  69.892 0.0000000000
82567  49.544  -15.990  56.091 0.0000000000
85533  48.901  -14.417  58.340 0.0000000000
87022  49.613  -14.097  58.585 0.0000000000
88479  50.314  -13.799  59.651 0.0000000000
88427  50.471  -13.990  60.250 0.0000000000
85464  50.575  -14.137  60.291 0.0000000000
83985  50.124  -15.064  60.577 0.0000000000
83965  50.280  -14.438  60.621 0.0000000000
83966  49.819  -14.760  61.160 0.0000000000
82450  49.467  -15.229  61.373 0.0000000000
85421  49.193  -14.546  61.774 0.0000000000
85448  47.717  -14.456  62.052 0.0000000000
82427  47.756  -16.043  62.509 0.0000000000
80890  47.408  -16.399  62.641 0.0000000000
79299  48.580  -17.828  62.411 0.0000000000
64236  33.696  -28.527  67.088 0.0000000000
65798  34.231  -27.342  68.211 0.0000000000
64183  34.431  -28.036  68.701 0.0000000000
65780  34.411  -27.055  68.668 0.0000000000
67253  34.452  -26.401  68.664 0.0000000000
68659  34.620  -25.897  68.861 0.0000000000
68658  35.014  -25.639  69.071 0.0000000000
68657  35.541  -25.191  69.196 0.0000000000
60833  36.195  -29.935  68.051 0.0000000000
64197  35.698  -27.860  68.357 0.0000000000
68656  35.990  -25.041  69.412 0.0000000000
70030  35.868  -24.668  69.338 0.0000000000
70029  36.203  -24.478  69.108 0.0000000000
68692  37.565  -24.817  67.805 0.0000000000
68672  38.454  -24.045  68.074 0.0000000000
68689  40.050  -24.317  66.819 0.0000000000
67298  39.439  -25.648  65.367 0.0000000000
65859  40.050  -26.017  65.189 0.0000000000
53160  30.554  -35.291  67.627 0.0000000000
60849  34.092  -29.438  67.664 0.0000000000
60834  33.962  -29.254  68.108 0.0000000000
60807  34.268  -29.694  68.494 0.0000000000
57513  34.409  -30.983  69.096 0.0000000000
59111  34.538  -30.419  69.220 0.0000000000
59109  35.571  -30.634  69.224 0.0000000000
57553  36.554  -31.722  68.227 0.0000000000
53118  35.873  -34.161  68.600 0.0000000000
54607  35.827  -33.581  68.814 0.0000000000
54606  36.323  -33.063  68.763 0.0000000000
53155  36.823  -33.711  67.762 0.0000000000
56079  36.910  -33.249  68.040 0.0000000000
56080  36.786  -32.637  68.255 0.0000000000
88697  59.122  -12.255  48.747 0.0000000000
88675  54.140  -12.050  50.308 0.0000000000
88650  54.244  -11.966  51.214 0.0000000000
88611  54.394  -12.068  52.758 0.0000000000
85579  55.594  -14.580  55.247 0.0000000000
85556  53.805  -13.406  55.955 0.0000000000
85555  54.167  -13.264  55.565 0.0000000000
88574  54.780  -13.190  55.819 0.0000000000
85525  54.579  -14.233  56.767 0.0000000000
87015  54.769  -13.961  56.489 0.0000000000
88573  55.151  -13.172  55.722 0.0000000000
87036  55.116  -13.875  55.823 0.0000000000
82563  55.541  -15.714  55.526 0.0000000000
79445  44.776  -17.933  57.450 0.0000000000
70080  35.664  -23.978  66.434 0.0000000000
68710  35.497  -24.206  65.876 0.0000000000
76173  43.356  -19.793  60.405 0.0000000000
77754  44.701  -18.919  59.148 0.0000000000
79410  44.978  -17.811  59.508 0.0000000000
79385  44.932  -17.349  60.838 0.0000000000
80953  44.967  -17.015  61.272 0.0000000000
82454  44.636  -16.486  62.363 0.0000000000
80917  44.374  -16.905  63.530 0.0000000000
80916  44.714  -16.461  63.722 0.0000000000
77605  43.143  -19.126  65.633 0.0000000000
79247  43.654  -18.635  65.263 0.0000000000
77626  44.011  -18.693  64.991 0.0000000000
76082  43.776  -19.458  64.856 0.0000000000
77625  44.245  -18.334  64.828 0.0000000000
77670  45.057  -18.057  63.584 0.0000000000
76158  45.127  -19.415  61.642 0.0000000000
74687  44.479  -20.406  61.501 0.0000000000
68688  41.103  -24.522  66.595 0.0000000000
68708  41.824  -24.591  66.009 0.0000000000
67277  41.843  -25.767  65.840 0.0000000000
68726  42.260  -24.559  65.363 0.0000000000
47613  30.642  -37.467  69.622 0.0000000000
47628  32.385  -37.537  68.637 0.0000000000
48936  32.084  -37.068  69.435 0.0000000000
48951  32.997  -37.043  68.595 0.0000000000
48953  31.420  -37.508  69.391 0.0000000000
50266  31.057  -36.885  69.979 0.0000000000
50273  33.303  -36.674  68.588 0.0000000000
50302  35.740  -36.028  67.297 0.0000000000
50304  34.532  -36.488  67.539 0.0000000000
51627  28.511  -35.470  70.551 0.0000000000
51628  28.225  -35.415  70.654 0.0000000000
51655  35.100  -35.062  69.521 0.0000000000
51661  27.912  -35.653  70.288 0.0000000000
51673  34.612  -35.085  68.894 0.0000000000
51701  31.397  -35.377  67.449 0.0000000000
53071  28.489  -35.154  70.472 0.0000000000
53072  28.193  -35.135  70.547 0.0000000000
53081  33.456  -35.638  69.384 0.0000000000
53082  32.938  -35.703  69.386 0.0000000000
53084  31.159  -35.682  69.887 0.0000000000
53095  35.207  -34.846  69.664 0.0000000000
53103  27.448  -34.865  70.232 0.0000000000
53119  35.142  -34.495  68.854 0.0000000000
53120  34.908  -35.050  68.407 0.0000000000
53138  37.158  -33.894  67.830 0.0000000000
54562  28.321  -34.994  70.451 0.0000000000
54586  34.356  -34.329  69.741 0.0000000000
54588  29.117  -34.675  69.751 0.0000000000
54625  36.866  -33.597  67.973 0.0000000000
54626  36.648  -33.469  68.333 0.0000000000
54627  36.169  -33.806  68.589 0.0000000000
54643  36.841  -33.440  67.734 0.0000000000
54644  36.731  -33.253  67.334 0.0000000000
56012  28.268  -34.823  70.343 0.0000000000
56034  36.290  -32.253  68.980 0.0000000000
56035  36.043  -32.214  69.080 0.0000000000
56061  34.335  -31.472  68.768 0.0000000000
57493  28.143  -33.994  69.804 0.0000000000
57495  27.914  -33.093  70.169 0.0000000000
57512  34.796  -31.081  69.363 0.0000000000
57514  34.306  -30.950  68.871 0.0000000000
57516  28.045  -32.921  69.774 0.0000000000
57534  34.361  -30.971  68.567 0.0000000000
57535  28.066  -33.118  69.213 0.0000000000
59112  34.344  -30.344  69.061 0.0000000000
59125  36.127  -30.924  68.590 0.0000000000
60802  36.270  -30.263  69.171 0.0000000000
60805  34.810  -29.706  69.255 0.0000000000
60821  34.024  -29.613  68.247 0.0000000000
60864  33.998  -29.249  66.918 0.0000000000
62444  35.533  -29.154  68.903 0.0000000000
62446  34.822  -28.912  69.048 0.0000000000
62447  34.415  -29.142  68.675 0.0000000000
62448  34.044  -29.014  68.173 0.0000000000
62464  35.639  -28.989  68.612 0.0000000000
62466  34.927  -28.381  69.156 0.0000000000
62482  36.058  -29.723  68.535 0.0000000000
62499  33.819  -28.871  67.397 0.0000000000
64166  35.336  -28.613  68.814 0.0000000000
64167  34.603  -28.535  68.917 0.0000000000
64182  34.829  -27.600  69.018 0.0000000000
64184  34.160  -28.231  68.318 0.0000000000
64198  34.091  -27.792  68.155 0.0000000000
64199  33.912  -28.021  68.006 0.0000000000
65763  34.856  -26.099  69.463 0.0000000000
65764  34.657  -26.176  69.258 0.0000000000
65781  34.218  -27.668  68.307 0.0000000000
67228  34.469  -26.020  69.360 0.0000000000
67240  35.005  -25.823  69.388 0.0000000000
67241  34.485  -25.995  69.106 0.0000000000
68676  35.008  -25.562  68.641 0.0000000000
68677  34.620  -25.885  68.413 0.0000000000
68694  34.988  -25.462  68.075 0.0000000000
68712  34.719  -25.265  66.881 0.0000000000
68727  35.440  -24.334  65.554 0.0000000000
70043  40.198  -23.305  67.368 0.0000000000
70061  39.876  -23.744  67.239 0.0000000000
70064  35.200  -24.969  67.709 0.0000000000
70065  34.957  -25.327  67.686 0.0000000000
70099  35.485  -24.207  65.162 0.0000000000
71542  38.467  -21.668  66.226 0.0000000000
71543  38.304  -21.779  66.310 0.0000000000
71544  36.542  -23.444  67.633 0.0000000000
71559  42.510  -21.797  66.657 0.0000000000
71561  38.316  -21.664  66.033 0.0000000000
71562  38.121  -21.762  66.150 0.0000000000
71563  36.253  -23.394  65.769 0.0000000000
73067  40.501  -22.008  67.066 0.0000000000
73084  39.047  -21.550  66.528 0.0000000000
73085  38.511  -21.764  66.498 0.0000000000
73086  38.096  -21.902  66.345 0.0000000000
73105  37.780  -21.945  65.539 0.0000000000
73106  36.957  -23.071  65.990 0.0000000000
73118  42.616  -21.834  65.595 0.0000000000
73119  39.478  -21.347  65.834 0.0000000000
73120  39.102  -21.482  65.728 0.0000000000
73121  38.519  -21.676  65.546 0.0000000000
73122  38.051  -21.869  65.391 0.0000000000
73135  43.517  -20.866  64.284 0.0000000000
73150  43.542  -20.893  63.746 0.0000000000
73188  38.538  -22.663  63.255 0.0000000000
73214  43.498  -21.727  62.372 0.0000000000
74561  37.911  -22.558  66.982 0.0000000000
74575  43.848  -20.893  66.969 0.0000000000
74576  43.182  -20.864  66.755 0.0000000000
74577  42.309  -20.956  66.771 0.0000000000
74582  38.194  -22.174  66.696 0.0000000000
74597  43.384  -20.584  66.320 0.0000000000
74599  42.186  -20.443  66.393 0.0000000000
74602  37.832  -22.034  66.295 0.0000000000
74604  37.205  -22.556  65.461 0.0000000000
74617  41.860  -20.211  64.061 0.0000000000
74618  41.216  -20.672  64.392 0.0000000000
74620  39.048  -21.598  65.254 0.0000000000
74622  37.726  -22.194  65.098 0.0000000000
74634  41.142  -20.759  64.170 0.0000000000
74635  40.718  -20.945  64.354 0.0000000000
74636  38.792  -21.834  64.910 0.0000000000
74639  36.863  -22.367  64.200 0.0000000000
74650  41.263  -20.797  63.736 0.0000000000
74653  39.128  -21.730  64.041 0.0000000000
74668  43.846  -20.545  62.568 0.0000000000
74669  43.568  -21.058  62.757 0.0000000000
74672  37.310  -22.588  63.418 0.0000000000
76050  41.630  -20.566  66.251 0.0000000000
76083  41.450  -20.436  64.209 0.0000000000
76084  41.279  -20.585  64.274 0.0000000000
76086  39.567  -21.357  65.254 0.0000000000
76102  41.664  -20.262  64.106 0.0000000000
76103  41.381  -20.461  64.473 0.0000000000
76104  40.395  -21.008  64.735 0.0000000000
76106  38.840  -21.833  64.702 0.0000000000
76127  42.044  -19.889  64.083 0.0000000000
76128  40.013  -21.260  64.503 0.0000000000
76129  39.632  -21.426  64.476 0.0000000000
76146  42.507  -19.231  62.814 0.0000000000
76190  44.510  -19.300  58.803 0.0000000000
77604  43.504  -19.286  65.480 0.0000000000
77630  41.731  -20.069  65.272 0.0000000000
77631  41.130  -20.568  65.140 0.0000000000
77649  42.266  -19.045  64.825 0.0000000000
77674  41.874  -19.935  64.315 0.0000000000
77695  42.587  -19.240  62.584 0.0000000000
77711  43.213  -19.012  61.930 0.0000000000
77780  44.620  -19.084  58.430 0.0000000000
79248  43.466  -18.404  65.269 0.0000000000
79249  42.187  -19.511  65.447 0.0000000000
79250  41.974  -19.645  65.319 0.0000000000
79265  42.000  -19.225  65.156 0.0000000000
79266  41.676  -19.492  65.101 0.0000000000
79280  43.295  -18.085  64.393 0.0000000000
79282  41.855  -19.435  65.169 0.0000000000
79330  43.674  -17.948  62.476 0.0000000000
79358  44.343  -17.593  61.708 0.0000000000
79428  45.068  -17.924  58.639 0.0000000000
80875  43.822  -17.569  64.816 0.0000000000
80876  43.527  -17.792  64.908 0.0000000000
80954  44.581  -16.846  61.910 0.0000000000
80968  45.075  -17.415  59.793 0.0000000000
80979  45.243  -17.071  59.577 0.0000000000
81062  50.620  -16.773  53.323 0.0000000000
82403  47.179  -16.098  62.667 0.0000000000
82428  45.858  -15.779  63.359 0.0000000000
82429  45.299  -15.881  63.372 0.0000000000
82430  44.813  -16.239  63.297 0.0000000000
82431  44.569  -16.509  62.848 0.0000000000
82472  49.353  -15.928  61.398 0.0000000000
82474  44.590  -16.616  62.163 0.0000000000
82500  52.590  -14.610  58.385 0.0000000000
82505  45.272  -16.925  59.170 0.0000000000
82543  54.668  -15.582  56.413 0.0000000000
82627  52.455  -14.983  52.781 0.0000000000
83916  46.598  -15.875  63.037 0.0000000000
83936  49.408  -14.720  61.573 0.0000000000
83942  45.679  -15.398  62.561 0.0000000000
83969  45.391  -15.623  62.530 0.0000000000
83983  51.342  -14.201  59.736 0.0000000000
84004  47.237  -14.369  60.592 0.0000000000
84005  46.840  -14.497  60.494 0.0000000000
84018  53.069  -14.314  58.291 0.0000000000
84024  46.959  -14.506  60.071 0.0000000000
84037  45.023  -16.325  57.934 0.0000000000
84047  54.380  -14.585  56.723 0.0000000000
84050  50.912  -14.530  57.126 0.0000000000
84075  54.675  -14.601  56.176 0.0000000000
84077  54.309  -15.123  56.564 0.0000000000
84079  50.917  -14.669  56.710 0.0000000000
84082  47.669  -15.524  57.453 0.0000000000
84106  55.682  -15.258  55.256 0.0000000000
84113  47.136  -15.742  56.970 0.0000000000
85424  47.175  -14.806  62.626 0.0000000000
85426  45.911  -15.151  62.388 0.0000000000
85444  50.204  -14.246  60.876 0.0000000000
85447  48.439  -14.331  62.038 0.0000000000
85451  45.661  -15.236  62.072 0.0000000000
85463  51.158  -14.050  60.042 0.0000000000
85465  49.062  -13.988  62.027 0.0000000000
85469  46.617  -14.596  61.299 0.0000000000
85479  52.040  -14.165  59.442 0.0000000000
85481  49.028  -13.859  62.210 0.0000000000
85482  48.981  -13.801  61.945 0.0000000000
85483  47.620  -14.253  60.479 0.0000000000
85484  46.406  -14.709  60.668 0.0000000000
85496  51.942  -13.923  59.827 0.0000000000
85497  47.502  -14.274  59.860 0.0000000000
85509  48.855  -14.014  58.768 0.0000000000
85526  54.274  -14.251  57.308 0.0000000000
85527  53.885  -14.214  57.770 0.0000000000
85536  46.481  -15.382  57.723 0.0000000000
85560  50.124  -14.793  57.368 0.0000000000
85580  55.465  -15.019  55.400 0.0000000000
85637  53.081  -13.962  52.005 0.0000000000
86928  48.782  -13.587  61.447 0.0000000000
86939  50.424  -14.004  60.501 0.0000000000
86940  50.183  -13.904  60.821 0.0000000000
86941  49.046  -13.703  61.668 0.0000000000
86942  48.718  -13.799  61.605 0.0000000000
86953  51.233  -13.927  59.946 0.0000000000
86954  50.849  -13.984  60.100 0.0000000000
86955  48.845  -13.744  61.804 0.0000000000
86956  48.666  -13.868  61.893 0.0000000000
86957  48.032  -13.990  60.379 0.0000000000
86958  47.909  -14.008  60.185 0.0000000000
86971  53.271  -13.995  58.384 0.0000000000
86972  52.755  -13.877  58.690 0.0000000000
86974  48.892  -13.721  59.580 0.0000000000
86992  54.108  -13.842  57.593 0.0000000000
86994  53.061  -13.792  58.338 0.0000000000
86996  50.021  -13.804  58.809 0.0000000000
86998  48.193  -14.070  59.314 0.0000000000
86999  47.803  -14.199  59.455 0.0000000000
87018  53.496  -13.575  56.600 0.0000000000
87021  50.721  -14.099  58.255 0.0000000000
87023  49.087  -13.972  58.718 0.0000000000
87037  54.341  -13.292  55.945 0.0000000000
87038  53.929  -13.428  56.278 0.0000000000
87056  54.647  -13.041  55.569 0.0000000000
88407  50.005  -13.827  61.142 0.0000000000
88408  49.864  -13.726  61.038 0.0000000000
88409  49.458  -13.609  61.121 0.0000000000
88410  48.880  -13.234  61.167 0.0000000000
88428  50.182  -13.895  60.583 0.0000000000
88429  49.754  -13.689  60.750 0.0000000000
88430  49.244  -13.573  60.829 0.0000000000
88431  48.754  -13.638  60.893 0.0000000000
88451  50.682  -13.867  59.968 0.0000000000
88455  48.472  -13.797  60.642 0.0000000000
88477  51.980  -13.538  58.857 0.0000000000
88478  50.997  -13.762  59.291 0.0000000000
88480  49.668  -13.790  59.876 0.0000000000
88481  48.964  -13.761  59.944 0.0000000000
88482  48.265  -13.863  59.968 0.0000000000
88504  53.810  -13.731  57.529 0.0000000000
88510  49.271  -13.697  59.555 0.0000000000
88527  54.848  -13.693  56.115 0.0000000000
88529  54.067  -13.641  56.917 0.0000000000
88532  51.558  -13.612  58.147 0.0000000000
88550  55.153  -13.443  55.774 0.0000000000
88551  55.020  -13.510  56.126 0.0000000000
88553  53.894  -13.546  56.642 0.0000000000
88572  55.306  -13.298  55.575 0.0000000000
90188  55.499  -10.574  51.512 0.0000000000
90224  54.970  -11.082  50.668 0.0000000000
90259  54.478  -11.553  49.768 0.0000000000
91618  56.009  -10.821  52.293 0.0000000000
91662  57.193  -9.694  50.925 0.0000000000
91697  55.549  -10.517  50.901 0.0000000000
92976  56.904  -9.632  50.970 0.0000000000
92991  57.058  -9.501  50.831 0.0000000000
92993  56.138  -10.008  50.665 0.0000000000
