#!ascii label  , from subject sub-01 vox2ras=TkReg
1970
53110  10.924  -34.846  70.911 0.0000000000
78067  45.834  -18.793  45.361 0.0000000000
59361  27.189  -31.767  59.720 0.0000000000
62535  33.846  -28.767  65.327 0.0000000000
60971  18.035  -29.808  59.675 0.0000000000
62475  16.231  -29.777  69.983 0.0000000000
90457  54.855  -11.797  37.831 0.0000000000
88702  54.100  -11.941  49.385 0.0000000000
70301  37.471  -24.183  55.155 0.0000000000
95507  57.172  -6.186  29.487 0.0000000000
59191  26.037  -31.590  65.322 0.0000000000
59120  13.384  -32.002  70.133 0.0000000000
88823  56.406  -11.566  43.434 0.0000000000
85859  50.424  -13.225  41.442 0.0000000000
76369  43.895  -19.580  51.831 0.0000000000
79480  49.480  -17.608  54.352 0.0000000000
81144  39.700  -18.390  48.851 0.0000000000
62728  33.214  -28.633  56.856 0.0000000000
54734  33.259  -33.338  62.022 0.0000000000
59218  21.408  -30.878  64.479 0.0000000000
62470  20.324  -29.516  69.354 0.0000000000
60897  16.585  -29.894  64.431 0.0000000000
57607  13.158  -32.383  65.070 0.0000000000
59366  22.746  -30.538  59.549 0.0000000000
87369  58.551  -12.665  40.607 0.0000000000
90327  60.079  -10.389  45.179 0.0000000000
82686  50.327  -16.011  48.148 0.0000000000
71771  42.845  -22.640  57.202 0.0000000000
70208  34.260  -24.106  59.912 0.0000000000
90518  56.455  -10.997  33.420 0.0000000000
90488  61.358  -10.469  35.194 0.0000000000
95474  62.865  -6.221  33.692 0.0000000000
59157  25.355  -30.920  67.161 0.0000000000
54617  12.355  -34.110  70.589 0.0000000000
59055  12.545  -32.325  74.584 0.0000000000
55995  10.735  -33.108  74.102 0.0000000000
91894  49.401  -11.504  39.695 0.0000000000
82597  43.851  -16.623  54.390 0.0000000000
82570  46.083  -16.582  55.765 0.0000000000
48916  6.300  -37.514  73.277 0.0000000000
78073  39.008  -19.582  45.759 0.0000000000
59405  28.352  -31.174  57.441 0.0000000000
57711  31.278  -32.082  58.443 0.0000000000
57685  30.254  -32.836  60.480 0.0000000000
59274  19.708  -30.532  62.277 0.0000000000
59198  18.854  -30.337  64.913 0.0000000000
60927  16.778  -30.191  61.985 0.0000000000
60970  20.397  -30.118  59.834 0.0000000000
59272  21.699  -30.651  62.490 0.0000000000
62472  18.193  -29.123  69.343 0.0000000000
91901  57.237  -11.269  38.944 0.0000000000
88821  59.162  -11.268  43.739 0.0000000000
93088  58.576  -9.516  42.569 0.0000000000
87209  55.350  -12.385  47.133 0.0000000000
90305  57.671  -10.760  47.799 0.0000000000
81251  46.068  -16.775  42.109 0.0000000000
81229  48.223  -16.506  43.593 0.0000000000
81178  48.575  -17.545  46.654 0.0000000000
70368  38.519  -23.809  52.157 0.0000000000
71845  41.256  -22.921  53.094 0.0000000000
70298  40.390  -23.799  55.654 0.0000000000
60944  34.116  -29.288  61.563 0.0000000000
65989  33.664  -26.785  58.420 0.0000000000
64334  34.476  -27.239  62.340 0.0000000000
88961  53.801  -12.380  35.571 0.0000000000
90538  54.221  -10.589  32.557 0.0000000000
88959  55.728  -12.176  35.553 0.0000000000
88935  57.836  -12.058  36.930 0.0000000000
97957  61.512  -5.339  30.464 0.0000000000
95496  60.423  -6.504  30.540 0.0000000000
94283  62.195  -8.033  34.776 0.0000000000
94322  59.863  -8.291  31.631 0.0000000000
59266  27.080  -32.008  62.810 0.0000000000
56176  29.272  -32.912  63.801 0.0000000000
54666  28.264  -32.766  66.341 0.0000000000
60813  14.512  -31.056  70.295 0.0000000000
62426  15.817  -29.364  72.542 0.0000000000
60765  14.458  -31.010  73.976 0.0000000000
88924  52.275  -12.397  37.565 0.0000000000
91858  55.198  -10.256  41.714 0.0000000000
90398  52.254  -10.961  40.689 0.0000000000
87328  54.007  -12.980  42.433 0.0000000000
84252  53.537  -14.689  45.261 0.0000000000
76417  45.223  -19.896  49.091 0.0000000000
79562  47.627  -18.466  49.241 0.0000000000
77883  47.678  -18.896  53.633 0.0000000000
70331  33.847  -23.481  54.224 0.0000000000
65815  34.149  -27.103  67.431 0.0000000000
51666  8.825  -35.742  70.730 0.0000000000
54557  9.401  -34.594  73.940 0.0000000000
51622  7.871  -36.341  73.946 0.0000000000
78096  42.976  -19.379  44.405 0.0000000000
76464  42.580  -20.398  47.712 0.0000000000
79564  41.843  -18.676  50.374 0.0000000000
81048  42.403  -17.896  53.964 0.0000000000
61073  32.013  -30.256  55.190 0.0000000000
59358  33.619  -30.841  59.777 0.0000000000
57614  34.370  -31.326  63.994 0.0000000000
53206  31.556  -34.391  64.578 0.0000000000
54663  33.525  -34.057  66.919 0.0000000000
59159  23.161  -30.988  67.503 0.0000000000
60835  22.433  -30.650  69.431 0.0000000000
59161  20.910  -30.534  67.366 0.0000000000
60855  18.200  -29.754  66.966 0.0000000000
62525  16.162  -30.218  66.897 0.0000000000
59309  14.778  -31.481  61.768 0.0000000000
59222  14.666  -30.882  64.797 0.0000000000
60858  14.592  -31.229  67.115 0.0000000000
57583  13.198  -32.337  67.104 0.0000000000
56091  12.335  -33.188  68.652 0.0000000000
54637  10.247  -33.938  68.476 0.0000000000
59425  25.607  -30.574  56.878 0.0000000000
61075  23.131  -30.267  56.803 0.0000000000
59363  25.370  -31.043  59.719 0.0000000000
59269  24.687  -31.289  62.536 0.0000000000
59193  24.096  -31.274  65.467 0.0000000000
85735  59.665  -13.117  46.450 0.0000000000
90339  58.576  -10.376  45.106 0.0000000000
84349  47.598  -13.838  40.750 0.0000000000
82739  50.946  -16.050  44.198 0.0000000000
85724  52.012  -13.966  48.272 0.0000000000
82661  50.036  -16.182  50.519 0.0000000000
84174  51.640  -14.747  51.065 0.0000000000
77955  39.287  -19.334  49.671 0.0000000000
74814  43.007  -20.691  53.640 0.0000000000
76245  44.374  -19.866  57.324 0.0000000000
71800  33.701  -23.992  56.271 0.0000000000
71751  35.394  -23.383  57.920 0.0000000000
68739  35.455  -24.853  64.169 0.0000000000
73219  35.871  -23.025  61.482 0.0000000000
70206  37.938  -24.122  60.264 0.0000000000
70203  40.960  -23.464  60.634 0.0000000000
74701  42.234  -20.932  60.957 0.0000000000
93215  57.063  -8.719  31.049 0.0000000000
88989  59.417  -11.445  33.910 0.0000000000
87406  60.538  -12.598  38.625 0.0000000000
57538  26.042  -32.171  69.035 0.0000000000
54599  11.749  -34.540  70.944 0.0000000000
56016  11.369  -33.306  72.848 0.0000000000
54580  11.057  -34.396  72.310 0.0000000000
82547  44.257  -16.707  56.467 0.0000000000
84086  44.807  -16.043  56.278 0.0000000000
53079  5.479  -34.935  72.822 0.0000000000
59387  27.831  -31.788  58.516 0.0000000000
57699  29.678  -32.411  59.556 0.0000000000
57686  29.250  -32.433  60.748 0.0000000000
59306  18.500  -30.301  61.225 0.0000000000
59276  17.892  -30.196  62.017 0.0000000000
60945  17.142  -29.890  60.675 0.0000000000
61030  18.924  -29.763  58.318 0.0000000000
59369  18.837  -30.046  59.770 0.0000000000
59304  20.408  -30.406  61.409 0.0000000000
62474  16.718  -29.341  69.611 0.0000000000
62435  16.964  -28.639  71.004 0.0000000000
90434  56.224  -10.717  38.310 0.0000000000
93118  57.356  -10.562  40.514 0.0000000000
93145  55.980  -10.488  39.766 0.0000000000
88747  53.925  -12.069  47.734 0.0000000000
90308  55.185  -11.090  48.478 0.0000000000
79670  45.542  -17.998  44.201 0.0000000000
81211  46.820  -17.724  44.399 0.0000000000
79647  47.118  -18.171  45.567 0.0000000000
70352  35.736  -23.990  53.249 0.0000000000
70350  37.829  -24.098  53.234 0.0000000000
70325  39.235  -24.056  54.433 0.0000000000
70300  38.393  -24.140  55.268 0.0000000000
60910  33.938  -29.058  63.443 0.0000000000
64363  34.197  -27.973  61.637 0.0000000000
64282  33.882  -27.942  64.431 0.0000000000
88939  54.522  -12.233  36.667 0.0000000000
88960  54.791  -12.148  35.558 0.0000000000
88938  55.451  -12.019  36.609 0.0000000000
90473  56.605  -11.634  37.277 0.0000000000
96734  59.526  -5.790  29.588 0.0000000000
95498  58.901  -6.742  29.867 0.0000000000
94328  60.450  -7.414  31.105 0.0000000000
94338  58.617  -7.423  30.174 0.0000000000
59240  26.826  -31.697  63.585 0.0000000000
59211  27.592  -31.746  64.515 0.0000000000
59172  27.403  -31.638  65.639 0.0000000000
59103  13.851  -31.477  70.759 0.0000000000
60797  14.781  -30.328  71.733 0.0000000000
59089  13.665  -31.473  71.847 0.0000000000
57454  12.455  -32.408  75.678 0.0000000000
57453  13.270  -32.058  75.671 0.0000000000
88925  51.174  -12.242  37.588 0.0000000000
90417  52.590  -11.387  39.806 0.0000000000
88904  50.963  -11.951  38.628 0.0000000000
88854  50.376  -12.130  40.960 0.0000000000
90383  51.355  -11.540  41.249 0.0000000000
87331  51.711  -12.770  41.874 0.0000000000
84286  53.941  -14.500  43.885 0.0000000000
85813  52.347  -14.154  42.773 0.0000000000
76393  45.404  -19.888  50.428 0.0000000000
76392  46.145  -19.688  50.894 0.0000000000
76346  45.683  -19.711  52.539 0.0000000000
88963  51.648  -12.311  35.546 0.0000000000
51634  8.882  -36.563  72.781 0.0000000000
50246  7.934  -36.922  72.396 0.0000000000
78097  41.581  -19.788  44.699 0.0000000000
78070  42.842  -19.980  45.600 0.0000000000
76497  41.327  -19.950  45.892 0.0000000000
78022  39.809  -18.812  47.689 0.0000000000
76442  40.705  -19.511  48.101 0.0000000000
79566  40.624  -18.618  49.429 0.0000000000
81099  42.047  -17.683  51.423 0.0000000000
82650  41.336  -17.836  51.701 0.0000000000
59438  29.989  -30.548  54.656 0.0000000000
56213  32.036  -32.723  59.764 0.0000000000
57710  32.364  -31.723  58.397 0.0000000000
56196  33.286  -32.405  60.855 0.0000000000
59294  33.966  -30.861  61.661 0.0000000000
56174  34.011  -32.410  63.196 0.0000000000
53192  29.416  -33.883  65.685 0.0000000000
54699  29.947  -33.589  64.144 0.0000000000
53175  30.548  -34.886  66.550 0.0000000000
54629  33.372  -34.630  67.958 0.0000000000
56101  34.209  -32.786  67.516 0.0000000000
59178  22.536  -30.888  66.565 0.0000000000
59160  22.030  -30.532  67.708 0.0000000000
59179  21.381  -30.806  66.565 0.0000000000
60896  17.818  -30.248  64.058 0.0000000000
60879  18.413  -30.124  65.394 0.0000000000
60869  17.010  -29.904  66.040 0.0000000000
62524  16.655  -30.052  66.489 0.0000000000
60882  16.195  -30.192  65.499 0.0000000000
59342  14.752  -31.357  60.537 0.0000000000
56178  12.274  -32.645  62.999 0.0000000000
57635  13.602  -32.135  63.186 0.0000000000
57617  13.776  -31.966  64.103 0.0000000000
60884  14.606  -31.020  65.456 0.0000000000
57597  13.735  -31.972  65.740 0.0000000000
59163  13.892  -31.737  67.056 0.0000000000
57598  12.964  -32.207  65.951 0.0000000000
56092  11.307  -33.545  68.170 0.0000000000
59442  25.899  -30.473  55.857 0.0000000000
61116  24.196  -30.393  55.144 0.0000000000
61027  21.757  -29.855  58.297 0.0000000000
61051  23.138  -30.514  57.792 0.0000000000
59409  24.292  -30.878  57.971 0.0000000000
59365  23.578  -30.711  59.747 0.0000000000
59333  24.837  -31.149  60.644 0.0000000000
59334  23.949  -30.757  60.648 0.0000000000
59245  22.068  -30.838  63.496 0.0000000000
59244  23.095  -31.119  63.502 0.0000000000
59217  22.507  -31.035  64.506 0.0000000000
59177  23.645  -30.967  66.466 0.0000000000
60824  21.343  -30.197  69.542 0.0000000000
53051  8.292  -35.219  75.361 0.0000000000
54542  9.360  -34.369  75.098 0.0000000000
85836  58.497  -13.492  42.963 0.0000000000
88807  59.708  -11.186  44.483 0.0000000000
87278  59.405  -12.153  45.002 0.0000000000
88789  60.003  -11.274  45.745 0.0000000000
88766  59.688  -11.708  46.861 0.0000000000
91823  55.214  -10.605  42.434 0.0000000000
91838  56.759  -10.056  42.407 0.0000000000
90341  57.389  -10.939  44.181 0.0000000000
91788  57.977  -10.410  48.152 0.0000000000
81192  49.692  -16.784  45.187 0.0000000000
82740  49.926  -16.221  43.985 0.0000000000
82709  50.820  -15.717  46.452 0.0000000000
84236  51.796  -14.645  46.905 0.0000000000
84210  51.360  -14.777  48.123 0.0000000000
79518  48.863  -18.033  52.619 0.0000000000
81125  48.807  -17.288  50.198 0.0000000000
81079  49.955  -16.911  52.286 0.0000000000
74894  39.062  -20.684  48.827 0.0000000000
71832  42.490  -22.717  54.076 0.0000000000
73366  42.095  -21.324  52.676 0.0000000000
73324  43.611  -21.871  55.404 0.0000000000
74792  43.805  -20.693  55.604 0.0000000000
73297  43.395  -21.734  57.380 0.0000000000
62788  32.704  -28.695  54.707 0.0000000000
66059  32.781  -27.131  55.705 0.0000000000
67382  34.542  -25.644  59.161 0.0000000000
68849  33.762  -25.371  56.899 0.0000000000
70237  34.205  -24.080  57.861 0.0000000000
71778  34.463  -23.575  57.053 0.0000000000
71737  33.900  -23.313  58.928 0.0000000000
67283  34.842  -25.825  65.914 0.0000000000
73190  36.913  -22.726  62.940 0.0000000000
71690  36.886  -23.733  61.145 0.0000000000
70182  38.033  -23.931  61.392 0.0000000000
70219  40.035  -24.373  59.833 0.0000000000
71687  39.886  -22.908  61.979 0.0000000000
90519  55.577  -10.932  33.309 0.0000000000
91994  56.915  -9.400  31.755 0.0000000000
91982  58.554  -9.838  32.396 0.0000000000
90534  57.847  -10.536  32.734 0.0000000000
87387  58.427  -12.617  39.517 0.0000000000
87424  58.914  -12.387  36.721 0.0000000000
87386  59.503  -13.052  39.756 0.0000000000
85902  59.969  -13.388  40.242 0.0000000000
96710  62.628  -5.496  32.232 0.0000000000
91955  61.777  -8.985  35.156 0.0000000000
91917  62.207  -9.733  37.063 0.0000000000
90452  61.871  -10.472  37.358 0.0000000000
59175  25.684  -31.319  66.242 0.0000000000
57578  26.843  -31.629  66.916 0.0000000000
59127  26.383  -31.838  68.365 0.0000000000
57527  12.953  -32.757  70.609 0.0000000000
59090  13.134  -32.247  72.428 0.0000000000
57488  12.384  -32.551  72.879 0.0000000000
57469  11.828  -32.567  74.516 0.0000000000
55984  11.331  -33.027  75.851 0.0000000000
90422  48.068  -11.475  39.477 0.0000000000
88865  48.165  -11.877  40.300 0.0000000000
79521  43.716  -18.243  52.631 0.0000000000
79502  44.984  -18.340  53.656 0.0000000000
82595  45.121  -16.889  54.799 0.0000000000
84085  45.726  -15.645  56.651 0.0000000000
50260  6.816  -36.578  71.931 0.0000000000
51635  5.917  -35.487  72.231 0.0000000000
48917  5.562  -37.357  73.058 0.0000000000
76511  39.862  -20.024  45.153 0.0000000000
81165  38.567  -17.766  47.077 0.0000000000
59421  29.767  -30.874  55.912 0.0000000000
59404  29.508  -31.106  57.149 0.0000000000
57698  31.021  -32.703  59.491 0.0000000000
56198  31.729  -33.415  61.281 0.0000000000
59247  19.938  -30.631  63.296 0.0000000000
59219  20.262  -30.690  64.391 0.0000000000
59248  19.027  -30.456  63.077 0.0000000000
60911  17.433  -30.218  62.730 0.0000000000
60912  16.718  -30.173  63.209 0.0000000000
56167  11.442  -32.861  64.275 0.0000000000
56180  10.508  -32.540  63.442 0.0000000000
61028  20.812  -29.531  58.321 0.0000000000
60968  21.582  -30.043  59.863 0.0000000000
59336  22.040  -30.348  60.492 0.0000000000
59337  21.066  -30.053  60.633 0.0000000000
59273  20.682  -30.587  62.402 0.0000000000
62471  19.224  -29.278  69.454 0.0000000000
88861  57.671  -12.008  40.602 0.0000000000
87327  58.237  -12.580  42.594 0.0000000000
90376  58.288  -10.713  41.826 0.0000000000
91835  59.122  -9.808  42.543 0.0000000000
91818  59.668  -9.668  44.106 0.0000000000
87261  56.372  -13.300  45.372 0.0000000000
87231  57.683  -11.886  45.750 0.0000000000
88745  56.206  -11.795  47.296 0.0000000000
90284  56.489  -10.487  48.639 0.0000000000
82804  46.456  -15.634  41.309 0.0000000000
81230  47.032  -16.698  43.279 0.0000000000
81210  47.951  -17.117  44.384 0.0000000000
81162  49.498  -16.787  47.443 0.0000000000
81041  50.702  -16.690  54.439 0.0000000000
70404  39.028  -23.189  50.204 0.0000000000
71870  40.214  -22.801  50.585 0.0000000000
70367  39.972  -23.667  52.114 0.0000000000
71833  41.360  -23.354  54.473 0.0000000000
71816  41.487  -23.533  55.988 0.0000000000
62687  33.615  -28.650  59.541 0.0000000000
64473  33.104  -27.616  57.406 0.0000000000
64413  33.765  -27.601  59.587 0.0000000000
64388  34.386  -27.219  59.998 0.0000000000
67354  35.117  -25.524  61.073 0.0000000000
88993  53.391  -11.664  33.816 0.0000000000
90539  53.236  -10.547  32.539 0.0000000000
88992  54.329  -11.592  33.799 0.0000000000
88991  54.856  -11.463  33.793 0.0000000000
90503  55.877  -11.397  33.958 0.0000000000
90501  57.267  -11.723  34.262 0.0000000000
88958  56.597  -12.114  35.635 0.0000000000
90471  57.464  -11.750  37.720 0.0000000000
97975  59.521  -5.470  29.277 0.0000000000
96719  60.936  -5.953  30.659 0.0000000000
95484  62.163  -6.258  32.549 0.0000000000
94297  62.541  -6.892  34.145 0.0000000000
94314  61.512  -7.497  33.089 0.0000000000
93193  60.947  -8.480  32.986 0.0000000000
91967  60.867  -9.475  33.564 0.0000000000
59331  26.669  -31.459  60.754 0.0000000000
59329  28.275  -32.296  61.281 0.0000000000
59264  28.143  -32.313  63.266 0.0000000000
56161  28.536  -32.514  64.903 0.0000000000
54647  28.680  -33.715  67.373 0.0000000000
60826  15.538  -30.045  70.352 0.0000000000
62456  15.945  -29.454  70.825 0.0000000000
60811  15.380  -29.880  71.255 0.0000000000
60774  15.710  -30.183  73.535 0.0000000000
59065  13.804  -31.613  73.878 0.0000000000
59052  14.615  -31.476  74.808 0.0000000000
90458  53.806  -12.155  37.686 0.0000000000
90415  54.919  -11.128  39.701 0.0000000000
90416  53.807  -11.369  39.750 0.0000000000
90379  53.937  -10.612  41.320 0.0000000000
91824  54.146  -10.679  42.418 0.0000000000
91891  51.266  -11.280  40.406 0.0000000000
91826  52.910  -10.912  42.407 0.0000000000
87305  55.309  -12.592  43.167 0.0000000000
85784  54.841  -14.161  44.299 0.0000000000
85738  54.438  -13.643  46.206 0.0000000000
87236  53.561  -13.385  47.196 0.0000000000
78019  45.723  -19.385  47.265 0.0000000000
77993  47.169  -19.116  47.656 0.0000000000
77971  46.602  -19.315  49.167 0.0000000000
77930  47.258  -19.087  51.605 0.0000000000
77882  48.458  -18.491  53.616 0.0000000000
79483  46.394  -18.509  54.778 0.0000000000
79467  47.658  -17.637  55.687 0.0000000000
81022  48.990  -17.039  55.516 0.0000000000
70303  35.756  -24.222  54.969 0.0000000000
64235  33.728  -27.892  66.911 0.0000000000
88995  51.440  -11.536  33.901 0.0000000000
88982  51.998  -12.026  34.635 0.0000000000
88940  53.505  -12.430  36.625 0.0000000000
98015  55.408  -4.152  27.514 0.0000000000
96762  55.783  -4.860  28.596 0.0000000000
51665  9.531  -35.552  70.664 0.0000000000
51632  10.466  -35.491  72.046 0.0000000000
51633  9.732  -36.093  72.307 0.0000000000
53067  8.272  -35.554  74.112 0.0000000000
51601  7.889  -35.876  75.323 0.0000000000
48915  7.223  -37.285  73.408 0.0000000000
79696  44.542  -18.057  43.210 0.0000000000
79698  42.957  -18.559  42.671 0.0000000000
78095  44.149  -18.878  44.227 0.0000000000
76479  44.212  -19.797  46.634 0.0000000000
76463  43.590  -20.332  47.561 0.0000000000
76419  43.200  -20.183  49.759 0.0000000000
76483  40.930  -20.206  46.799 0.0000000000
76440  42.301  -20.338  48.785 0.0000000000
76395  43.143  -19.571  50.777 0.0000000000
81097  43.163  -17.863  52.333 0.0000000000
82615  42.977  -17.113  53.430 0.0000000000
81010  43.658  -17.457  56.034 0.0000000000
61072  32.767  -29.810  55.532 0.0000000000
59403  30.680  -31.184  56.722 0.0000000000
59383  32.837  -30.863  57.719 0.0000000000
61023  33.421  -29.754  58.478 0.0000000000
60966  33.793  -30.303  60.235 0.0000000000
60924  33.938  -29.946  62.105 0.0000000000
59208  34.257  -30.280  64.584 0.0000000000
57652  29.494  -32.797  62.425 0.0000000000
54737  31.041  -33.719  62.699 0.0000000000
54716  32.525  -33.954  62.974 0.0000000000
51717  31.909  -35.364  67.094 0.0000000000
53204  33.160  -34.420  65.378 0.0000000000
54696  33.571  -33.773  64.230 0.0000000000
56141  34.304  -32.551  65.517 0.0000000000
57591  34.309  -30.990  66.601 0.0000000000
59171  34.316  -30.024  67.213 0.0000000000
57562  24.053  -31.619  68.446 0.0000000000
59145  22.745  -30.796  68.634 0.0000000000
60850  21.776  -30.341  68.457 0.0000000000
60838  20.615  -29.933  68.625 0.0000000000
59181  19.510  -30.431  66.225 0.0000000000
60866  19.428  -30.134  66.767 0.0000000000
60840  19.321  -29.781  68.038 0.0000000000
62487  18.550  -29.579  68.277 0.0000000000
62506  16.820  -29.904  67.619 0.0000000000
62507  16.288  -30.215  67.928 0.0000000000
60974  16.076  -30.594  60.349 0.0000000000
60928  16.018  -30.418  62.415 0.0000000000
60929  15.443  -30.902  62.746 0.0000000000
57654  14.148  -31.871  62.061 0.0000000000
59278  14.710  -31.376  63.062 0.0000000000
60914  15.375  -30.858  63.966 0.0000000000
62571  15.518  -30.481  65.587 0.0000000000
60870  15.180  -30.791  66.649 0.0000000000
60856  15.796  -30.379  68.429 0.0000000000
60843  14.676  -31.196  68.242 0.0000000000
59134  14.015  -31.489  68.694 0.0000000000
59135  13.430  -31.934  69.048 0.0000000000
56132  12.191  -32.734  66.186 0.0000000000
57566  12.928  -32.482  68.272 0.0000000000
57548  12.955  -32.626  69.412 0.0000000000
56073  12.588  -33.561  69.821 0.0000000000
54618  11.789  -34.349  69.789 0.0000000000
54619  10.621  -34.449  69.480 0.0000000000
53134  9.772  -34.839  69.807 0.0000000000
53135  8.657  -34.743  69.553 0.0000000000
59441  26.816  -30.675  55.684 0.0000000000
59424  26.576  -30.665  56.724 0.0000000000
59388  26.777  -31.350  58.664 0.0000000000
59426  24.670  -30.525  57.070 0.0000000000
59408  25.244  -30.873  57.835 0.0000000000
59362  26.298  -31.317  59.716 0.0000000000
59332  25.805  -31.232  60.680 0.0000000000
59268  25.634  -31.552  62.535 0.0000000000
59242  25.060  -31.760  63.463 0.0000000000
59270  23.737  -30.918  62.560 0.0000000000
59243  24.119  -31.297  63.502 0.0000000000
59192  25.112  -31.370  65.390 0.0000000000
59176  24.706  -31.069  66.352 0.0000000000
59158  24.270  -30.959  67.333 0.0000000000
54556  10.209  -34.043  73.722 0.0000000000
55986  10.244  -33.777  75.442 0.0000000000
85781  58.740  -13.053  44.253 0.0000000000
93106  56.608  -10.194  41.447 0.0000000000
91820  58.344  -9.539  43.557 0.0000000000
91810  59.526  -9.686  44.715 0.0000000000
88767  58.502  -10.882  46.571 0.0000000000
90317  58.942  -10.426  46.757 0.0000000000
91793  59.451  -10.557  46.327 0.0000000000
88866  47.555  -12.268  40.163 0.0000000000
85861  48.659  -13.456  41.063 0.0000000000
84308  47.759  -15.156  41.826 0.0000000000
82780  49.994  -15.345  42.576 0.0000000000
84305  50.983  -14.626  42.335 0.0000000000
84273  52.197  -15.118  44.785 0.0000000000
85740  52.870  -14.025  47.131 0.0000000000
87187  53.107  -13.036  48.480 0.0000000000
79580  48.154  -17.925  48.644 0.0000000000
81163  48.821  -17.430  48.038 0.0000000000
82675  50.170  -16.096  49.405 0.0000000000
82611  51.064  -16.269  53.255 0.0000000000
82646  50.665  -15.744  51.148 0.0000000000
82659  51.178  -15.255  49.819 0.0000000000
85687  51.966  -14.168  49.744 0.0000000000
85663  52.547  -13.656  50.156 0.0000000000
81166  37.713  -17.549  47.072 0.0000000000
81117  39.076  -18.132  50.093 0.0000000000
74864  40.348  -20.848  50.453 0.0000000000
76371  40.781  -20.016  51.532 0.0000000000
79524  40.556  -18.594  51.237 0.0000000000
77864  42.374  -18.900  53.956 0.0000000000
77835  43.626  -18.772  56.066 0.0000000000
77781  44.773  -18.569  58.446 0.0000000000
67451  33.186  -26.435  55.959 0.0000000000
71819  33.342  -23.531  55.347 0.0000000000
71797  34.805  -23.799  55.930 0.0000000000
71775  36.316  -24.213  56.717 0.0000000000
65886  34.406  -27.146  64.256 0.0000000000
65903  35.259  -26.160  63.268 0.0000000000
68780  34.946  -24.611  61.576 0.0000000000
70159  35.432  -23.372  62.775 0.0000000000
73221  34.840  -23.571  60.529 0.0000000000
71716  35.544  -23.334  59.876 0.0000000000
71734  36.025  -24.082  58.856 0.0000000000
70254  37.536  -24.553  56.798 0.0000000000
70252  39.715  -24.634  57.496 0.0000000000
70251  40.716  -24.002  57.883 0.0000000000
71748  42.174  -22.884  59.145 0.0000000000
71658  40.905  -22.167  62.542 0.0000000000
73244  41.786  -22.028  60.563 0.0000000000
74729  42.660  -21.457  59.364 0.0000000000
76192  43.512  -20.278  59.190 0.0000000000
95508  56.370  -6.235  29.373 0.0000000000
94339  57.537  -7.849  30.148 0.0000000000
93214  58.180  -8.552  31.165 0.0000000000
91969  59.354  -10.225  32.843 0.0000000000
90500  60.302  -10.851  34.007 0.0000000000
88975  59.097  -12.120  34.748 0.0000000000
87430  60.042  -12.096  35.792 0.0000000000
88933  60.904  -11.879  36.613 0.0000000000
88900  61.304  -12.293  39.221 0.0000000000
57540  23.867  -31.857  68.881 0.0000000000
57539  24.947  -32.033  68.783 0.0000000000
53090  11.330  -34.507  71.782 0.0000000000
53091  10.932  -34.789  71.757 0.0000000000
80999  44.387  -17.187  57.050 0.0000000000
82528  44.708  -16.670  57.559 0.0000000000
59360  28.385  -32.134  59.846 0.0000000000
59340  18.207  -29.982  60.324 0.0000000000
59307  17.677  -30.032  61.125 0.0000000000
59341  17.617  -29.880  60.530 0.0000000000
59370  18.396  -29.886  59.752 0.0000000000
59339  19.107  -30.310  60.444 0.0000000000
62454  17.167  -28.896  70.237 0.0000000000
62455  16.537  -29.112  70.474 0.0000000000
90435  55.479  -11.031  38.798 0.0000000000
91904  56.170  -10.541  39.055 0.0000000000
88723  54.203  -11.701  48.577 0.0000000000
88722  54.785  -11.344  48.500 0.0000000000
90287  54.539  -11.438  49.260 0.0000000000
79649  45.840  -18.443  44.885 0.0000000000
79648  46.559  -18.215  45.116 0.0000000000
79629  46.250  -18.656  45.425 0.0000000000
70328  36.198  -24.338  54.148 0.0000000000
70351  36.725  -24.330  53.195 0.0000000000
70327  37.195  -24.321  54.203 0.0000000000
70326  38.174  -23.951  54.293 0.0000000000
70276  37.608  -24.048  56.009 0.0000000000
60877  33.870  -29.052  64.498 0.0000000000
62581  33.893  -28.602  63.794 0.0000000000
62558  33.797  -28.630  64.498 0.0000000000
88922  54.748  -12.018  37.268 0.0000000000
88921  55.088  -11.900  37.209 0.0000000000
90456  55.782  -11.448  37.606 0.0000000000
96722  58.544  -6.142  29.630 0.0000000000
95499  57.930  -6.683  29.753 0.0000000000
94337  59.198  -7.172  30.271 0.0000000000
59213  26.438  -31.616  64.424 0.0000000000
59212  27.155  -31.594  64.447 0.0000000000
59190  26.829  -31.512  65.237 0.0000000000
88926  50.190  -12.077  37.644 0.0000000000
87349  50.571  -12.513  41.259 0.0000000000
87332  51.034  -12.637  41.629 0.0000000000
85841  51.112  -13.464  41.877 0.0000000000
84304  51.850  -14.359  42.673 0.0000000000
76368  44.943  -19.921  51.678 0.0000000000
51651  7.536  -36.329  71.319 0.0000000000
78145  40.799  -18.755  42.640 0.0000000000
78124  40.642  -19.379  43.532 0.0000000000
78098  40.234  -19.846  44.431 0.0000000000
79584  39.632  -18.390  48.447 0.0000000000
79583  40.014  -18.637  48.898 0.0000000000
81127  40.157  -18.369  49.586 0.0000000000
82665  41.345  -17.904  51.209 0.0000000000
81115  40.567  -18.312  50.621 0.0000000000
56197  32.694  -33.047  61.230 0.0000000000
56206  32.832  -32.559  60.169 0.0000000000
56185  33.556  -32.735  61.853 0.0000000000
53176  29.447  -34.227  66.460 0.0000000000
53191  30.185  -34.347  65.628 0.0000000000
53160  30.554  -35.291  67.627 0.0000000000
59195  21.939  -30.860  65.528 0.0000000000
59196  20.756  -30.825  65.503 0.0000000000
60880  17.302  -29.849  65.296 0.0000000000
60881  16.412  -30.034  65.595 0.0000000000
60898  15.822  -30.353  64.923 0.0000000000
56166  12.447  -32.616  64.112 0.0000000000
57636  13.086  -32.406  63.582 0.0000000000
57618  13.302  -32.304  64.374 0.0000000000
57606  13.946  -32.049  64.955 0.0000000000
57582  13.611  -31.960  66.443 0.0000000000
60999  22.073  -30.200  59.138 0.0000000000
61026  22.518  -30.325  58.391 0.0000000000
60998  22.660  -30.374  58.944 0.0000000000
61025  23.234  -30.533  58.695 0.0000000000
59335  22.999  -30.672  60.581 0.0000000000
60825  20.889  -29.966  69.237 0.0000000000
53042  7.859  -35.561  75.930 0.0000000000
53041  8.373  -35.131  75.811 0.0000000000
85881  58.736  -13.019  41.225 0.0000000000
85858  58.732  -13.543  41.808 0.0000000000
87348  58.287  -12.579  41.631 0.0000000000
88806  60.109  -10.854  44.955 0.0000000000
88790  59.855  -11.426  45.184 0.0000000000
90316  60.056  -10.872  46.046 0.0000000000
90352  55.922  -10.941  42.930 0.0000000000
90351  56.987  -10.599  43.633 0.0000000000
88810  57.076  -11.504  44.056 0.0000000000
82699  50.154  -16.143  46.901 0.0000000000
82710  50.386  -16.414  45.865 0.0000000000
82698  50.742  -15.491  47.337 0.0000000000
81080  49.466  -17.385  52.180 0.0000000000
79499  49.823  -17.483  53.468 0.0000000000
73403  39.288  -21.618  49.083 0.0000000000
71815  42.610  -22.781  55.286 0.0000000000
71792  43.124  -22.332  56.234 0.0000000000
73310  43.697  -21.514  56.263 0.0000000000
62756  33.076  -28.724  55.711 0.0000000000
64514  32.698  -27.787  55.095 0.0000000000
64495  32.952  -27.795  56.353 0.0000000000
68806  34.474  -24.699  59.381 0.0000000000
68817  34.233  -24.656  58.419 0.0000000000
68807  34.230  -24.258  58.983 0.0000000000
71754  34.254  -23.467  58.424 0.0000000000
70209  34.008  -23.883  59.118 0.0000000000
74673  36.937  -22.521  63.365 0.0000000000
71689  37.355  -23.623  62.186 0.0000000000
71661  38.057  -23.315  62.804 0.0000000000
70157  38.604  -23.478  62.091 0.0000000000
71660  39.115  -22.889  62.562 0.0000000000
90536  56.056  -10.444  32.760 0.0000000000
91985  55.638  -9.896  32.161 0.0000000000
91984  56.536  -9.871  32.234 0.0000000000
90535  56.974  -10.529  32.765 0.0000000000
90517  57.531  -11.248  33.603 0.0000000000
87368  59.247  -13.072  40.408 0.0000000000
96703  62.837  -5.567  32.865 0.0000000000
97936  63.164  -5.423  32.676 0.0000000000
95473  63.378  -6.278  33.480 0.0000000000
90498  61.538  -9.719  35.164 0.0000000000
91947  61.921  -9.285  35.781 0.0000000000
90470  61.817  -10.192  36.670 0.0000000000
88953  61.573  -10.584  36.268 0.0000000000
57579  26.523  -31.319  67.314 0.0000000000
59142  26.051  -31.357  67.768 0.0000000000
56051  12.605  -33.516  71.040 0.0000000000
57503  12.621  -32.879  71.959 0.0000000000
57504  12.319  -33.000  72.362 0.0000000000
56005  11.211  -32.977  73.253 0.0000000000
57481  11.689  -32.652  73.505 0.0000000000
57482  11.036  -32.957  73.913 0.0000000000
57460  11.444  -32.783  75.208 0.0000000000
57461  10.917  -33.088  75.242 0.0000000000
90402  48.273  -11.568  39.964 0.0000000000
88884  47.939  -11.645  39.880 0.0000000000
82631  43.891  -17.469  53.127 0.0000000000
81066  44.528  -17.482  53.706 0.0000000000
82596  44.357  -16.742  54.324 0.0000000000
50239  5.254  -36.543  73.045 0.0000000000
50228  5.098  -37.040  73.253 0.0000000000
59422  28.631  -30.836  56.289 0.0000000000
56208  31.204  -33.044  60.489 0.0000000000
56199  30.745  -33.228  61.266 0.0000000000
60926  17.334  -30.182  62.123 0.0000000000
59249  18.230  -30.303  62.941 0.0000000000
61001  20.278  -29.914  59.361 0.0000000000
61029  19.838  -29.714  58.334 0.0000000000
61000  21.262  -29.736  59.188 0.0000000000
60969  20.799  -29.957  59.899 0.0000000000
59305  19.443  -30.450  61.303 0.0000000000
59246  21.002  -30.739  63.429 0.0000000000
62452  18.759  -28.762  70.282 0.0000000000
91889  57.438  -11.223  40.135 0.0000000000
90392  57.839  -11.229  40.917 0.0000000000
91873  57.591  -11.064  40.473 0.0000000000
93104  57.966  -9.865  41.471 0.0000000000
91856  58.678  -10.046  41.761 0.0000000000
91836  58.668  -9.741  42.051 0.0000000000
91819  59.427  -9.747  43.510 0.0000000000
93087  59.126  -9.580  43.223 0.0000000000
87233  56.202  -12.839  46.302 0.0000000000
88770  56.450  -12.263  46.815 0.0000000000
90307  55.816  -10.990  48.139 0.0000000000
81275  45.688  -16.266  41.325 0.0000000000
82785  46.206  -16.093  41.487 0.0000000000
81194  47.704  -17.719  45.513 0.0000000000
81193  48.770  -17.131  45.382 0.0000000000
70405  38.315  -23.309  50.008 0.0000000000
70388  39.174  -23.374  50.955 0.0000000000
70299  39.367  -24.108  55.455 0.0000000000
70324  40.136  -23.833  54.718 0.0000000000
70273  40.534  -23.942  56.780 0.0000000000
62664  34.120  -28.633  60.952 0.0000000000
64362  34.626  -27.356  61.079 0.0000000000
65958  35.033  -26.494  60.401 0.0000000000
65938  35.090  -26.558  61.559 0.0000000000
88981  53.057  -11.982  34.676 0.0000000000
88980  54.079  -11.977  34.616 0.0000000000
88979  55.133  -11.800  34.431 0.0000000000
88978  56.182  -11.985  34.684 0.0000000000
88977  57.002  -11.954  34.829 0.0000000000
91919  56.909  -11.253  37.837 0.0000000000
90472  57.195  -11.714  37.277 0.0000000000
90431  57.383  -11.556  38.879 0.0000000000
88880  57.428  -11.869  39.272 0.0000000000
96720  60.069  -6.074  29.980 0.0000000000
96712  61.458  -6.045  31.337 0.0000000000
95491  61.112  -6.843  31.147 0.0000000000
95485  61.513  -6.902  32.272 0.0000000000
94321  60.768  -7.856  31.812 0.0000000000
93204  60.075  -8.684  32.235 0.0000000000
91980  60.330  -9.237  32.819 0.0000000000
59297  26.964  -31.601  61.796 0.0000000000
59296  27.458  -32.279  62.028 0.0000000000
59265  27.649  -32.188  63.052 0.0000000000
57605  27.861  -31.992  65.470 0.0000000000
57616  28.178  -32.198  64.976 0.0000000000
56143  28.282  -32.456  65.551 0.0000000000
54665  28.743  -33.473  66.228 0.0000000000
54648  28.305  -33.107  66.983 0.0000000000
60827  15.082  -30.597  69.835 0.0000000000
60812  14.892  -30.409  70.784 0.0000000000
60788  14.878  -30.440  72.637 0.0000000000
60775  14.991  -30.504  73.436 0.0000000000
60763  15.726  -30.294  74.042 0.0000000000
60764  15.081  -30.538  74.098 0.0000000000
59066  13.022  -32.059  73.908 0.0000000000
59075  13.612  -31.725  73.013 0.0000000000
90459  53.035  -12.284  37.812 0.0000000000
90436  54.333  -11.594  38.747 0.0000000000
90437  52.983  -12.076  38.695 0.0000000000
90397  53.352  -10.967  40.628 0.0000000000
90380  53.041  -10.696  41.236 0.0000000000
91860  53.629  -10.482  41.762 0.0000000000
91841  53.431  -10.514  42.121 0.0000000000
88883  49.327  -11.619  38.958 0.0000000000
90419  50.240  -11.603  39.568 0.0000000000
91892  50.659  -11.396  39.807 0.0000000000
88842  52.184  -12.009  42.079 0.0000000000
90365  51.993  -11.407  41.731 0.0000000000
88841  52.961  -12.014  42.388 0.0000000000
88826  53.526  -11.592  42.524 0.0000000000
87306  54.604  -12.846  42.766 0.0000000000
85809  55.565  -13.117  43.519 0.0000000000
85837  54.288  -13.453  42.890 0.0000000000
84271  53.968  -14.604  44.450 0.0000000000
84270  54.462  -14.431  44.822 0.0000000000
85762  53.950  -14.192  45.767 0.0000000000
87235  54.142  -13.193  46.911 0.0000000000
85739  53.705  -13.837  46.579 0.0000000000
76437  45.281  -19.717  48.013 0.0000000000
77995  45.896  -19.413  48.027 0.0000000000
77972  45.972  -19.600  48.653 0.0000000000
77909  46.627  -19.594  52.238 0.0000000000
77949  47.027  -19.120  50.947 0.0000000000
77908  47.514  -19.045  52.667 0.0000000000
79519  48.147  -18.588  52.554 0.0000000000
81046  45.530  -17.310  54.856 0.0000000000
79501  45.540  -18.561  54.273 0.0000000000
81045  46.244  -17.538  55.410 0.0000000000
81044  47.172  -17.554  55.780 0.0000000000
81023  47.802  -17.156  56.097 0.0000000000
79466  48.167  -17.651  55.545 0.0000000000
82544  48.899  -15.685  56.747 0.0000000000
70354  33.989  -23.709  53.428 0.0000000000
70353  34.823  -23.768  53.314 0.0000000000
70330  34.548  -23.728  54.149 0.0000000000
88941  52.432  -12.432  36.519 0.0000000000
88923  53.028  -12.432  37.256 0.0000000000
97997  56.136  -4.635  28.223 0.0000000000
51649  9.954  -35.897  71.236 0.0000000000
50237  8.106  -36.937  73.368 0.0000000000
51609  7.870  -36.065  74.682 0.0000000000
48923  6.721  -37.226  72.747 0.0000000000
79720  44.133  -17.965  42.769 0.0000000000
79721  43.620  -18.028  42.378 0.0000000000
78123  42.000  -19.051  43.232 0.0000000000
79699  42.175  -18.410  42.433 0.0000000000
78122  43.343  -18.986  43.446 0.0000000000
78069  43.957  -19.445  45.296 0.0000000000
76481  42.866  -20.239  46.677 0.0000000000
76439  43.379  -20.499  48.655 0.0000000000
76499  39.575  -20.045  45.603 0.0000000000
76498  40.241  -20.221  45.907 0.0000000000
78046  39.922  -19.983  46.733 0.0000000000
77996  41.199  -19.260  49.179 0.0000000000
76441  41.302  -19.751  48.680 0.0000000000
76420  42.182  -19.719  49.808 0.0000000000
76396  42.566  -19.385  50.449 0.0000000000
79549  42.834  -18.673  51.193 0.0000000000
79550  42.446  -18.419  50.907 0.0000000000
82634  42.162  -17.614  52.511 0.0000000000
82633  42.783  -17.497  52.563 0.0000000000
82599  42.677  -17.620  54.054 0.0000000000
82598  43.202  -17.251  54.457 0.0000000000
81025  43.169  -17.717  55.098 0.0000000000
61094  31.437  -30.017  54.692 0.0000000000
61093  32.412  -29.692  54.781 0.0000000000
59385  30.381  -31.698  57.756 0.0000000000
59384  31.602  -31.564  57.517 0.0000000000
57709  33.017  -31.371  58.524 0.0000000000
59359  33.404  -30.813  58.852 0.0000000000
60997  33.729  -30.029  59.575 0.0000000000
60996  33.679  -30.384  59.867 0.0000000000
57632  34.196  -31.291  63.116 0.0000000000
59263  34.033  -30.641  62.635 0.0000000000
59236  34.198  -30.431  63.568 0.0000000000
60909  34.048  -29.754  63.068 0.0000000000
57653  28.776  -32.518  62.734 0.0000000000
57672  29.016  -32.380  61.847 0.0000000000
57633  29.175  -32.720  62.996 0.0000000000
54680  30.665  -34.161  64.790 0.0000000000
54718  30.591  -33.675  63.235 0.0000000000
54698  31.077  -33.995  63.968 0.0000000000
54717  31.490  -33.967  63.143 0.0000000000
54697  32.134  -34.219  63.923 0.0000000000
53172  33.131  -34.500  66.701 0.0000000000
53188  33.184  -34.516  66.267 0.0000000000
54679  33.861  -33.847  65.845 0.0000000000
57575  34.282  -31.560  67.450 0.0000000000
57592  34.342  -30.473  67.188 0.0000000000
59144  23.728  -31.284  68.136 0.0000000000
59130  23.383  -31.292  68.884 0.0000000000
60851  21.210  -30.189  68.113 0.0000000000
60852  20.408  -30.099  67.737 0.0000000000
59220  19.032  -30.477  64.179 0.0000000000
59197  19.489  -30.510  65.415 0.0000000000
60867  18.622  -29.925  66.465 0.0000000000
60854  18.863  -29.809  67.364 0.0000000000
60853  19.664  -29.965  67.552 0.0000000000
62504  18.281  -29.691  67.472 0.0000000000
62489  16.767  -29.520  68.636 0.0000000000
60948  15.525  -30.996  61.595 0.0000000000
57674  13.493  -31.999  61.089 0.0000000000
57655  13.283  -32.187  62.167 0.0000000000
59251  14.234  -31.623  63.718 0.0000000000
59279  14.018  -31.839  62.841 0.0000000000
59250  14.797  -31.166  64.271 0.0000000000
60899  15.055  -30.639  64.930 0.0000000000
60871  14.724  -31.158  66.105 0.0000000000
62508  15.790  -30.420  67.785 0.0000000000
60857  15.279  -30.704  67.723 0.0000000000
60842  15.223  -30.742  68.823 0.0000000000
59164  13.675  -31.872  67.516 0.0000000000
59147  14.084  -31.591  67.793 0.0000000000
59148  13.545  -31.914  68.075 0.0000000000
56151  11.333  -32.927  65.274 0.0000000000
56111  12.060  -33.047  67.366 0.0000000000
56093  10.309  -33.457  67.744 0.0000000000
54636  11.231  -34.065  68.946 0.0000000000
54620  9.441  -34.277  69.110 0.0000000000
54621  8.196  -34.202  68.824 0.0000000000
59407  26.225  -30.903  57.741 0.0000000000
61097  23.192  -30.195  55.635 0.0000000000
61096  23.996  -30.423  56.347 0.0000000000
61074  23.856  -30.408  57.370 0.0000000000
59390  24.866  -30.848  58.813 0.0000000000
59389  25.818  -31.054  58.743 0.0000000000
59300  24.330  -30.950  61.598 0.0000000000
59299  25.250  -31.320  61.599 0.0000000000
59241  26.027  -31.740  63.502 0.0000000000
59302  22.370  -30.569  61.532 0.0000000000
59271  22.716  -30.813  62.522 0.0000000000
59216  23.549  -31.331  64.495 0.0000000000
59215  24.576  -31.484  64.465 0.0000000000
59131  22.816  -30.891  69.477 0.0000000000
62437  15.896  -29.424  71.712 0.0000000000
62425  16.450  -29.065  72.154 0.0000000000
62416  16.243  -28.822  73.024 0.0000000000
53065  9.767  -34.932  73.437 0.0000000000
54568  10.397  -34.612  73.121 0.0000000000
53039  10.060  -34.592  75.604 0.0000000000
55990  9.873  -33.800  75.118 0.0000000000
53031  10.605  -34.286  75.891 0.0000000000
54528  10.842  -33.729  76.128 0.0000000000
51585  11.075  -34.469  75.964 0.0000000000
88822  58.551  -11.586  43.070 0.0000000000
87303  58.615  -12.488  43.709 0.0000000000
85758  59.538  -13.008  45.776 0.0000000000
91875  55.359  -10.527  41.120 0.0000000000
93121  56.022  -10.572  40.708 0.0000000000
93107  56.261  -10.428  41.688 0.0000000000
91812  57.948  -9.937  43.917 0.0000000000
91821  57.528  -9.696  43.264 0.0000000000
91811  58.645  -9.732  44.376 0.0000000000
93073  59.316  -9.509  44.173 0.0000000000
91803  58.923  -10.037  45.291 0.0000000000
88768  57.901  -11.628  46.388 0.0000000000
88743  58.129  -11.086  47.202 0.0000000000
91787  58.692  -10.440  47.773 0.0000000000
91786  59.073  -10.385  47.676 0.0000000000
91794  59.220  -10.468  46.718 0.0000000000
91785  59.164  -10.566  47.332 0.0000000000
90281  59.082  -10.663  48.023 0.0000000000
85882  47.311  -13.397  40.536 0.0000000000
87373  46.991  -12.733  40.119 0.0000000000
85862  47.931  -13.395  40.849 0.0000000000
87352  48.382  -12.870  40.851 0.0000000000
82783  47.617  -15.862  42.130 0.0000000000
84309  47.340  -15.574  41.714 0.0000000000
82782  48.248  -15.527  42.443 0.0000000000
82761  49.573  -15.782  43.207 0.0000000000
82760  50.632  -15.684  43.199 0.0000000000
82759  51.367  -15.524  43.658 0.0000000000
84289  51.271  -15.175  43.163 0.0000000000
82738  51.651  -15.544  44.413 0.0000000000
84223  51.647  -14.428  47.825 0.0000000000
85741  52.125  -14.076  47.622 0.0000000000
85723  52.556  -13.540  47.983 0.0000000000
85706  52.446  -13.524  48.741 0.0000000000
79581  47.531  -18.761  48.095 0.0000000000
81111  49.393  -16.898  50.929 0.0000000000
81143  48.671  -17.162  49.186 0.0000000000
81124  49.390  -16.665  49.823 0.0000000000
81142  49.435  -16.635  48.672 0.0000000000
84162  51.699  -15.047  51.906 0.0000000000
84163  51.226  -15.357  51.445 0.0000000000
82660  50.758  -15.584  50.130 0.0000000000
84175  51.193  -15.282  50.682 0.0000000000
84183  51.508  -14.837  50.111 0.0000000000
77977  38.512  -19.047  48.573 0.0000000000
79567  38.632  -18.565  48.951 0.0000000000
81129  38.777  -18.105  49.167 0.0000000000
79553  38.981  -18.641  49.860 0.0000000000
71855  40.948  -22.831  52.020 0.0000000000
73379  40.516  -21.738  50.831 0.0000000000
73378  41.033  -21.764  51.570 0.0000000000
74830  42.343  -20.608  52.772 0.0000000000
74848  41.863  -20.979  52.371 0.0000000000
76349  41.276  -19.800  52.118 0.0000000000
77912  40.774  -19.161  51.707 0.0000000000
77887  41.355  -19.017  52.473 0.0000000000
77886  41.992  -18.934  53.128 0.0000000000
76328  42.413  -19.697  53.412 0.0000000000
74765  43.946  -20.534  56.625 0.0000000000
76299  43.631  -19.505  55.657 0.0000000000
76276  44.133  -19.715  56.453 0.0000000000
77834  44.347  -19.000  56.630 0.0000000000
77811  44.581  -19.260  58.169 0.0000000000
64442  33.450  -27.419  58.604 0.0000000000
66039  33.003  -26.839  56.670 0.0000000000
66014  33.593  -26.566  57.718 0.0000000000
68829  33.811  -24.585  56.754 0.0000000000
68850  33.458  -25.066  56.329 0.0000000000
70280  33.163  -24.480  55.779 0.0000000000
71820  33.057  -23.914  55.581 0.0000000000
71777  34.798  -23.112  56.950 0.0000000000
71798  34.124  -23.466  56.048 0.0000000000
71796  35.741  -23.981  56.202 0.0000000000
71776  35.489  -23.688  56.932 0.0000000000
65864  34.297  -27.414  65.132 0.0000000000
65839  34.420  -26.998  66.170 0.0000000000
67300  35.270  -25.732  64.753 0.0000000000
67313  35.379  -25.608  63.780 0.0000000000
67338  35.440  -25.435  62.329 0.0000000000
68749  35.465  -24.921  63.354 0.0000000000
73191  36.098  -22.624  62.579 0.0000000000
71662  35.670  -22.969  62.879 0.0000000000
71663  35.308  -23.256  62.171 0.0000000000
71664  34.917  -23.651  61.940 0.0000000000
73220  35.365  -23.474  61.080 0.0000000000
73248  34.995  -23.349  60.216 0.0000000000
73247  35.602  -23.382  60.526 0.0000000000
70207  37.001  -24.043  60.190 0.0000000000
70222  36.571  -24.050  59.590 0.0000000000
70221  37.340  -24.465  59.152 0.0000000000
71733  36.713  -24.311  58.212 0.0000000000
70236  37.543  -24.689  57.855 0.0000000000
70253  38.577  -24.783  57.117 0.0000000000
70235  38.617  -24.980  58.337 0.0000000000
70204  40.269  -23.811  60.950 0.0000000000
70218  41.201  -23.762  59.991 0.0000000000
70250  41.397  -23.785  58.295 0.0000000000
70217  41.768  -23.318  59.551 0.0000000000
73152  40.313  -21.412  63.752 0.0000000000
74671  40.846  -21.249  63.574 0.0000000000
74688  42.103  -20.884  62.075 0.0000000000
73268  42.208  -22.026  59.594 0.0000000000
74715  42.324  -21.259  60.032 0.0000000000
74714  42.943  -20.767  59.702 0.0000000000
74700  42.669  -20.607  60.368 0.0000000000
97978  55.061  -4.926  28.597 0.0000000000
91987  53.733  -9.944  32.026 0.0000000000
93225  56.822  -8.189  30.314 0.0000000000
94340  56.498  -7.650  29.984 0.0000000000
94331  57.810  -8.340  30.727 0.0000000000
90516  58.715  -10.899  33.165 0.0000000000
90515  59.779  -10.756  33.442 0.0000000000
88988  59.975  -11.193  33.969 0.0000000000
88957  57.418  -12.116  35.722 0.0000000000
88976  57.861  -11.890  34.682 0.0000000000
88956  58.371  -12.283  35.744 0.0000000000
87418  59.599  -12.547  37.599 0.0000000000
87423  60.037  -12.267  36.600 0.0000000000
87417  60.686  -12.326  37.347 0.0000000000
87405  61.278  -12.224  37.931 0.0000000000
87385  60.820  -12.868  39.805 0.0000000000
97974  60.703  -5.409  29.455 0.0000000000
97993  61.025  -5.363  28.769 0.0000000000
97973  61.656  -4.994  29.467 0.0000000000
94282  62.707  -7.566  34.699 0.0000000000
54598  12.270  -34.081  71.413 0.0000000000
56029  12.312  -33.665  71.807 0.0000000000
54578  12.149  -33.993  71.801 0.0000000000
54566  11.314  -33.769  72.628 0.0000000000
56017  10.935  -33.409  73.038 0.0000000000
82572  43.946  -16.508  55.408 0.0000000000
84117  44.513  -16.409  55.257 0.0000000000
59386  29.201  -31.709  58.425 0.0000000000
59275  18.789  -30.407  62.149 0.0000000000
59308  17.078  -30.023  61.305 0.0000000000
61002  19.323  -29.855  59.149 0.0000000000
59368  19.544  -30.192  59.780 0.0000000000
59338  20.159  -30.325  60.307 0.0000000000
62473  17.330  -29.033  69.370 0.0000000000
62453  17.867  -28.703  70.145 0.0000000000
64174  17.554  -28.557  70.788 0.0000000000
64156  17.565  -28.457  71.634 0.0000000000
90432  56.828  -11.069  38.351 0.0000000000
93130  57.158  -10.894  39.600 0.0000000000
93142  56.968  -10.825  39.207 0.0000000000
93132  56.674  -10.510  40.137 0.0000000000
93105  57.193  -9.890  41.442 0.0000000000
88746  54.933  -11.662  47.876 0.0000000000
90286  54.958  -11.078  48.974 0.0000000000
81231  45.825  -17.582  43.371 0.0000000000
81212  46.039  -17.730  44.182 0.0000000000
81195  47.073  -18.022  45.127 0.0000000000
81179  47.874  -17.823  46.320 0.0000000000
70369  37.277  -23.969  52.202 0.0000000000
70349  39.006  -23.909  53.302 0.0000000000
60925  34.061  -29.165  62.575 0.0000000000
62637  34.153  -28.593  62.108 0.0000000000
62608  34.131  -28.595  63.072 0.0000000000
64335  34.260  -28.069  62.726 0.0000000000
64308  34.240  -27.603  63.439 0.0000000000
88937  56.236  -12.046  36.473 0.0000000000
90474  55.934  -11.954  37.006 0.0000000000
90455  56.580  -11.178  37.882 0.0000000000
96721  59.267  -6.177  29.743 0.0000000000
95497  59.662  -6.748  30.291 0.0000000000
95492  60.276  -7.072  30.723 0.0000000000
94329  59.533  -7.747  30.894 0.0000000000
93213  58.809  -8.323  31.070 0.0000000000
59239  27.421  -31.830  63.721 0.0000000000
59188  27.602  -31.745  65.263 0.0000000000
56124  27.848  -32.226  66.308 0.0000000000
60798  14.330  -30.935  71.284 0.0000000000
60789  14.272  -30.984  72.290 0.0000000000
60776  14.372  -31.070  73.223 0.0000000000
59047  12.731  -32.289  75.159 0.0000000000
59054  13.235  -32.020  74.567 0.0000000000
88903  51.858  -12.193  38.366 0.0000000000
90438  51.933  -11.765  39.079 0.0000000000
90418  51.311  -11.386  39.783 0.0000000000
90400  49.975  -11.781  40.501 0.0000000000
91864  50.655  -11.572  40.581 0.0000000000
90384  50.676  -11.892  41.057 0.0000000000
88843  51.545  -12.044  41.717 0.0000000000
87330  52.469  -12.815  42.170 0.0000000000
85838  53.587  -13.572  42.741 0.0000000000
85839  52.770  -13.560  42.540 0.0000000000
84287  53.393  -14.661  43.748 0.0000000000
84272  53.013  -14.912  44.512 0.0000000000
77951  46.010  -19.743  49.528 0.0000000000
76367  45.902  -19.762  51.530 0.0000000000
77884  46.423  -19.387  53.649 0.0000000000
84114  46.572  -15.929  56.540 0.0000000000
88942  51.413  -12.345  36.580 0.0000000000
51667  7.734  -35.925  70.767 0.0000000000
51650  8.610  -36.351  71.619 0.0000000000
50258  7.870  -36.581  71.770 0.0000000000
78071  41.976  -19.885  45.576 0.0000000000
76482  41.908  -20.095  46.836 0.0000000000
78047  39.431  -19.251  46.938 0.0000000000
78021  40.208  -19.396  47.586 0.0000000000
77997  40.530  -19.041  48.577 0.0000000000
79565  41.229  -18.591  50.131 0.0000000000
79551  41.803  -18.261  50.645 0.0000000000
81114  41.336  -18.067  50.798 0.0000000000
82664  41.704  -17.824  50.982 0.0000000000
82617  41.983  -17.802  52.773 0.0000000000
59437  30.760  -30.222  54.897 0.0000000000
57697  32.108  -32.355  59.086 0.0000000000
57684  33.145  -32.120  60.061 0.0000000000
57683  33.436  -31.847  60.352 0.0000000000
59328  33.824  -31.037  60.607 0.0000000000
57670  33.741  -31.782  61.251 0.0000000000
57651  33.935  -31.633  62.283 0.0000000000
54700  29.524  -33.385  64.718 0.0000000000
54681  29.784  -33.826  65.006 0.0000000000
53190  31.379  -34.707  65.484 0.0000000000
54645  34.076  -33.967  67.601 0.0000000000
56123  34.145  -32.657  66.693 0.0000000000
60868  17.729  -29.896  66.286 0.0000000000
62523  17.204  -29.915  66.525 0.0000000000
62546  16.323  -30.117  66.010 0.0000000000
62547  16.008  -30.204  65.989 0.0000000000
59310  14.180  -31.715  60.955 0.0000000000
56177  12.910  -32.423  62.701 0.0000000000
56189  12.790  -32.338  62.231 0.0000000000
59223  14.373  -31.311  64.768 0.0000000000
59199  14.296  -31.474  65.561 0.0000000000
59182  14.187  -31.586  66.336 0.0000000000
56112  10.750  -33.180  67.139 0.0000000000
59457  25.239  -30.420  54.940 0.0000000000
59443  24.939  -30.455  56.030 0.0000000000
61052  22.308  -30.241  57.445 0.0000000000
61050  23.686  -30.651  58.204 0.0000000000
59391  23.939  -30.538  58.878 0.0000000000
59364  24.436  -30.837  59.737 0.0000000000
59194  23.042  -31.070  65.513 0.0000000000
53057  8.863  -34.942  74.383 0.0000000000
53050  8.867  -34.857  74.961 0.0000000000
54543  8.784  -34.882  75.362 0.0000000000
53040  9.269  -34.884  75.748 0.0000000000
87302  59.201  -11.900  44.289 0.0000000000
87258  59.791  -12.058  45.688 0.0000000000
85757  59.709  -12.560  46.086 0.0000000000
87257  59.809  -12.182  46.313 0.0000000000
91839  55.596  -10.244  42.115 0.0000000000
91822  56.386  -10.361  42.724 0.0000000000
90340  57.900  -10.448  44.317 0.0000000000
90283  57.344  -10.431  48.459 0.0000000000
84350  47.109  -14.217  40.640 0.0000000000
81209  49.025  -16.582  44.320 0.0000000000
81228  48.784  -16.326  43.678 0.0000000000
81208  49.765  -16.569  44.561 0.0000000000
82724  50.382  -16.456  44.842 0.0000000000
82723  51.214  -15.838  45.383 0.0000000000
84255  51.394  -15.323  46.304 0.0000000000
84224  51.254  -14.933  47.534 0.0000000000
84209  51.596  -14.424  48.504 0.0000000000
79533  48.509  -18.002  51.366 0.0000000000
79561  48.266  -17.897  49.728 0.0000000000
81112  48.884  -17.515  50.926 0.0000000000
81096  49.117  -17.462  51.628 0.0000000000
81095  49.587  -16.990  51.740 0.0000000000
84173  52.121  -14.512  51.509 0.0000000000
76444  38.515  -19.789  48.156 0.0000000000
76422  39.289  -19.805  48.854 0.0000000000
71844  41.900  -22.688  53.557 0.0000000000
73353  41.815  -22.340  53.063 0.0000000000
73340  43.442  -21.960  54.331 0.0000000000
74813  43.494  -20.669  54.570 0.0000000000
73339  43.689  -21.299  54.932 0.0000000000
74766  43.808  -20.978  56.286 0.0000000000
74741  43.894  -20.803  57.604 0.0000000000
65988  34.094  -26.365  58.612 0.0000000000
66013  34.187  -26.003  57.948 0.0000000000
67393  34.045  -25.229  57.899 0.0000000000
68828  33.894  -24.823  57.329 0.0000000000
71780  34.107  -24.033  56.656 0.0000000000
71799  33.794  -23.655  56.219 0.0000000000
71779  34.261  -23.743  57.174 0.0000000000
71753  34.208  -23.535  58.123 0.0000000000
71752  34.664  -23.162  57.971 0.0000000000
67284  34.567  -26.216  67.058 0.0000000000
68712  34.719  -25.265  66.881 0.0000000000
68728  35.366  -24.798  65.193 0.0000000000
73218  36.598  -23.090  62.035 0.0000000000
73246  36.154  -23.377  61.087 0.0000000000
70183  37.441  -23.980  60.757 0.0000000000
70220  38.777  -24.673  59.557 0.0000000000
70205  39.034  -24.316  60.660 0.0000000000
70180  39.805  -23.409  61.619 0.0000000000
71714  40.369  -23.160  61.511 0.0000000000
90537  55.161  -10.541  32.631 0.0000000000
91986  54.695  -9.945  32.078 0.0000000000
93207  57.337  -9.254  31.690 0.0000000000
93206  57.935  -9.144  31.711 0.0000000000
91983  57.443  -9.809  32.165 0.0000000000
87419  58.503  -12.389  37.749 0.0000000000
87407  59.052  -12.717  38.634 0.0000000000
97951  61.932  -5.452  31.217 0.0000000000
97950  62.463  -5.441  31.413 0.0000000000
97943  63.056  -5.330  31.959 0.0000000000
93181  61.830  -8.450  34.698 0.0000000000
93162  62.346  -9.189  36.256 0.0000000000
91916  62.647  -9.700  37.349 0.0000000000
59174  26.524  -31.472  66.058 0.0000000000
59155  26.835  -31.445  66.452 0.0000000000
59156  26.371  -31.045  66.882 0.0000000000
57560  26.592  -31.564  67.570 0.0000000000
59104  13.265  -32.091  71.293 0.0000000000
59076  12.605  -32.373  73.355 0.0000000000
57489  12.088  -32.908  72.668 0.0000000000
57480  12.201  -32.487  73.253 0.0000000000
59067  12.293  -32.352  73.925 0.0000000000
57459  12.128  -32.572  75.245 0.0000000000
57455  11.693  -32.720  75.674 0.0000000000
54526  11.650  -33.425  76.110 0.0000000000
90439  49.055  -11.513  39.091 0.0000000000
90421  48.964  -11.460  39.534 0.0000000000
90401  49.002  -11.532  40.110 0.0000000000
88864  49.325  -12.020  40.687 0.0000000000
87350  49.962  -12.709  41.003 0.0000000000
76348  44.077  -19.404  52.568 0.0000000000
77910  44.754  -18.962  53.314 0.0000000000
79520  44.406  -18.261  53.216 0.0000000000
81065  45.043  -17.627  54.209 0.0000000000
82571  45.545  -16.434  55.531 0.0000000000
84139  44.796  -16.523  55.059 0.0000000000
84138  45.283  -16.397  55.469 0.0000000000
84115  45.826  -15.970  56.004 0.0000000000
51652  6.626  -35.984  71.542 0.0000000000
50248  6.299  -36.579  72.304 0.0000000000
48924  6.014  -37.227  72.726 0.0000000000
51636  5.646  -35.973  72.726 0.0000000000
50249  5.727  -36.743  72.665 0.0000000000
48905  5.658  -37.767  73.613 0.0000000000
79630  39.183  -18.574  47.128 0.0000000000
79608  39.042  -18.056  47.204 0.0000000000
81145  39.289  -18.107  48.364 0.0000000000
57712  30.249  -32.264  58.627 0.0000000000
56214  31.559  -32.863  60.049 0.0000000000
56207  32.011  -32.959  60.491 0.0000000000
54755  32.339  -33.524  61.475 0.0000000000
59221  18.501  -30.409  63.570 0.0000000000
56150  12.294  -32.718  65.155 0.0000000000
59367  22.107  -30.281  59.761 0.0000000000
59303  21.379  -30.399  61.504 0.0000000000
88852  57.892  -11.827  41.372 0.0000000000
88838  58.164  -11.643  42.242 0.0000000000
90363  58.659  -10.831  42.689 0.0000000000
91872  57.856  -10.591  41.012 0.0000000000
90362  58.946  -10.224  42.354 0.0000000000
90349  58.890  -10.940  43.244 0.0000000000
90338  59.609  -10.712  43.958 0.0000000000
90337  59.831  -10.264  44.309 0.0000000000
91809  59.828  -9.750  44.542 0.0000000000
87281  56.649  -12.540  43.959 0.0000000000
87280  57.275  -12.118  44.535 0.0000000000
87232  57.322  -12.365  45.958 0.0000000000
88769  56.938  -12.113  46.748 0.0000000000
88744  57.321  -11.443  47.332 0.0000000000
90306  56.824  -11.009  48.031 0.0000000000
82805  45.875  -15.601  41.040 0.0000000000
82784  46.884  -16.046  41.805 0.0000000000
82764  47.266  -16.294  42.483 0.0000000000
81177  49.624  -16.957  46.247 0.0000000000
81042  49.797  -17.150  54.809 0.0000000000
79479  50.110  -17.325  54.214 0.0000000000
71883  39.088  -22.856  49.695 0.0000000000
71882  39.776  -22.549  49.755 0.0000000000
71871  39.497  -23.040  50.202 0.0000000000
70387  40.018  -23.359  51.218 0.0000000000
70366  40.633  -23.322  52.687 0.0000000000
70348  40.265  -23.684  53.539 0.0000000000
71793  42.415  -23.208  56.630 0.0000000000
62707  33.364  -28.597  58.026 0.0000000000
64441  33.745  -26.877  58.715 0.0000000000
64389  34.007  -27.893  60.487 0.0000000000
64412  33.971  -26.988  59.171 0.0000000000
65974  34.594  -26.398  59.526 0.0000000000
67371  34.933  -25.580  59.943 0.0000000000
68797  34.683  -24.732  60.495 0.0000000000
90522  52.781  -11.078  33.188 0.0000000000
90521  53.777  -11.167  33.128 0.0000000000
90520  54.722  -11.045  33.306 0.0000000000
90504  55.233  -11.328  33.746 0.0000000000
90502  56.716  -11.569  34.101 0.0000000000
88936  56.986  -11.899  36.545 0.0000000000
87408  57.960  -12.359  38.695 0.0000000000
87370  57.926  -12.360  40.015 0.0000000000
97994  59.921  -5.275  28.740 0.0000000000
97958  60.456  -5.622  29.906 0.0000000000
97959  59.917  -5.718  29.637 0.0000000000
96718  61.593  -5.645  31.108 0.0000000000
96704  62.533  -5.751  32.514 0.0000000000
95483  62.624  -5.983  33.008 0.0000000000
95475  62.414  -6.422  33.303 0.0000000000
94313  62.205  -6.966  33.593 0.0000000000
94298  61.964  -7.698  34.122 0.0000000000
94299  61.444  -8.027  33.559 0.0000000000
93182  61.506  -8.568  33.877 0.0000000000
91956  61.512  -9.262  34.457 0.0000000000
90499  60.992  -10.355  34.407 0.0000000000
59330  27.349  -32.118  60.877 0.0000000000
59295  28.172  -32.402  62.364 0.0000000000
57634  28.792  -32.606  63.591 0.0000000000
59238  27.805  -31.981  63.856 0.0000000000
59237  28.126  -32.153  63.972 0.0000000000
56160  29.116  -32.913  64.436 0.0000000000
54682  29.135  -33.314  65.267 0.0000000000
57594  27.085  -31.549  66.353 0.0000000000
57593  27.414  -31.732  66.122 0.0000000000
56103  27.974  -32.575  67.265 0.0000000000
56083  28.015  -32.789  68.088 0.0000000000
56102  28.223  -33.041  67.656 0.0000000000
60972  17.428  -29.836  59.944 0.0000000000
60841  15.735  -30.274  69.412 0.0000000000
60796  15.388  -29.896  72.140 0.0000000000
62417  15.798  -29.484  73.173 0.0000000000
59053  14.089  -31.758  74.527 0.0000000000
60752  14.705  -31.086  74.445 0.0000000000
90396  54.552  -10.758  40.685 0.0000000000
91859  54.204  -10.295  41.971 0.0000000000
91840  54.376  -10.405  42.132 0.0000000000
88824  55.531  -11.709  42.972 0.0000000000
88905  49.926  -11.893  38.458 0.0000000000
90399  51.636  -11.184  40.499 0.0000000000
91863  51.275  -11.366  40.878 0.0000000000
91862  52.000  -10.996  41.331 0.0000000000
91877  52.211  -10.806  41.135 0.0000000000
91825  53.321  -10.770  42.408 0.0000000000
88825  54.476  -11.936  42.650 0.0000000000
87304  56.015  -12.259  43.356 0.0000000000
87282  55.909  -12.803  43.610 0.0000000000
85759  56.338  -13.352  44.819 0.0000000000
85760  55.699  -13.617  45.187 0.0000000000
85761  54.718  -14.092  45.373 0.0000000000
87234  54.969  -13.039  46.670 0.0000000000
87210  54.477  -12.490  47.288 0.0000000000
87211  53.772  -12.738  47.420 0.0000000000
88724  53.485  -12.348  48.160 0.0000000000
78042  45.971  -18.890  46.123 0.0000000000
78041  46.717  -18.943  46.274 0.0000000000
77994  46.708  -19.268  48.106 0.0000000000
79548  47.099  -18.890  49.618 0.0000000000
77950  46.616  -19.408  50.305 0.0000000000
79547  47.676  -18.602  50.582 0.0000000000
79534  47.972  -18.522  51.908 0.0000000000
79500  48.971  -17.952  53.835 0.0000000000
77885  45.318  -19.127  53.682 0.0000000000
77863  47.234  -18.766  54.367 0.0000000000
81024  46.808  -17.065  56.094 0.0000000000
79482  47.474  -18.129  55.201 0.0000000000
77862  48.079  -18.544  54.357 0.0000000000
79481  48.725  -17.985  54.829 0.0000000000
81043  49.280  -17.482  54.906 0.0000000000
82567  49.544  -15.990  56.091 0.0000000000
70302  36.594  -24.341  55.058 0.0000000000
62515  33.766  -28.825  66.982 0.0000000000
62514  33.813  -28.665  66.428 0.0000000000
64216  33.973  -27.788  67.822 0.0000000000
88994  52.381  -11.641  33.844 0.0000000000
88962  52.733  -12.355  35.567 0.0000000000
90476  54.094  -12.290  37.094 0.0000000000
96761  56.528  -5.022  28.828 0.0000000000
96737  56.826  -5.564  29.235 0.0000000000
53111  10.084  -35.228  70.575 0.0000000000
51648  10.508  -35.380  71.558 0.0000000000
53077  10.202  -35.371  72.838 0.0000000000
51620  9.483  -35.826  73.217 0.0000000000
53066  9.037  -35.294  73.787 0.0000000000
53058  8.280  -35.330  74.805 0.0000000000
53052  7.878  -35.692  75.722 0.0000000000
50247  7.079  -36.939  72.282 0.0000000000
48914  7.735  -37.244  72.987 0.0000000000
50238  7.571  -36.934  73.852 0.0000000000
50226  7.277  -36.705  74.403 0.0000000000
51610  7.134  -36.263  75.052 0.0000000000
51602  7.135  -36.035  75.670 0.0000000000
81252  44.643  -17.553  42.303 0.0000000000
81232  45.053  -17.815  43.098 0.0000000000
79695  45.154  -17.953  43.574 0.0000000000
79650  45.267  -18.520  44.499 0.0000000000
79697  43.845  -18.438  43.057 0.0000000000
79672  44.284  -18.538  43.571 0.0000000000
78068  45.059  -18.821  45.180 0.0000000000
78043  44.767  -19.399  46.394 0.0000000000
76462  44.537  -19.865  47.271 0.0000000000
78045  43.330  -20.131  46.266 0.0000000000
76480  43.700  -19.997  46.769 0.0000000000
76438  44.384  -20.127  48.362 0.0000000000
76418  44.270  -20.157  49.526 0.0000000000
76394  44.126  -19.985  50.705 0.0000000000
76510  40.639  -19.969  45.212 0.0000000000
76465  41.631  -20.085  47.737 0.0000000000
76466  40.762  -19.861  47.608 0.0000000000
77933  43.197  -19.146  52.003 0.0000000000
79522  43.410  -17.980  52.387 0.0000000000
82632  43.624  -17.372  52.976 0.0000000000
81098  42.559  -17.811  51.923 0.0000000000
82614  43.668  -17.022  53.519 0.0000000000
82573  43.593  -17.053  55.639 0.0000000000
82548  43.802  -17.044  56.178 0.0000000000
62813  31.925  -28.631  53.977 0.0000000000
62757  32.962  -29.297  55.093 0.0000000000
61071  33.095  -29.572  56.335 0.0000000000
59420  31.069  -30.589  55.553 0.0000000000
59402  31.933  -31.048  56.571 0.0000000000
59419  32.286  -30.513  55.839 0.0000000000
59401  32.799  -30.380  56.613 0.0000000000
61049  33.226  -29.645  57.325 0.0000000000
60967  33.909  -29.475  60.489 0.0000000000
60943  34.075  -30.135  61.097 0.0000000000
60893  34.046  -29.498  64.042 0.0000000000
60876  34.018  -29.366  64.994 0.0000000000
57671  29.850  -32.860  61.490 0.0000000000
56175  29.638  -33.114  63.281 0.0000000000
56188  30.472  -33.408  62.261 0.0000000000
56187  31.140  -33.449  61.746 0.0000000000
54736  31.643  -33.726  62.194 0.0000000000
51718  31.211  -35.322  66.996 0.0000000000
53174  31.729  -35.150  66.418 0.0000000000
53189  32.484  -34.842  65.843 0.0000000000
53205  32.439  -34.563  64.846 0.0000000000
54715  33.326  -33.371  62.684 0.0000000000
56158  34.312  -32.331  64.408 0.0000000000
57604  34.365  -31.257  65.154 0.0000000000
59187  34.134  -30.152  65.661 0.0000000000
60863  33.966  -29.321  65.988 0.0000000000
59146  22.187  -30.460  68.485 0.0000000000
60836  21.979  -30.510  69.058 0.0000000000
60837  21.290  -30.273  68.862 0.0000000000
62485  20.145  -29.687  68.732 0.0000000000
59180  20.186  -30.617  66.569 0.0000000000
60878  19.091  -30.202  66.055 0.0000000000
60865  19.992  -30.275  67.189 0.0000000000
60839  19.973  -29.795  68.222 0.0000000000
62486  19.599  -29.587  68.689 0.0000000000
62488  17.501  -29.401  68.410 0.0000000000
62505  17.578  -29.727  67.259 0.0000000000
62490  16.276  -29.887  68.990 0.0000000000
60973  16.605  -30.032  60.076 0.0000000000
60946  16.595  -30.176  60.963 0.0000000000
60947  16.081  -30.535  61.345 0.0000000000
60913  15.934  -30.330  63.617 0.0000000000
57673  14.188  -31.799  61.456 0.0000000000
62548  15.585  -30.469  66.305 0.0000000000
60883  14.884  -30.878  65.746 0.0000000000
62526  15.714  -30.434  67.178 0.0000000000
60828  14.610  -31.144  69.283 0.0000000000
59119  13.933  -31.460  69.701 0.0000000000
56133  11.129  -32.978  66.256 0.0000000000
56074  11.998  -33.898  68.959 0.0000000000
54600  11.140  -34.594  70.257 0.0000000000
53133  10.521  -34.786  70.198 0.0000000000
53112  9.145  -35.274  70.183 0.0000000000
53136  7.457  -34.490  69.460 0.0000000000
53113  7.792  -35.145  70.169 0.0000000000
59440  27.772  -30.665  55.455 0.0000000000
59423  27.572  -30.812  56.541 0.0000000000
59406  27.243  -31.072  57.612 0.0000000000
59298  26.189  -31.285  61.672 0.0000000000
59267  26.471  -31.698  62.609 0.0000000000
59214  25.548  -31.638  64.437 0.0000000000
59301  23.355  -30.744  61.574 0.0000000000
59143  24.841  -31.535  67.973 0.0000000000
62436  16.393  -28.974  71.308 0.0000000000
64157  16.909  -28.763  71.715 0.0000000000
53076  10.740  -34.797  72.525 0.0000000000
54555  10.634  -33.731  73.411 0.0000000000
56007  10.252  -33.563  73.966 0.0000000000
54547  9.549  -34.186  74.477 0.0000000000
55997  9.684  -33.881  74.817 0.0000000000
55996  10.275  -33.508  74.470 0.0000000000
55985  10.817  -33.372  75.741 0.0000000000
54527  11.196  -33.578  76.275 0.0000000000
91890  55.509  -10.658  39.696 0.0000000000
93120  56.684  -10.309  40.776 0.0000000000
91837  57.253  -9.735  42.487 0.0000000000
93081  58.208  -9.364  43.052 0.0000000000
93080  58.851  -9.486  43.560 0.0000000000
93072  59.670  -9.598  44.247 0.0000000000
91801  59.812  -10.084  45.416 0.0000000000
88809  57.654  -11.364  44.655 0.0000000000
88808  58.224  -10.970  44.989 0.0000000000
90304  58.357  -10.623  47.541 0.0000000000
90318  58.791  -10.502  46.978 0.0000000000
90329  58.972  -10.461  46.008 0.0000000000
91802  59.313  -10.134  45.601 0.0000000000
90302  59.491  -11.195  47.296 0.0000000000
88885  47.275  -11.923  39.694 0.0000000000
87351  49.122  -12.687  40.922 0.0000000000
85860  49.541  -13.383  41.207 0.0000000000
84327  47.968  -14.283  41.195 0.0000000000
82762  48.678  -15.937  43.185 0.0000000000
84307  48.601  -14.814  41.980 0.0000000000
84326  49.081  -14.163  41.453 0.0000000000
84325  50.083  -14.077  41.571 0.0000000000
84324  50.680  -13.874  41.737 0.0000000000
84288  52.093  -14.807  43.521 0.0000000000
84253  52.727  -14.841  45.456 0.0000000000
84254  51.929  -15.113  45.756 0.0000000000
84235  52.491  -14.622  46.289 0.0000000000
85763  53.215  -14.400  46.098 0.0000000000
87212  53.282  -13.076  47.764 0.0000000000
88703  53.567  -12.401  48.910 0.0000000000
79606  47.154  -18.730  46.431 0.0000000000
79605  47.464  -18.483  47.081 0.0000000000
79604  48.008  -17.934  47.565 0.0000000000
79498  50.411  -17.180  53.865 0.0000000000
81078  50.441  -16.689  52.607 0.0000000000
82647  50.098  -16.414  51.625 0.0000000000
82629  50.980  -16.007  52.376 0.0000000000
82674  50.916  -15.328  49.135 0.0000000000
84197  51.296  -14.895  48.624 0.0000000000
84196  51.496  -14.663  49.234 0.0000000000
85707  51.918  -14.013  48.979 0.0000000000
85664  52.038  -14.235  50.577 0.0000000000
85686  52.354  -13.678  49.397 0.0000000000
87164  53.039  -13.144  49.403 0.0000000000
88676  53.604  -12.463  49.702 0.0000000000
81146  38.629  -18.004  48.141 0.0000000000
81128  39.453  -18.097  49.345 0.0000000000
73389  40.145  -21.714  49.799 0.0000000000
74878  40.029  -20.715  49.741 0.0000000000
76397  40.068  -20.063  50.225 0.0000000000
73367  41.669  -21.882  52.424 0.0000000000
74863  40.690  -20.863  51.226 0.0000000000
77954  39.644  -19.570  50.116 0.0000000000
77913  40.350  -19.046  51.034 0.0000000000
81102  39.619  -18.297  50.302 0.0000000000
81101  40.322  -18.392  50.739 0.0000000000
81100  40.864  -18.087  51.296 0.0000000000
81068  41.585  -17.941  52.507 0.0000000000
79484  42.466  -18.289  54.343 0.0000000000
76314  42.970  -19.645  54.303 0.0000000000
77850  42.689  -18.822  54.742 0.0000000000
79469  42.852  -18.250  54.989 0.0000000000
79468  43.292  -18.132  55.735 0.0000000000
79458  44.175  -18.034  56.422 0.0000000000
67426  33.702  -26.027  56.588 0.0000000000
67427  33.395  -25.835  55.719 0.0000000000
71834  33.519  -23.321  54.494 0.0000000000
71818  33.914  -23.531  55.067 0.0000000000
70305  34.344  -23.658  54.733 0.0000000000
70304  34.962  -23.885  54.980 0.0000000000
70278  36.089  -24.217  55.700 0.0000000000
70277  36.764  -24.123  55.919 0.0000000000
64258  33.891  -28.027  65.629 0.0000000000
65863  34.781  -26.630  65.178 0.0000000000
65885  34.904  -26.350  64.088 0.0000000000
65904  34.622  -26.786  63.314 0.0000000000
67339  35.390  -25.825  61.830 0.0000000000
67353  35.289  -25.189  61.748 0.0000000000
70120  35.547  -23.965  64.508 0.0000000000
71599  35.675  -23.096  64.210 0.0000000000
71600  35.537  -23.568  63.786 0.0000000000
70138  35.411  -24.112  63.401 0.0000000000
68763  34.875  -24.252  62.091 0.0000000000
70161  34.713  -23.992  61.750 0.0000000000
71717  34.531  -23.766  60.311 0.0000000000
73249  34.473  -23.515  59.687 0.0000000000
73270  34.869  -23.290  59.546 0.0000000000
71735  35.223  -23.440  59.110 0.0000000000
71715  36.158  -23.509  60.028 0.0000000000
71750  36.041  -24.022  57.695 0.0000000000
71774  36.860  -24.494  56.826 0.0000000000
70275  38.497  -24.293  56.179 0.0000000000
70274  39.529  -24.311  56.428 0.0000000000
70234  39.842  -24.632  58.677 0.0000000000
71773  41.462  -23.709  57.812 0.0000000000
71772  42.199  -23.212  57.964 0.0000000000
73187  39.473  -22.341  63.253 0.0000000000
71659  40.149  -22.529  62.634 0.0000000000
71686  40.872  -22.609  61.881 0.0000000000
74670  41.440  -20.965  62.824 0.0000000000
73215  41.631  -21.839  61.613 0.0000000000
73245  41.459  -22.530  60.849 0.0000000000
71731  41.818  -22.861  60.038 0.0000000000
73298  42.862  -22.465  57.802 0.0000000000
73283  43.291  -21.599  58.233 0.0000000000
74728  43.297  -21.144  58.829 0.0000000000
76215  43.658  -20.592  58.720 0.0000000000
76173  43.356  -19.793  60.405 0.0000000000
76191  44.167  -19.501  59.245 0.0000000000
96738  55.835  -5.458  29.043 0.0000000000
95500  56.919  -6.937  29.691 0.0000000000
94330  58.440  -8.110  30.627 0.0000000000
93205  59.072  -8.796  31.659 0.0000000000
91981  59.579  -9.474  32.473 0.0000000000
91968  60.168  -10.023  32.962 0.0000000000
90514  60.448  -10.325  33.631 0.0000000000
88973  61.092  -10.948  34.923 0.0000000000
88990  58.501  -11.599  33.958 0.0000000000
87431  59.358  -12.281  35.792 0.0000000000
87441  59.822  -12.092  35.228 0.0000000000
88974  60.352  -11.519  34.693 0.0000000000
88954  61.205  -11.091  35.724 0.0000000000
88932  61.488  -10.933  36.715 0.0000000000
88899  61.597  -11.826  38.550 0.0000000000
48922  7.362  -37.185  72.761 0.0000000000
48925  5.572  -37.069  72.795 0.0000000000
51621  8.663  -36.151  73.608 0.0000000000
51699  32.158  -35.197  67.597 0.0000000000
51700  31.914  -35.295  67.555 0.0000000000
51716  32.227  -35.195  67.375 0.0000000000
53030  10.956  -34.096  76.239 0.0000000000
53092  10.529  -35.257  71.193 0.0000000000
53109  11.353  -34.598  71.505 0.0000000000
53173  32.754  -34.896  66.892 0.0000000000
54535  10.382  -33.982  75.737 0.0000000000
54536  9.741  -34.317  75.399 0.0000000000
54537  9.076  -34.733  75.453 0.0000000000
54546  10.022  -33.748  74.162 0.0000000000
54567  10.856  -33.890  72.882 0.0000000000
54579  11.651  -34.140  72.073 0.0000000000
54646  33.177  -34.541  67.407 0.0000000000
54664  33.127  -34.500  67.095 0.0000000000
54683  28.598  -32.963  65.690 0.0000000000
54735  32.696  -33.640  61.941 0.0000000000
54756  32.112  -33.685  61.685 0.0000000000
55975  11.450  -33.171  76.012 0.0000000000
55976  11.091  -33.325  76.113 0.0000000000
55983  11.771  -32.773  75.905 0.0000000000
55989  10.446  -33.452  75.175 0.0000000000
56006  10.819  -33.332  73.563 0.0000000000
56030  12.131  -33.326  72.356 0.0000000000
56142  28.755  -32.800  65.175 0.0000000000
56159  29.480  -33.142  63.907 0.0000000000
56186  33.133  -33.274  61.696 0.0000000000
56190  12.248  -32.430  62.105 0.0000000000
56205  33.210  -32.258  60.341 0.0000000000
56212  32.591  -32.454  59.545 0.0000000000
57456  11.243  -32.964  75.628 0.0000000000
57470  11.029  -32.940  74.485 0.0000000000
57471  10.654  -33.248  74.859 0.0000000000
57559  26.932  -31.944  67.871 0.0000000000
57615  28.348  -32.319  64.376 0.0000000000
57695  33.507  -31.394  60.026 0.0000000000
57696  33.174  -31.869  59.378 0.0000000000
59046  13.302  -31.999  75.088 0.0000000000
59077  12.182  -32.435  73.606 0.0000000000
59141  26.515  -31.650  67.930 0.0000000000
59154  34.299  -29.979  67.640 0.0000000000
59162  20.361  -30.419  67.236 0.0000000000
59170  34.175  -29.897  66.512 0.0000000000
59173  27.142  -31.498  65.902 0.0000000000
59189  27.359  -31.605  65.191 0.0000000000
59209  28.065  -32.087  64.281 0.0000000000
59210  27.922  -31.962  64.578 0.0000000000
59277  17.333  -30.128  61.717 0.0000000000
59392  23.397  -30.561  59.209 0.0000000000
59418  32.795  -30.119  56.054 0.0000000000
60787  15.593  -30.078  72.895 0.0000000000
60894  33.846  -28.951  64.068 0.0000000000
60895  18.507  -30.300  64.644 0.0000000000
60900  14.669  -30.805  65.151 0.0000000000
61024  23.651  -30.585  58.599 0.0000000000
62469  20.890  -29.816  69.572 0.0000000000
62536  33.845  -28.939  64.826 0.0000000000
62557  33.775  -28.370  64.964 0.0000000000
62570  15.803  -30.364  65.533 0.0000000000
62787  32.874  -28.256  55.288 0.0000000000
64283  33.828  -28.332  64.065 0.0000000000
64309  34.053  -28.203  63.599 0.0000000000
64513  32.856  -27.917  55.649 0.0000000000
65838  34.689  -26.488  65.784 0.0000000000
65917  35.434  -25.886  62.779 0.0000000000
65918  35.184  -26.350  62.509 0.0000000000
65957  34.898  -26.126  59.866 0.0000000000
65973  34.766  -26.115  59.658 0.0000000000
67325  35.475  -25.444  62.995 0.0000000000
67370  34.856  -25.912  59.771 0.0000000000
67381  34.730  -25.889  59.558 0.0000000000
67392  34.279  -25.505  58.377 0.0000000000
67405  34.130  -25.592  57.901 0.0000000000
67406  33.986  -25.663  57.427 0.0000000000
68762  35.275  -24.637  62.495 0.0000000000
68779  35.312  -24.871  62.003 0.0000000000
68816  34.458  -25.094  58.814 0.0000000000
70137  35.424  -23.627  63.072 0.0000000000
70158  37.995  -23.648  62.186 0.0000000000
70160  35.076  -23.835  62.471 0.0000000000
70181  39.195  -23.803  61.521 0.0000000000
70184  34.663  -24.139  60.908 0.0000000000
70223  34.157  -24.110  59.281 0.0000000000
70224  34.072  -24.065  58.799 0.0000000000
70232  41.697  -23.636  58.984 0.0000000000
70233  40.938  -24.285  58.941 0.0000000000
70255  37.005  -24.307  56.441 0.0000000000
70256  34.205  -24.253  56.976 0.0000000000
70257  33.712  -24.351  56.460 0.0000000000
70279  35.477  -24.023  55.592 0.0000000000
70329  35.343  -23.957  54.150 0.0000000000
70332  33.304  -23.243  54.109 0.0000000000
71625  35.571  -23.216  63.383 0.0000000000
71626  35.478  -23.609  63.416 0.0000000000
71657  41.181  -21.996  62.467 0.0000000000
71685  41.255  -22.121  62.233 0.0000000000
71688  39.286  -23.231  61.909 0.0000000000
71691  35.293  -23.366  61.601 0.0000000000
71692  34.970  -23.703  61.304 0.0000000000
71712  41.505  -22.703  60.624 0.0000000000
71713  41.089  -23.049  61.074 0.0000000000
71718  34.256  -23.669  59.426 0.0000000000
71732  41.349  -23.194  60.500 0.0000000000
71736  34.451  -23.213  58.821 0.0000000000
71738  33.736  -23.325  59.129 0.0000000000
71749  36.778  -24.448  57.383 0.0000000000
71794  41.499  -23.692  57.166 0.0000000000
71795  36.227  -24.168  56.171 0.0000000000
71814  43.132  -22.339  55.504 0.0000000000
71817  34.498  -23.716  55.193 0.0000000000
71856  40.467  -23.114  51.405 0.0000000000
71869  40.694  -22.469  51.257 0.0000000000
71884  38.521  -22.860  49.417 0.0000000000
71894  39.426  -22.360  49.334 0.0000000000
73185  41.345  -21.687  62.500 0.0000000000
73186  40.532  -21.793  63.197 0.0000000000
73192  35.541  -23.048  61.775 0.0000000000
73216  41.389  -22.420  61.171 0.0000000000
73217  37.218  -23.103  62.756 0.0000000000
73250  33.915  -23.466  59.002 0.0000000000
73269  35.217  -23.303  59.847 0.0000000000
73271  34.138  -23.404  59.060 0.0000000000
73272  33.682  -23.075  59.043 0.0000000000
73284  42.814  -22.108  58.588 0.0000000000
73296  43.768  -21.072  57.072 0.0000000000
73309  43.753  -21.177  56.714 0.0000000000
73325  43.187  -22.266  55.126 0.0000000000
73352  42.386  -21.799  53.271 0.0000000000
73390  39.749  -21.183  49.469 0.0000000000
73402  39.794  -22.118  49.358 0.0000000000
73420  38.793  -21.147  48.739 0.0000000000
74651  40.698  -21.112  63.999 0.0000000000
74655  37.026  -22.371  63.837 0.0000000000
74727  43.728  -20.814  58.343 0.0000000000
74742  43.529  -21.238  58.076 0.0000000000
74791  44.025  -20.005  56.022 0.0000000000
74831  41.747  -20.331  52.327 0.0000000000
74849  41.312  -20.785  51.908 0.0000000000
74879  39.491  -20.664  49.287 0.0000000000
76174  42.718  -20.307  60.829 0.0000000000
76213  44.450  -19.493  58.527 0.0000000000
76214  44.141  -20.181  58.416 0.0000000000
76244  44.542  -19.724  57.814 0.0000000000
76277  43.906  -19.296  56.172 0.0000000000
76298  43.921  -19.614  56.070 0.0000000000
76300  43.089  -19.320  55.063 0.0000000000
76313  43.529  -19.882  54.967 0.0000000000
76326  45.455  -19.493  53.198 0.0000000000
76327  45.078  -19.317  53.237 0.0000000000
76329  41.877  -19.673  52.664 0.0000000000
76347  44.724  -19.599  52.758 0.0000000000
76370  43.314  -19.376  51.503 0.0000000000
76372  40.374  -20.103  50.891 0.0000000000
76398  39.689  -19.980  49.626 0.0000000000
76421  41.500  -19.542  49.423 0.0000000000
76423  38.804  -19.400  48.680 0.0000000000
76443  38.928  -20.230  48.522 0.0000000000
76461  45.180  -19.677  47.397 0.0000000000
76496  42.179  -19.967  46.127 0.0000000000
76512  39.377  -19.912  45.271 0.0000000000
77812  44.624  -18.950  57.674 0.0000000000
77849  43.035  -18.784  55.465 0.0000000000
77861  48.591  -18.286  54.172 0.0000000000
77907  48.166  -18.665  53.023 0.0000000000
77911  44.134  -18.979  53.012 0.0000000000
77931  46.621  -19.499  51.261 0.0000000000
77932  43.620  -19.079  52.507 0.0000000000
77934  40.446  -19.524  51.174 0.0000000000
77935  40.013  -19.417  50.608 0.0000000000
77952  43.055  -19.018  51.341 0.0000000000
77953  42.766  -18.994  50.785 0.0000000000
77973  42.209  -19.080  50.380 0.0000000000
77974  41.519  -19.180  49.892 0.0000000000
77975  41.058  -18.873  49.403 0.0000000000
77976  38.890  -19.091  49.124 0.0000000000
77998  39.884  -18.603  48.279 0.0000000000
77999  38.255  -19.004  48.016 0.0000000000
78017  47.336  -18.911  47.428 0.0000000000
78018  46.860  -19.144  46.985 0.0000000000
78020  45.088  -19.642  47.061 0.0000000000
78044  43.808  -19.823  46.146 0.0000000000
78072  39.616  -20.089  46.014 0.0000000000
78094  44.840  -18.671  44.452 0.0000000000
78121  43.930  -18.766  43.540 0.0000000000
79446  44.412  -17.557  56.808 0.0000000000
79457  44.665  -18.445  56.968 0.0000000000
79503  42.172  -18.327  53.565 0.0000000000
79504  41.718  -18.361  52.781 0.0000000000
79517  49.693  -17.430  52.671 0.0000000000
79523  41.061  -18.377  52.059 0.0000000000
79535  43.340  -18.684  52.295 0.0000000000
79536  42.889  -18.408  51.934 0.0000000000
79537  42.511  -18.078  51.443 0.0000000000
79538  39.832  -18.692  50.513 0.0000000000
79539  39.344  -18.394  50.222 0.0000000000
79546  48.464  -17.878  50.549 0.0000000000
79552  39.459  -19.115  50.231 0.0000000000
79563  47.131  -18.945  48.770 0.0000000000
79568  38.338  -18.548  48.257 0.0000000000
79582  47.181  -19.059  48.339 0.0000000000
79607  39.388  -18.328  47.821 0.0000000000
79626  47.824  -17.914  46.798 0.0000000000
79627  47.390  -18.155  46.247 0.0000000000
79628  46.793  -18.619  45.815 0.0000000000
79651  38.821  -18.919  46.506 0.0000000000
79669  46.104  -17.909  44.623 0.0000000000
79671  44.829  -18.373  43.957 0.0000000000
81000  44.110  -17.404  56.524 0.0000000000
81009  44.005  -17.125  56.445 0.0000000000
81021  50.040  -16.548  55.302 0.0000000000
81026  42.672  -17.968  54.582 0.0000000000
81047  42.791  -17.717  54.432 0.0000000000
81063  50.131  -17.083  52.867 0.0000000000
81064  45.664  -17.867  54.780 0.0000000000
81067  42.092  -17.972  53.116 0.0000000000
81081  44.622  -17.797  53.557 0.0000000000
81082  44.121  -17.667  53.224 0.0000000000
81083  43.626  -17.685  52.716 0.0000000000
81084  43.177  -17.631  52.523 0.0000000000
81085  41.073  -17.997  52.169 0.0000000000
81086  40.816  -18.214  51.465 0.0000000000
81113  42.149  -17.923  51.122 0.0000000000
81116  39.583  -18.103  50.076 0.0000000000
81126  40.816  -18.385  49.979 0.0000000000
81130  38.504  -18.278  48.551 0.0000000000
81147  38.103  -18.134  47.854 0.0000000000
81164  39.067  -17.982  47.611 0.0000000000
81250  46.835  -16.498  42.404 0.0000000000
82594  45.735  -17.164  55.113 0.0000000000
82612  44.665  -17.280  54.086 0.0000000000
82613  44.264  -17.188  53.663 0.0000000000
82616  42.391  -17.611  53.338 0.0000000000
82630  50.391  -16.527  52.213 0.0000000000
82635  41.745  -17.761  52.446 0.0000000000
82648  42.271  -17.635  51.874 0.0000000000
82649  41.839  -17.625  51.626 0.0000000000
82673  51.306  -15.048  49.568 0.0000000000
82685  51.033  -15.274  48.146 0.0000000000
82722  51.793  -15.463  45.090 0.0000000000
82741  49.188  -16.171  43.680 0.0000000000
82763  47.827  -16.125  42.868 0.0000000000
82781  49.098  -15.313  42.615 0.0000000000
84116  45.097  -16.042  55.894 0.0000000000
84140  44.385  -16.503  54.717 0.0000000000
84184  51.201  -15.277  50.180 0.0000000000
84237  51.110  -15.129  46.877 0.0000000000
84251  54.159  -14.512  45.161 0.0000000000
84306  49.637  -14.769  42.036 0.0000000000
85537  45.947  -15.435  57.259 0.0000000000
85564  45.953  -15.465  56.981 0.0000000000
85652  52.097  -14.320  51.107 0.0000000000
85736  59.624  -13.230  46.162 0.0000000000
85737  55.232  -13.522  45.988 0.0000000000
85782  56.539  -13.133  44.443 0.0000000000
85783  55.895  -13.391  44.096 0.0000000000
85785  54.245  -14.403  43.992 0.0000000000
85810  55.015  -13.491  43.361 0.0000000000
85811  54.070  -14.114  43.456 0.0000000000
85812  53.039  -14.142  43.132 0.0000000000
85840  51.898  -13.697  42.264 0.0000000000
85903  59.549  -13.203  40.343 0.0000000000
87259  57.550  -12.065  45.220 0.0000000000
87260  56.963  -12.890  45.064 0.0000000000
87329  53.264  -12.881  42.373 0.0000000000
87371  48.524  -12.352  40.717 0.0000000000
87372  47.798  -12.646  40.563 0.0000000000
87388  57.741  -12.277  39.391 0.0000000000
87409  57.615  -12.169  39.036 0.0000000000
87416  61.232  -12.090  37.492 0.0000000000
87422  60.533  -12.173  36.848 0.0000000000
87440  60.196  -11.922  35.326 0.0000000000
88742  58.375  -10.914  46.925 0.0000000000
88748  53.569  -12.507  47.769 0.0000000000
88791  58.457  -10.996  45.735 0.0000000000
88792  57.989  -11.530  45.433 0.0000000000
88827  53.060  -11.451  42.500 0.0000000000
88839  54.217  -12.505  42.550 0.0000000000
88840  53.739  -12.294  42.460 0.0000000000
88853  51.048  -12.044  41.389 0.0000000000
88855  49.683  -12.345  40.833 0.0000000000
88862  57.432  -11.982  39.909 0.0000000000
88863  50.071  -12.088  40.739 0.0000000000
88879  57.439  -11.839  39.221 0.0000000000
88881  50.428  -11.767  39.142 0.0000000000
88882  49.745  -11.759  38.993 0.0000000000
88901  57.623  -12.147  38.734 0.0000000000
88902  57.505  -12.031  38.875 0.0000000000
88918  61.493  -11.517  37.531 0.0000000000
88919  61.143  -12.013  37.207 0.0000000000
88920  57.822  -12.092  38.012 0.0000000000
88934  60.369  -12.024  36.172 0.0000000000
88955  60.524  -11.791  35.700 0.0000000000
90328  59.124  -10.376  46.251 0.0000000000
90347  59.646  -9.914  43.821 0.0000000000
90348  59.322  -10.350  43.338 0.0000000000
90350  57.614  -10.107  43.773 0.0000000000
90353  54.915  -11.196  42.673 0.0000000000
90354  53.883  -11.113  42.600 0.0000000000
90355  53.188  -11.109  42.543 0.0000000000
90364  52.662  -11.315  42.315 0.0000000000
90366  51.485  -11.717  41.508 0.0000000000
90375  58.818  -10.152  41.976 0.0000000000
90377  54.965  -10.322  41.474 0.0000000000
90378  54.668  -10.433  41.407 0.0000000000
90381  52.513  -10.750  41.192 0.0000000000
90382  51.901  -11.194  41.456 0.0000000000
90393  57.523  -11.467  40.315 0.0000000000
90394  54.734  -10.229  41.167 0.0000000000
90395  54.944  -10.467  41.209 0.0000000000
90413  57.351  -11.472  39.268 0.0000000000
90414  57.380  -11.472  39.789 0.0000000000
90420  49.496  -11.568  39.410 0.0000000000
90433  56.656  -10.909  38.351 0.0000000000
90453  57.419  -11.695  38.348 0.0000000000
90454  56.885  -11.183  38.177 0.0000000000
90475  54.438  -12.119  37.325 0.0000000000
90487  61.709  -10.134  35.895 0.0000000000
91795  58.978  -10.378  47.085 0.0000000000
91842  52.578  -10.813  42.030 0.0000000000
91843  52.144  -11.058  41.622 0.0000000000
91855  59.059  -9.992  42.090 0.0000000000
91857  55.208  -10.331  41.480 0.0000000000
91861  52.750  -10.684  41.568 0.0000000000
91874  55.183  -10.428  41.267 0.0000000000
91876  55.335  -10.620  40.307 0.0000000000
91878  51.692  -11.098  40.806 0.0000000000
91879  51.053  -11.378  40.483 0.0000000000
91880  50.090  -11.551  40.157 0.0000000000
91881  49.330  -11.488  39.918 0.0000000000
91888  57.336  -11.054  39.981 0.0000000000
91893  49.859  -11.542  39.821 0.0000000000
91902  56.956  -11.107  38.562 0.0000000000
91903  56.637  -10.722  38.800 0.0000000000
91905  55.850  -10.541  39.470 0.0000000000
91918  57.172  -11.387  37.807 0.0000000000
91920  56.806  -11.427  37.627 0.0000000000
91932  62.048  -9.603  36.441 0.0000000000
91933  57.188  -11.552  37.700 0.0000000000
91934  56.997  -11.520  37.499 0.0000000000
91935  56.815  -11.546  37.417 0.0000000000
93071  59.815  -9.740  44.164 0.0000000000
93078  59.690  -9.437  44.148 0.0000000000
93079  59.449  -9.571  43.916 0.0000000000
93089  57.668  -9.531  42.306 0.0000000000
93090  57.036  -9.945  42.024 0.0000000000
93091  56.429  -10.130  41.948 0.0000000000
93119  57.167  -10.207  40.698 0.0000000000
93122  55.666  -10.549  40.146 0.0000000000
93131  56.995  -10.626  39.951 0.0000000000
93133  56.249  -10.508  40.168 0.0000000000
93134  55.871  -10.497  39.984 0.0000000000
93141  57.124  -10.996  39.053 0.0000000000
93143  56.632  -10.600  39.456 0.0000000000
93144  56.250  -10.511  39.667 0.0000000000
94312  62.532  -6.578  33.748 0.0000000000
95476  61.989  -6.805  32.977 0.0000000000
95490  61.671  -6.334  31.840 0.0000000000
96696  63.276  -5.712  32.958 0.0000000000
96697  63.120  -5.676  33.083 0.0000000000
96711  62.098  -5.756  31.787 0.0000000000
96735  58.823  -5.701  29.430 0.0000000000
96736  57.802  -5.664  29.367 0.0000000000
97937  63.041  -5.346  32.814 0.0000000000
97944  62.895  -5.303  32.389 0.0000000000
