#!ascii label  , from subject sub-01 vox2ras=TkReg
1339
85334  9.122  -13.625  70.030 0.0000000000
73208  2.544  -23.510  62.340 0.0000000000
69946  10.213  -23.933  76.107 0.0000000000
74541  6.188  -18.514  71.011 0.0000000000
79379  3.755  -17.307  61.672 0.0000000000
79143  10.673  -18.458  75.414 0.0000000000
82274  7.133  -16.999  75.001 0.0000000000
83894  10.865  -14.756  65.832 0.0000000000
77526  13.137  -19.381  72.490 0.0000000000
65722  12.223  -25.479  76.077 0.0000000000
83841  3.279  -14.023  70.167 0.0000000000
77621  5.423  -17.734  66.555 0.0000000000
83896  5.039  -14.391  66.355 0.0000000000
68591  5.988  -25.779  75.215 0.0000000000
70011  7.605  -24.981  71.414 0.0000000000
73011  8.485  -20.293  74.407 0.0000000000
83800  3.793  -14.825  73.722 0.0000000000
73110  8.763  -22.056  66.016 0.0000000000
74723  8.437  -20.624  60.085 0.0000000000
74825  3.675  -20.500  54.410 0.0000000000
84045  1.738  -14.972  58.574 0.0000000000
80795  9.855  -16.572  72.428 0.0000000000
82295  8.210  -15.975  73.239 0.0000000000
83867  9.972  -14.964  68.094 0.0000000000
79221  11.639  -17.182  69.321 0.0000000000
80793  11.083  -16.931  71.680 0.0000000000
79150  12.077  -18.770  74.328 0.0000000000
83869  4.357  -14.040  68.487 0.0000000000
68583  8.027  -25.965  75.541 0.0000000000
69959  8.318  -24.738  74.663 0.0000000000
71447  10.142  -21.957  75.489 0.0000000000
85296  6.253  -13.388  73.939 0.0000000000
82279  5.178  -15.949  75.308 0.0000000000
69939  11.196  -24.114  76.658 0.0000000000
62376  10.048  -27.190  76.896 0.0000000000
65720  8.975  -26.872  76.784 0.0000000000
64113  6.460  -27.300  75.923 0.0000000000
74521  9.400  -20.940  71.033 0.0000000000
71530  9.170  -22.869  68.722 0.0000000000
76047  8.935  -19.408  69.255 0.0000000000
77708  4.504  -17.757  63.687 0.0000000000
77704  8.338  -18.768  63.020 0.0000000000
77749  6.766  -18.122  60.441 0.0000000000
73314  7.325  -21.170  56.018 0.0000000000
77824  4.450  -18.675  57.643 0.0000000000
72981  10.694  -20.858  76.733 0.0000000000
75946  9.150  -19.399  77.038 0.0000000000
79145  9.322  -18.010  75.729 0.0000000000
83805  7.241  -14.336  73.372 0.0000000000
83930  12.298  -14.408  64.099 0.0000000000
79290  13.746  -17.463  64.599 0.0000000000
79258  11.985  -17.071  66.165 0.0000000000
76029  14.079  -19.410  69.719 0.0000000000
74478  13.426  -21.696  74.411 0.0000000000
72993  12.339  -21.094  75.807 0.0000000000
79210  3.059  -17.515  70.420 0.0000000000
77586  5.921  -17.735  68.550 0.0000000000
80844  2.815  -16.587  68.722 0.0000000000
80873  2.951  -16.553  66.683 0.0000000000
82423  3.286  -15.761  64.674 0.0000000000
86857  9.318  -12.538  68.668 0.0000000000
83929  17.149  -14.215  64.430 0.0000000000
83879  16.782  -13.938  66.779 0.0000000000
86895  13.014  -12.160  65.191 0.0000000000
86883  10.574  -12.407  66.305 0.0000000000
67201  3.853  -26.348  73.870 0.0000000000
71465  4.322  -25.247  72.211 0.0000000000
69968  6.031  -25.472  73.663 0.0000000000
69978  9.636  -23.266  72.996 0.0000000000
73050  7.337  -19.387  72.643 0.0000000000
75949  7.775  -19.008  76.250 0.0000000000
75968  5.966  -18.340  73.988 0.0000000000
77530  4.556  -18.136  72.135 0.0000000000
85312  3.265  -14.353  71.965 0.0000000000
71515  5.222  -24.419  68.950 0.0000000000
73113  5.672  -23.462  66.896 0.0000000000
71644  6.002  -23.380  63.911 0.0000000000
77639  8.405  -18.414  65.896 0.0000000000
71641  8.552  -21.559  62.882 0.0000000000
73261  5.288  -22.803  60.421 0.0000000000
70285  6.023  -23.732  56.422 0.0000000000
70361  4.750  -23.664  53.374 0.0000000000
85439  5.211  -13.341  63.984 0.0000000000
83964  2.425  -14.502  62.973 0.0000000000
86937  1.825  -12.915  61.903 0.0000000000
79423  2.222  -16.527  60.073 0.0000000000
76235  1.954  -18.681  57.551 0.0000000000
82314  9.494  -15.802  71.529 0.0000000000
83823  9.029  -15.084  71.404 0.0000000000
85335  8.683  -13.612  70.525 0.0000000000
82355  9.748  -14.935  69.194 0.0000000000
80825  10.780  -16.299  69.544 0.0000000000
82329  10.255  -16.241  70.647 0.0000000000
80794  10.679  -16.996  72.303 0.0000000000
157195  1.660  -23.883  61.080 0.0000000000
71726  2.793  -23.301  60.282 0.0000000000
69947  9.565  -24.468  75.819 0.0000000000
69952  9.761  -23.823  75.189 0.0000000000
71446  10.627  -23.014  75.624 0.0000000000
80945  14.702  -16.279  62.386 0.0000000000
69940  10.761  -24.350  76.592 0.0000000000
67176  10.519  -25.796  76.974 0.0000000000
68576  9.731  -25.541  76.628 0.0000000000
67182  8.890  -25.960  76.328 0.0000000000
76000  8.019  -19.153  71.394 0.0000000000
76014  9.174  -19.738  70.296 0.0000000000
77552  7.861  -18.682  70.342 0.0000000000
79350  4.180  -17.568  62.877 0.0000000000
79377  5.809  -17.709  62.029 0.0000000000
79402  5.068  -17.523  60.525 0.0000000000
77796  5.581  -18.556  58.723 0.0000000000
79421  3.729  -17.286  59.786 0.0000000000
75950  10.692  -19.597  76.359 0.0000000000
77464  10.257  -19.065  76.471 0.0000000000
79144  10.084  -18.067  75.792 0.0000000000
82296  7.517  -15.379  73.165 0.0000000000
86796  7.531  -12.261  73.270 0.0000000000
83909  11.355  -14.446  65.211 0.0000000000
82398  11.697  -15.994  64.919 0.0000000000
80871  11.414  -16.361  66.104 0.0000000000
79208  12.352  -17.883  70.259 0.0000000000
79219  12.878  -18.237  69.580 0.0000000000
77550  13.805  -18.887  70.916 0.0000000000
77499  13.571  -20.315  73.227 0.0000000000
79151  11.646  -18.663  74.659 0.0000000000
77477  12.311  -19.522  75.245 0.0000000000
75956  12.152  -19.580  75.759 0.0000000000
74462  11.856  -20.810  76.141 0.0000000000
82331  2.799  -15.687  70.620 0.0000000000
79222  2.885  -17.451  69.149 0.0000000000
82342  3.096  -15.515  69.465 0.0000000000
85394  4.849  -14.052  67.329 0.0000000000
82367  3.866  -15.971  67.466 0.0000000000
82381  4.245  -15.583  66.269 0.0000000000
80889  2.739  -16.668  65.545 0.0000000000
83913  3.991  -15.571  65.422 0.0000000000
86894  14.151  -12.039  65.617 0.0000000000
68597  4.458  -25.803  74.317 0.0000000000
68604  4.907  -25.689  74.012 0.0000000000
69961  6.305  -25.572  74.494 0.0000000000
71453  9.746  -22.428  74.115 0.0000000000
69965  9.245  -24.065  73.790 0.0000000000
71463  9.574  -22.110  73.693 0.0000000000
74512  9.377  -20.832  72.993 0.0000000000
73026  8.520  -20.300  73.861 0.0000000000
79138  8.557  -18.536  76.302 0.0000000000
75947  8.668  -19.313  76.758 0.0000000000
79148  7.378  -17.784  75.333 0.0000000000
80777  4.529  -16.267  74.512 0.0000000000
79155  5.256  -17.113  75.055 0.0000000000
79168  4.744  -17.128  74.196 0.0000000000
75973  5.498  -18.436  73.024 0.0000000000
80788  4.011  -16.602  72.992 0.0000000000
82309  3.298  -16.137  72.240 0.0000000000
83809  3.786  -14.707  72.925 0.0000000000
77638  14.151  -18.602  65.923 0.0000000000
77659  14.997  -18.719  64.987 0.0000000000
65736  12.784  -25.526  74.974 0.0000000000
62418  11.002  -26.466  74.252 0.0000000000
62397  11.114  -26.524  75.634 0.0000000000
62378  8.410  -27.673  76.292 0.0000000000
60742  8.530  -27.828  75.879 0.0000000000
67189  6.288  -26.133  75.499 0.0000000000
65733  4.556  -26.454  75.108 0.0000000000
69997  5.418  -24.907  71.668 0.0000000000
71489  4.527  -24.483  70.651 0.0000000000
68642  6.168  -24.578  70.436 0.0000000000
73093  8.821  -22.369  67.298 0.0000000000
71550  6.975  -23.574  67.652 0.0000000000
73111  7.896  -22.895  66.267 0.0000000000
71590  6.161  -23.431  65.140 0.0000000000
73149  7.327  -22.866  64.781 0.0000000000
77600  5.662  -17.739  67.571 0.0000000000
77599  6.729  -17.923  67.657 0.0000000000
77640  7.443  -17.777  65.737 0.0000000000
76170  8.542  -19.459  61.389 0.0000000000
74682  8.981  -20.233  62.808 0.0000000000
73231  8.544  -21.279  61.707 0.0000000000
73232  7.734  -22.173  61.816 0.0000000000
73278  7.430  -21.854  59.640 0.0000000000
71759  5.843  -22.814  58.845 0.0000000000
71757  7.293  -22.292  58.603 0.0000000000
74806  5.633  -20.564  55.292 0.0000000000
71839  6.320  -22.666  54.456 0.0000000000
73374  4.972  -21.851  52.789 0.0000000000
88403  4.191  -11.571  63.106 0.0000000000
85441  3.449  -13.479  63.233 0.0000000000
86923  2.895  -12.455  62.910 0.0000000000
85507  1.873  -13.988  59.086 0.0000000000
85493  1.831  -13.675  60.287 0.0000000000
82499  1.730  -15.250  60.625 0.0000000000
82525  1.555  -15.575  59.026 0.0000000000
77800  2.031  -17.828  58.006 0.0000000000
80991  1.243  -16.635  57.819 0.0000000000
80770  10.188  -17.520  74.086 0.0000000000
80771  9.231  -17.059  74.128 0.0000000000
80785  9.533  -16.674  73.344 0.0000000000
82380  10.399  -14.817  67.072 0.0000000000
80841  11.329  -16.569  68.353 0.0000000000
80842  10.810  -16.328  68.891 0.0000000000
80817  11.353  -16.739  69.943 0.0000000000
79183  12.015  -17.950  71.597 0.0000000000
77516  12.540  -19.139  73.218 0.0000000000
77529  11.469  -18.018  72.610 0.0000000000
79163  11.159  -17.931  73.919 0.0000000000
86847  3.621  -12.531  69.755 0.0000000000
85368  3.685  -13.492  69.305 0.0000000000
86859  3.913  -12.661  69.027 0.0000000000
86872  4.953  -12.654  68.015 0.0000000000
86871  5.507  -12.595  67.399 0.0000000000
68584  7.327  -25.978  75.413 0.0000000000
69954  7.566  -25.339  75.050 0.0000000000
69953  8.582  -24.829  75.160 0.0000000000
73003  9.158  -20.569  75.029 0.0000000000
82284  6.422  -15.409  73.978 0.0000000000
82277  6.706  -16.357  74.691 0.0000000000
83806  5.803  -14.862  73.818 0.0000000000
83798  5.365  -14.644  73.925 0.0000000000
85298  4.869  -13.568  73.775 0.0000000000
85303  4.201  -13.552  73.204 0.0000000000
65715  11.349  -25.715  76.681 0.0000000000
64108  11.464  -26.145  76.431 0.0000000000
65717  10.632  -26.019  77.189 0.0000000000
64104  9.550  -26.935  77.255 0.0000000000
62373  8.293  -27.400  76.513 0.0000000000
62380  6.793  -27.647  75.863 0.0000000000
65725  7.659  -26.735  76.209 0.0000000000
67184  7.250  -26.332  75.709 0.0000000000
71486  9.330  -23.086  71.368 0.0000000000
70038  8.297  -24.025  70.090 0.0000000000
71497  9.326  -22.721  70.184 0.0000000000
73077  9.535  -21.946  68.522 0.0000000000
74595  9.371  -20.811  67.287 0.0000000000
77664  4.786  -17.693  64.910 0.0000000000
77663  6.463  -17.708  64.470 0.0000000000
79318  6.679  -17.726  63.146 0.0000000000
77725  7.505  -18.370  61.283 0.0000000000
77774  8.094  -18.922  59.430 0.0000000000
74756  7.912  -20.728  57.934 0.0000000000
76230  6.882  -18.791  58.311 0.0000000000
76287  5.954  -19.542  56.618 0.0000000000
76289  4.316  -19.398  56.608 0.0000000000
85552  2.359  -14.904  57.679 0.0000000000
84103  0.318  -15.388  56.320 0.0000000000
82556  2.598  -15.838  56.392 0.0000000000
72987  10.441  -21.520  76.619 0.0000000000
72988  9.849  -21.183  76.688 0.0000000000
74459  9.986  -20.101  77.128 0.0000000000
77472  9.423  -18.639  76.557 0.0000000000
80754  8.376  -17.441  75.062 0.0000000000
80759  8.795  -17.317  74.616 0.0000000000
80760  8.008  -16.734  74.437 0.0000000000
82276  7.318  -16.506  74.415 0.0000000000
83796  6.665  -14.357  73.818 0.0000000000
83958  13.702  -14.448  63.263 0.0000000000
80928  13.501  -16.219  63.427 0.0000000000
82420  12.717  -15.861  64.196 0.0000000000
80840  11.649  -16.999  67.699 0.0000000000
79232  13.335  -18.594  68.828 0.0000000000
76045  14.301  -19.544  68.768 0.0000000000
67198  14.225  -24.886  74.292 0.0000000000
68586  12.942  -24.064  75.338 0.0000000000
77488  13.165  -19.943  74.130 0.0000000000
74468  12.729  -21.410  75.219 0.0000000000
69943  12.569  -23.815  76.068 0.0000000000
71434  11.933  -23.570  76.330 0.0000000000
71439  11.510  -23.012  76.120 0.0000000000
76020  4.244  -18.371  70.524 0.0000000000
77555  5.728  -17.980  69.950 0.0000000000
77572  4.195  -17.784  69.559 0.0000000000
77588  4.031  -17.562  68.392 0.0000000000
77602  3.789  -17.629  67.400 0.0000000000
82356  3.497  -15.631  68.382 0.0000000000
80859  2.896  -16.739  67.702 0.0000000000
77623  3.554  -17.691  66.540 0.0000000000
79276  3.245  -17.444  65.211 0.0000000000
79293  3.238  -17.309  64.408 0.0000000000
79322  2.480  -17.283  63.177 0.0000000000
85354  9.376  -13.502  69.171 0.0000000000
85435  15.549  -13.763  63.150 0.0000000000
82377  19.266  -15.596  66.550 0.0000000000
83877  18.247  -14.562  67.821 0.0000000000
83906  18.089  -14.718  66.038 0.0000000000
83893  16.688  -14.103  65.836 0.0000000000
85402  16.211  -13.504  65.194 0.0000000000
85436  14.498  -13.617  63.555 0.0000000000
86908  12.702  -12.856  64.813 0.0000000000
85406  11.373  -13.477  65.293 0.0000000000
88383  11.787  -12.206  65.672 0.0000000000
86898  10.684  -12.934  65.999 0.0000000000
85392  9.964  -13.025  66.666 0.0000000000
85366  9.563  -13.392  68.286 0.0000000000
69981  5.750  -25.233  72.758 0.0000000000
68627  7.040  -25.284  72.802 0.0000000000
69966  7.918  -24.910  74.158 0.0000000000
68602  8.209  -24.748  73.665 0.0000000000
69994  8.932  -24.185  72.448 0.0000000000
71474  9.517  -22.438  72.362 0.0000000000
73048  8.929  -20.337  72.153 0.0000000000
74524  7.394  -19.221  71.945 0.0000000000
72989  9.720  -20.962  76.123 0.0000000000
72995  9.289  -20.426  75.632 0.0000000000
74483  8.172  -19.834  75.257 0.0000000000
77483  6.811  -17.485  74.900 0.0000000000
75961  7.021  -18.700  74.989 0.0000000000
73005  7.627  -19.590  74.614 0.0000000000
74490  6.368  -18.923  73.527 0.0000000000
157219  6.007  -18.560  72.390 0.0000000000
157224  5.168  -18.429  71.435 0.0000000000
79197  3.385  -17.532  71.553 0.0000000000
82317  3.079  -15.769  71.687 0.0000000000
85337  3.037  -14.184  71.087 0.0000000000
86805  3.934  -12.614  72.285 0.0000000000
86817  3.597  -12.778  71.472 0.0000000000
86831  3.436  -12.552  70.574 0.0000000000
62419  10.018  -26.750  73.444 0.0000000000
62399  9.317  -27.441  75.476 0.0000000000
71513  6.877  -24.031  68.856 0.0000000000
71534  5.689  -23.912  68.282 0.0000000000
73174  4.123  -23.488  62.719 0.0000000000
77584  7.934  -18.428  68.779 0.0000000000
77596  9.419  -19.151  67.538 0.0000000000
74614  9.420  -20.530  66.305 0.0000000000
77661  8.116  -18.322  64.978 0.0000000000
76118  9.052  -19.279  64.809 0.0000000000
73129  8.706  -21.519  65.116 0.0000000000
73171  7.071  -22.868  63.687 0.0000000000
73205  5.619  -22.654  62.317 0.0000000000
73235  4.450  -23.155  61.400 0.0000000000
71743  4.308  -23.350  59.245 0.0000000000
70310  7.365  -23.083  56.065 0.0000000000
68908  5.322  -24.156  54.723 0.0000000000
86885  6.419  -11.897  66.128 0.0000000000
88392  6.755  -11.236  64.653 0.0000000000
85420  5.617  -13.431  64.677 0.0000000000
83962  4.023  -14.282  63.946 0.0000000000
82425  2.440  -15.803  63.410 0.0000000000
79354  1.315  -16.493  62.959 0.0000000000
85462  2.090  -13.461  62.246 0.0000000000
80964  2.165  -15.776  61.317 0.0000000000
79405  2.769  -16.563  60.793 0.0000000000
79434  3.134  -17.483  58.985 0.0000000000
76264  2.773  -18.582  57.430 0.0000000000
74784  2.986  -19.531  55.955 0.0000000000
76308  1.771  -18.927  55.638 0.0000000000
83839  9.181  -14.665  70.675 0.0000000000
83855  9.489  -14.401  69.599 0.0000000000
82340  9.742  -15.235  69.802 0.0000000000
82330  9.779  -15.724  70.607 0.0000000000
82313  9.970  -16.271  71.119 0.0000000000
73178  2.041  -23.459  62.670 0.0000000000
157193  1.943  -23.642  61.714 0.0000000000
71727  2.207  -23.627  60.169 0.0000000000
73237  2.662  -23.456  61.580 0.0000000000
83956  15.453  -14.349  62.536 0.0000000000
83981  15.233  -14.846  62.320 0.0000000000
82469  14.814  -15.387  62.395 0.0000000000
69941  10.427  -24.417  76.474 0.0000000000
68580  10.086  -24.872  76.471 0.0000000000
68581  9.640  -25.068  76.224 0.0000000000
74540  7.030  -18.793  71.324 0.0000000000
76016  7.777  -18.853  70.921 0.0000000000
76017  6.751  -18.454  70.713 0.0000000000
79351  3.070  -17.334  62.539 0.0000000000
79378  5.004  -17.535  61.603 0.0000000000
79403  4.271  -17.332  60.653 0.0000000000
79404  3.356  -17.008  60.739 0.0000000000
77479  11.064  -18.962  75.702 0.0000000000
79136  10.485  -18.347  75.853 0.0000000000
80752  10.039  -18.241  75.215 0.0000000000
82399  11.218  -15.521  65.308 0.0000000000
77537  12.862  -18.527  71.455 0.0000000000
79194  12.869  -18.371  70.877 0.0000000000
77536  13.407  -19.063  71.801 0.0000000000
77535  13.734  -19.584  71.993 0.0000000000
77525  13.518  -19.756  72.525 0.0000000000
75983  13.759  -20.501  72.640 0.0000000000
77514  13.583  -20.038  72.864 0.0000000000
79142  11.171  -18.622  75.061 0.0000000000
77478  11.546  -19.066  75.354 0.0000000000
75957  11.487  -19.505  76.057 0.0000000000
83842  3.019  -14.631  70.339 0.0000000000
83857  3.171  -14.870  69.826 0.0000000000
83897  4.242  -15.014  66.873 0.0000000000
82400  4.110  -15.774  65.862 0.0000000000
83912  4.432  -15.153  65.717 0.0000000000
67195  4.660  -25.950  74.877 0.0000000000
68596  5.396  -25.736  74.694 0.0000000000
68595  6.222  -25.616  75.013 0.0000000000
73010  9.344  -21.016  74.321 0.0000000000
73025  9.313  -21.086  73.543 0.0000000000
79147  8.066  -17.949  75.636 0.0000000000
80756  7.382  -17.218  75.041 0.0000000000
82287  3.999  -15.447  74.211 0.0000000000
80787  4.068  -16.278  73.539 0.0000000000
80796  3.685  -15.945  73.066 0.0000000000
82299  3.749  -15.460  73.380 0.0000000000
64117  12.132  -25.785  75.555 0.0000000000
64123  11.628  -26.187  75.501 0.0000000000
64118  11.660  -26.228  76.017 0.0000000000
60735  7.851  -27.735  75.907 0.0000000000
60734  8.136  -27.834  76.107 0.0000000000
65732  5.393  -26.334  75.339 0.0000000000
65737  4.892  -26.149  75.079 0.0000000000
67190  4.261  -26.056  75.037 0.0000000000
70012  6.383  -24.663  70.932 0.0000000000
70024  7.443  -24.426  70.330 0.0000000000
73094  7.465  -23.192  67.053 0.0000000000
73131  7.063  -23.204  65.590 0.0000000000
73130  7.994  -22.470  65.368 0.0000000000
77620  6.532  -17.593  66.653 0.0000000000
74710  8.461  -20.388  61.079 0.0000000000
73277  7.956  -21.447  60.264 0.0000000000
73258  8.084  -21.304  60.952 0.0000000000
73287  8.044  -21.727  58.407 0.0000000000
74807  4.551  -20.494  55.090 0.0000000000
73349  5.217  -20.963  54.450 0.0000000000
73361  4.865  -21.203  53.560 0.0000000000
89997  4.661  -10.444  63.033 0.0000000000
86922  3.797  -12.502  63.139 0.0000000000
88404  3.099  -11.656  62.991 0.0000000000
84033  1.514  -14.728  59.750 0.0000000000
80990  1.515  -16.394  58.471 0.0000000000
82538  1.659  -15.777  58.071 0.0000000000
80784  10.255  -17.173  73.179 0.0000000000
82305  9.252  -15.970  72.484 0.0000000000
83840  8.603  -14.089  70.882 0.0000000000
83880  9.988  -14.361  67.473 0.0000000000
82366  10.389  -15.176  67.679 0.0000000000
82354  10.283  -15.554  68.819 0.0000000000
80818  10.790  -16.441  70.394 0.0000000000
80804  11.310  -16.996  70.938 0.0000000000
79196  11.941  -17.578  71.020 0.0000000000
77528  11.968  -18.299  72.262 0.0000000000
79184  11.469  -17.500  72.056 0.0000000000
80806  10.092  -16.504  71.720 0.0000000000
79176  10.754  -17.570  73.111 0.0000000000
79164  10.593  -17.547  73.621 0.0000000000
88342  4.687  -11.630  68.386 0.0000000000
88341  5.253  -11.029  68.105 0.0000000000
88358  5.193  -12.095  67.791 0.0000000000
88357  5.724  -11.490  67.404 0.0000000000
68589  7.760  -25.589  75.286 0.0000000000
68588  8.422  -25.391  75.481 0.0000000000
71450  9.881  -22.230  74.778 0.0000000000
72994  9.075  -20.393  75.374 0.0000000000
83797  6.002  -14.446  73.726 0.0000000000
82297  6.037  -14.984  73.799 0.0000000000
85297  5.572  -13.517  73.895 0.0000000000
86797  4.697  -12.633  73.388 0.0000000000
68573  11.142  -24.896  76.608 0.0000000000
65716  11.228  -25.846  76.904 0.0000000000
67175  11.045  -25.702  76.824 0.0000000000
67177  9.828  -25.932  77.067 0.0000000000
65718  9.993  -26.322  77.364 0.0000000000
65719  9.464  -26.654  77.078 0.0000000000
62372  8.924  -27.193  76.773 0.0000000000
64106  8.739  -26.947  76.829 0.0000000000
64107  7.970  -27.050  76.535 0.0000000000
65721  8.389  -26.797  76.562 0.0000000000
68582  8.919  -25.545  75.895 0.0000000000
67183  8.362  -26.304  76.189 0.0000000000
73047  9.336  -21.398  71.667 0.0000000000
73058  9.548  -21.750  70.745 0.0000000000
76030  9.308  -19.899  69.668 0.0000000000
74554  9.542  -20.798  69.238 0.0000000000
76046  9.356  -19.959  68.843 0.0000000000
74574  9.494  -20.763  68.273 0.0000000000
76062  9.492  -19.703  67.951 0.0000000000
77689  4.402  -17.670  64.384 0.0000000000
76140  5.611  -17.809  64.290 0.0000000000
77688  5.297  -17.881  63.930 0.0000000000
77727  5.784  -17.743  61.520 0.0000000000
77726  6.527  -18.012  61.693 0.0000000000
77748  7.783  -18.515  60.259 0.0000000000
77775  7.090  -18.386  59.312 0.0000000000
77795  7.669  -18.876  58.816 0.0000000000
77797  4.760  -18.375  58.521 0.0000000000
76231  5.735  -18.776  58.118 0.0000000000
76232  5.032  -18.841  57.773 0.0000000000
76288  5.108  -19.404  56.753 0.0000000000
76262  4.702  -19.094  57.228 0.0000000000
85523  2.669  -13.859  58.490 0.0000000000
85551  2.718  -14.496  57.755 0.0000000000
84071  2.558  -14.987  57.168 0.0000000000
84070  3.319  -14.539  57.084 0.0000000000
72982  10.458  -20.851  76.922 0.0000000000
77480  9.774  -18.050  76.095 0.0000000000
77465  10.007  -18.788  76.676 0.0000000000
77481  9.438  -18.225  76.193 0.0000000000
79146  9.025  -17.958  75.849 0.0000000000
80786  8.871  -16.429  73.652 0.0000000000
82282  7.673  -16.070  73.626 0.0000000000
80773  7.621  -16.305  73.947 0.0000000000
80761  7.356  -16.146  73.900 0.0000000000
82283  7.157  -15.608  73.814 0.0000000000
83959  12.879  -14.386  63.648 0.0000000000
82446  12.971  -15.436  63.610 0.0000000000
82447  12.444  -14.924  63.811 0.0000000000
80870  11.895  -16.605  65.623 0.0000000000
79274  12.227  -16.839  65.518 0.0000000000
79257  12.773  -17.648  66.439 0.0000000000
79234  11.956  -17.390  68.381 0.0000000000
79218  13.408  -18.608  69.545 0.0000000000
79233  12.734  -18.079  68.595 0.0000000000
77582  13.748  -19.046  69.197 0.0000000000
77595  13.823  -19.151  68.215 0.0000000000
76011  15.030  -20.230  70.055 0.0000000000
69992  15.018  -22.646  71.594 0.0000000000
71449  13.848  -22.808  74.373 0.0000000000
69957  13.698  -23.246  74.631 0.0000000000
68594  13.159  -24.374  74.849 0.0000000000
69949  13.368  -23.445  75.101 0.0000000000
79161  12.321  -18.857  73.918 0.0000000000
77501  12.816  -19.504  73.738 0.0000000000
77489  12.423  -19.309  74.523 0.0000000000
74469  12.617  -20.766  75.547 0.0000000000
74480  12.794  -20.933  75.148 0.0000000000
72992  12.588  -22.024  75.590 0.0000000000
71445  13.041  -22.687  75.737 0.0000000000
71437  12.959  -22.953  76.234 0.0000000000
71433  12.437  -23.441  76.217 0.0000000000
72984  12.592  -22.520  75.955 0.0000000000
74463  11.250  -20.281  76.336 0.0000000000
72986  11.076  -21.361  76.453 0.0000000000
71440  10.919  -22.554  76.137 0.0000000000
77556  3.971  -18.215  70.288 0.0000000000
76034  4.329  -18.168  70.137 0.0000000000
77557  3.503  -17.876  69.905 0.0000000000
77573  3.510  -17.693  69.049 0.0000000000
77589  3.348  -17.450  68.199 0.0000000000
83870  3.847  -14.469  68.676 0.0000000000
82341  3.389  -14.994  69.014 0.0000000000
80872  3.498  -16.266  67.061 0.0000000000
80858  3.369  -16.357  67.603 0.0000000000
79246  2.671  -17.219  67.034 0.0000000000
77624  2.917  -17.578  66.420 0.0000000000
77644  3.370  -17.583  65.851 0.0000000000
79260  2.579  -17.177  66.088 0.0000000000
82402  3.079  -16.256  64.997 0.0000000000
79277  2.721  -17.173  65.061 0.0000000000
80906  2.790  -16.595  64.531 0.0000000000
79294  2.797  -16.929  63.918 0.0000000000
88340  9.367  -11.552  69.190 0.0000000000
83928  17.758  -14.604  64.204 0.0000000000
83954  17.723  -14.736  63.339 0.0000000000
83955  17.029  -14.436  63.629 0.0000000000
85414  16.409  -13.818  64.090 0.0000000000
83878  17.393  -14.187  67.452 0.0000000000
83866  17.750  -14.095  68.323 0.0000000000
83891  18.089  -14.680  66.880 0.0000000000
83892  17.349  -14.504  66.399 0.0000000000
85415  15.378  -13.466  64.397 0.0000000000
86907  13.476  -12.572  64.888 0.0000000000
85405  11.919  -13.332  64.915 0.0000000000
86896  12.041  -12.661  65.186 0.0000000000
88368  11.528  -11.680  66.157 0.0000000000
86897  11.181  -12.598  65.737 0.0000000000
85391  10.395  -13.303  66.313 0.0000000000
88355  9.600  -11.480  67.829 0.0000000000
86870  9.544  -12.611  67.849 0.0000000000
67202  3.434  -26.503  73.296 0.0000000000
68606  3.384  -25.874  73.355 0.0000000000
69969  5.085  -25.463  73.366 0.0000000000
69980  6.631  -25.315  73.134 0.0000000000
69960  7.336  -25.388  74.624 0.0000000000
69964  9.768  -23.119  73.441 0.0000000000
68601  8.710  -24.464  73.593 0.0000000000
69979  9.268  -23.990  72.957 0.0000000000
68611  8.680  -24.495  73.199 0.0000000000
69993  9.352  -23.484  72.335 0.0000000000
73038  8.404  -19.986  73.219 0.0000000000
73037  9.102  -20.433  72.929 0.0000000000
73049  8.299  -19.653  72.505 0.0000000000
74460  9.566  -20.099  76.902 0.0000000000
74464  9.574  -20.516  76.623 0.0000000000
75948  8.126  -19.127  76.413 0.0000000000
75951  8.371  -19.454  76.270 0.0000000000
75958  8.103  -19.474  76.025 0.0000000000
74473  8.442  -19.810  75.736 0.0000000000
75959  7.874  -19.375  75.815 0.0000000000
82278  5.722  -15.929  75.021 0.0000000000
80775  6.197  -16.708  75.004 0.0000000000
79154  5.991  -16.790  74.829 0.0000000000
77486  5.965  -18.119  74.187 0.0000000000
77485  5.975  -17.997  74.214 0.0000000000
74477  6.670  -18.788  74.581 0.0000000000
72998  7.040  -19.113  74.848 0.0000000000
73007  6.764  -19.152  74.374 0.0000000000
73013  7.159  -19.500  74.040 0.0000000000
77505  5.012  -18.224  72.294 0.0000000000
157223  5.485  -18.452  72.432 0.0000000000
157220  5.491  -18.629  72.120 0.0000000000
157221  6.013  -18.520  72.126 0.0000000000
75992  4.762  -18.373  71.677 0.0000000000
76002  4.290  -18.291  71.409 0.0000000000
82316  3.269  -15.315  72.010 0.0000000000
80807  3.177  -16.692  72.015 0.0000000000
83826  3.140  -15.082  71.752 0.0000000000
83827  2.820  -14.870  71.301 0.0000000000
85323  3.151  -14.244  71.638 0.0000000000
85310  4.094  -13.127  72.632 0.0000000000
80903  13.658  -16.913  63.705 0.0000000000
62375  10.325  -26.836  76.813 0.0000000000
64119  10.987  -26.472  76.251 0.0000000000
62386  9.895  -27.373  76.140 0.0000000000
65743  3.972  -26.988  73.595 0.0000000000
71502  4.771  -24.519  69.817 0.0000000000
71503  4.028  -24.531  70.090 0.0000000000
71516  4.361  -24.523  69.085 0.0000000000
71511  8.669  -23.369  69.461 0.0000000000
70039  7.862  -23.969  69.662 0.0000000000
71512  7.696  -23.650  69.040 0.0000000000
73095  6.466  -23.527  67.158 0.0000000000
71551  6.135  -23.633  67.712 0.0000000000
71552  5.412  -23.495  67.664 0.0000000000
71553  4.624  -23.626  67.560 0.0000000000
73133  5.128  -23.403  66.352 0.0000000000
70130  5.656  -23.539  64.628 0.0000000000
70112  5.354  -23.622  65.088 0.0000000000
70147  5.465  -23.527  64.238 0.0000000000
71646  3.768  -23.581  63.495 0.0000000000
71645  4.907  -23.510  63.849 0.0000000000
77570  6.227  -17.842  69.397 0.0000000000
77569  7.189  -18.150  69.498 0.0000000000
77585  6.939  -18.079  68.610 0.0000000000
77619  7.716  -17.776  66.828 0.0000000000
77598  7.802  -18.281  67.799 0.0000000000
77618  8.703  -18.504  66.953 0.0000000000
76080  9.503  -19.558  66.870 0.0000000000
76098  9.208  -18.977  66.146 0.0000000000
77686  7.114  -17.907  63.644 0.0000000000
77662  7.298  -17.866  64.678 0.0000000000
77685  8.051  -18.554  63.868 0.0000000000
74663  9.029  -20.358  63.815 0.0000000000
74647  9.174  -20.589  64.756 0.0000000000
73147  8.856  -21.463  64.088 0.0000000000
73148  8.073  -22.251  64.412 0.0000000000
73170  8.225  -22.128  63.373 0.0000000000
73233  6.465  -22.130  61.628 0.0000000000
73234  5.401  -22.512  61.424 0.0000000000
73206  4.710  -23.151  62.140 0.0000000000
73262  4.082  -23.228  60.737 0.0000000000
71724  4.559  -23.228  60.033 0.0000000000
70261  5.972  -23.063  57.494 0.0000000000
68860  4.238  -24.395  56.134 0.0000000000
74780  7.342  -20.764  56.883 0.0000000000
73300  7.930  -21.612  57.322 0.0000000000
73332  7.554  -21.844  55.954 0.0000000000
70360  5.421  -23.299  53.742 0.0000000000
70339  5.867  -23.483  54.365 0.0000000000
70340  5.117  -23.715  54.162 0.0000000000
68928  3.816  -24.371  53.371 0.0000000000
88401  6.342  -11.378  63.797 0.0000000000
86910  6.406  -12.122  64.465 0.0000000000
86900  6.103  -12.757  65.164 0.0000000000
83932  5.343  -14.138  64.769 0.0000000000
83961  4.952  -14.118  64.007 0.0000000000
83963  3.082  -14.690  63.638 0.0000000000
82448  2.517  -15.216  63.420 0.0000000000
80929  2.281  -16.107  63.098 0.0000000000
82449  2.272  -15.329  62.866 0.0000000000
85477  2.228  -13.052  61.357 0.0000000000
86951  2.293  -12.594  61.641 0.0000000000
86936  2.153  -12.426  62.291 0.0000000000
85461  2.280  -12.883  62.487 0.0000000000
80976  1.981  -15.872  60.354 0.0000000000
82487  1.843  -15.175  61.588 0.0000000000
79382  2.390  -16.082  61.427 0.0000000000
79406  2.450  -16.092  60.899 0.0000000000
79422  2.777  -17.095  59.919 0.0000000000
76234  2.061  -18.354  57.555 0.0000000000
76233  2.291  -18.235  57.786 0.0000000000
76290  3.340  -19.206  56.589 0.0000000000
76291  2.500  -19.056  56.551 0.0000000000
81036  -0.081  -16.356  55.889 0.0000000000
83868  9.712  -14.405  68.570 0.0000000000
82339  10.302  -15.891  69.984 0.0000000000
80805  10.598  -16.629  71.258 0.0000000000
70213  1.945  -23.830  59.621 0.0000000000
70228  2.396  -23.615  59.188 0.0000000000
69948  9.063  -24.896  75.469 0.0000000000
69951  10.211  -23.543  75.540 0.0000000000
68574  10.901  -25.111  76.651 0.0000000000
68575  10.375  -25.218  76.664 0.0000000000
67178  9.155  -26.237  76.666 0.0000000000
67179  8.708  -26.584  76.581 0.0000000000
68577  9.259  -25.705  76.379 0.0000000000
74522  9.169  -20.040  71.286 0.0000000000
74538  9.220  -19.877  70.698 0.0000000000
76031  8.731  -19.273  69.935 0.0000000000
77567  8.572  -19.069  69.475 0.0000000000
79349  5.348  -17.762  62.783 0.0000000000
77750  5.780  -17.791  60.743 0.0000000000
77776  5.809  -18.065  59.351 0.0000000000
79419  5.418  -17.641  60.039 0.0000000000
77777  4.987  -18.100  59.196 0.0000000000
79433  4.153  -17.629  58.949 0.0000000000
75944  10.091  -19.625  76.718 0.0000000000
79137  10.380  -18.317  76.058 0.0000000000
80753  9.281  -18.086  75.175 0.0000000000
85302  7.314  -13.323  72.830 0.0000000000
83931  11.798  -14.443  64.587 0.0000000000
82421  12.060  -15.453  64.384 0.0000000000
82422  11.503  -14.972  64.793 0.0000000000
79259  11.524  -16.804  66.564 0.0000000000
79220  12.194  -17.727  69.382 0.0000000000
79207  12.850  -18.281  70.400 0.0000000000
77566  13.256  -18.462  70.045 0.0000000000
76013  13.984  -19.205  70.309 0.0000000000
73009  13.941  -21.881  73.723 0.0000000000
75971  13.468  -21.120  74.130 0.0000000000
77490  12.027  -19.072  74.996 0.0000000000
74470  12.349  -20.174  76.143 0.0000000000
72985  12.079  -21.962  75.986 0.0000000000
74471  11.798  -20.145  76.263 0.0000000000
80819  2.961  -16.676  71.039 0.0000000000
80826  2.850  -16.616  69.905 0.0000000000
85381  4.692  -13.560  68.181 0.0000000000
83883  3.896  -15.157  67.730 0.0000000000
83882  4.389  -14.447  67.943 0.0000000000
83898  4.064  -15.601  67.177 0.0000000000
82382  3.892  -16.082  66.522 0.0000000000
82383  3.198  -16.335  65.836 0.0000000000
82401  3.615  -15.920  65.424 0.0000000000
82397  18.233  -14.850  64.638 0.0000000000
85404  14.711  -12.553  65.466 0.0000000000
88380  13.875  -11.565  66.062 0.0000000000
88369  10.287  -11.305  66.824 0.0000000000
68598  3.898  -25.899  73.973 0.0000000000
69962  5.518  -25.617  74.085 0.0000000000
69958  9.535  -23.874  74.630 0.0000000000
71452  9.794  -22.783  73.705 0.0000000000
71462  9.544  -22.166  73.213 0.0000000000
77467  8.834  -18.919  77.059 0.0000000000
74461  8.893  -19.873  76.935 0.0000000000
79135  8.377  -18.983  76.652 0.0000000000
77468  8.181  -18.951  76.503 0.0000000000
79140  7.885  -18.504  76.058 0.0000000000
82286  4.948  -15.569  74.616 0.0000000000
80764  5.474  -16.421  75.225 0.0000000000
79167  4.508  -16.865  75.024 0.0000000000
79156  5.287  -17.426  74.537 0.0000000000
77494  5.519  -17.899  74.132 0.0000000000
75972  5.665  -18.326  73.644 0.0000000000
77504  4.812  -18.038  73.237 0.0000000000
79177  4.355  -17.029  73.065 0.0000000000
79186  4.377  -17.611  72.716 0.0000000000
79187  3.828  -17.224  72.462 0.0000000000
80797  3.624  -16.429  72.720 0.0000000000
82308  3.471  -15.581  72.526 0.0000000000
83817  3.365  -14.781  72.169 0.0000000000
77660  14.200  -18.120  65.199 0.0000000000
79289  14.344  -18.104  64.757 0.0000000000
64129  12.041  -25.896  74.283 0.0000000000
64130  11.675  -26.069  74.763 0.0000000000
62409  11.077  -26.574  75.163 0.0000000000
62410  10.263  -26.989  74.777 0.0000000000
62387  8.851  -27.905  75.905 0.0000000000
65727  6.060  -26.710  75.694 0.0000000000
64114  5.571  -27.346  75.677 0.0000000000
65728  5.247  -26.799  75.394 0.0000000000
65734  4.083  -26.594  74.833 0.0000000000
67196  3.945  -26.101  74.609 0.0000000000
71476  4.568  -24.716  71.481 0.0000000000
70013  5.536  -24.591  70.660 0.0000000000
71501  5.546  -24.524  69.795 0.0000000000
73078  9.140  -22.702  68.138 0.0000000000
71531  8.478  -23.252  68.313 0.0000000000
71549  7.879  -23.301  67.653 0.0000000000
73112  6.763  -23.355  66.486 0.0000000000
73132  6.002  -23.397  66.041 0.0000000000
71589  6.876  -23.236  65.022 0.0000000000
71615  6.758  -23.259  64.521 0.0000000000
76155  8.591  -19.220  62.366 0.0000000000
74695  8.866  -20.253  61.883 0.0000000000
71703  8.611  -21.475  62.211 0.0000000000
71675  8.217  -22.130  62.612 0.0000000000
73259  7.312  -21.822  60.824 0.0000000000
73260  6.345  -22.178  60.629 0.0000000000
73280  5.737  -22.653  59.763 0.0000000000
71740  6.760  -22.342  59.225 0.0000000000
71758  6.529  -22.568  58.684 0.0000000000
70260  6.847  -22.943  57.333 0.0000000000
74805  6.299  -20.831  55.207 0.0000000000
73333  6.809  -21.569  55.206 0.0000000000
73348  5.898  -21.789  54.281 0.0000000000
73360  5.496  -22.037  53.342 0.0000000000
71850  5.275  -22.787  53.198 0.0000000000
88402  5.310  -11.402  63.464 0.0000000000
86921  4.923  -12.442  63.562 0.0000000000
85440  4.392  -13.386  63.562 0.0000000000
85442  2.612  -13.455  62.793 0.0000000000
85478  2.056  -13.407  61.445 0.0000000000
84017  1.727  -14.414  60.916 0.0000000000
82512  1.634  -15.520  59.841 0.0000000000
80982  1.790  -16.168  59.441 0.0000000000
79435  2.129  -17.104  58.899 0.0000000000
79436  1.436  -17.222  58.107 0.0000000000
77801  1.718  -17.931  57.514 0.0000000000
80757  10.344  -18.131  74.852 0.0000000000
80751  10.344  -18.311  75.187 0.0000000000
82294  8.909  -16.068  73.093 0.0000000000
82306  8.508  -15.501  72.425 0.0000000000
83895  10.531  -14.239  66.474 0.0000000000
82379  10.726  -15.470  66.665 0.0000000000
82365  10.818  -15.899  67.882 0.0000000000
80824  11.280  -16.651  69.177 0.0000000000
79209  11.747  -17.398  70.141 0.0000000000
77538  12.338  -18.204  71.603 0.0000000000
77527  12.642  -18.836  72.428 0.0000000000
77517  11.987  -18.613  73.241 0.0000000000
77503  11.600  -18.361  73.638 0.0000000000
79185  11.007  -17.493  72.626 0.0000000000
79175  11.163  -17.853  72.926 0.0000000000
79162  11.793  -18.504  74.019 0.0000000000
79152  10.968  -18.223  74.805 0.0000000000
85355  3.290  -13.411  69.976 0.0000000000
83856  3.384  -14.436  69.620 0.0000000000
85367  4.179  -13.493  68.764 0.0000000000
88329  4.299  -11.207  68.963 0.0000000000
88343  4.153  -12.150  68.754 0.0000000000
86858  4.443  -12.693  68.569 0.0000000000
85380  5.176  -13.314  67.621 0.0000000000
85393  5.565  -13.508  66.881 0.0000000000
68590  6.833  -25.780  75.248 0.0000000000
82285  5.830  -15.419  74.354 0.0000000000
83799  4.421  -14.556  73.880 0.0000000000
83808  3.968  -14.327  73.410 0.0000000000
67181  12.110  -25.402  76.224 0.0000000000
65724  11.221  -25.999  76.777 0.0000000000
64102  10.673  -26.188  77.018 0.0000000000
64110  10.292  -26.749  77.048 0.0000000000
64103  10.174  -26.594  77.313 0.0000000000
62377  9.298  -27.264  76.800 0.0000000000
62371  9.285  -27.117  77.062 0.0000000000
62379  7.900  -27.647  76.114 0.0000000000
62374  7.705  -27.410  76.214 0.0000000000
64112  7.211  -27.106  76.155 0.0000000000
65726  6.877  -26.774  75.916 0.0000000000
67185  6.621  -26.475  75.703 0.0000000000
71487  8.866  -23.872  71.050 0.0000000000
70023  8.368  -24.323  70.780 0.0000000000
71498  8.840  -23.581  70.478 0.0000000000
71510  9.374  -22.581  69.323 0.0000000000
74537  9.405  -20.591  70.353 0.0000000000
73065  9.597  -21.738  69.738 0.0000000000
73092  9.392  -21.466  67.814 0.0000000000
74596  9.145  -21.384  66.534 0.0000000000
77642  5.165  -17.734  65.592 0.0000000000
77641  6.245  -17.599  65.463 0.0000000000
76099  5.960  -17.673  64.840 0.0000000000
79317  7.199  -17.856  62.990 0.0000000000
79348  6.326  -17.779  62.543 0.0000000000
79347  6.980  -17.858  62.654 0.0000000000
77705  7.502  -18.388  62.563 0.0000000000
76156  8.126  -18.780  61.716 0.0000000000
76187  8.515  -19.494  60.433 0.0000000000
76207  8.474  -19.710  59.609 0.0000000000
74734  8.252  -20.815  59.080 0.0000000000
76229  7.953  -19.666  58.514 0.0000000000
76259  7.342  -19.769  57.562 0.0000000000
76210  6.050  -18.605  58.719 0.0000000000
76260  6.398  -19.257  57.423 0.0000000000
76286  6.860  -19.810  56.757 0.0000000000
74782  5.149  -19.848  55.951 0.0000000000
85524  2.153  -14.563  58.160 0.0000000000
84072  1.859  -15.453  57.410 0.0000000000
84100  3.130  -15.219  56.382 0.0000000000
73175  2.544  -23.449  63.146 0.0000000000
69945  10.719  -23.599  76.148 0.0000000000
71441  10.633  -22.323  75.974 0.0000000000
72983  9.972  -20.845  77.240 0.0000000000
75945  9.557  -19.556  76.908 0.0000000000
77466  9.275  -18.985  77.014 0.0000000000
77473  8.984  -18.632  76.560 0.0000000000
80755  8.126  -17.291  75.172 0.0000000000
80758  9.624  -17.817  74.673 0.0000000000
80772  8.340  -16.537  74.033 0.0000000000
82275  8.168  -16.934  74.637 0.0000000000
82272  7.808  -17.036  74.853 0.0000000000
85295  6.857  -13.130  73.522 0.0000000000
82445  14.012  -15.543  62.909 0.0000000000
80904  13.127  -16.466  64.183 0.0000000000
80886  12.782  -16.653  64.736 0.0000000000
79291  13.088  -16.992  64.663 0.0000000000
79272  13.587  -17.838  65.716 0.0000000000
77616  13.963  -19.299  66.932 0.0000000000
80857  11.279  -16.561  67.187 0.0000000000
80856  11.579  -17.073  67.257 0.0000000000
79244  12.005  -17.393  67.194 0.0000000000
79243  12.747  -17.871  67.546 0.0000000000
79242  13.324  -18.566  67.808 0.0000000000
76044  14.935  -20.128  68.270 0.0000000000
74520  15.006  -21.315  70.831 0.0000000000
65745  14.225  -24.915  73.682 0.0000000000
67193  13.518  -24.727  74.560 0.0000000000
67186  12.776  -24.725  75.029 0.0000000000
68587  12.624  -24.623  75.635 0.0000000000
77500  13.394  -19.923  73.482 0.0000000000
75965  13.409  -20.579  74.141 0.0000000000
74479  13.158  -21.286  74.714 0.0000000000
75966  12.758  -20.331  74.904 0.0000000000
72991  12.956  -22.164  75.178 0.0000000000
71444  13.293  -22.863  75.419 0.0000000000
69942  12.959  -23.592  75.799 0.0000000000
68579  12.581  -24.122  75.999 0.0000000000
68571  12.191  -24.618  76.236 0.0000000000
69937  11.971  -23.835  76.469 0.0000000000
71435  11.532  -23.742  76.431 0.0000000000
69944  11.009  -23.552  76.343 0.0000000000
74542  5.251  -18.302  70.593 0.0000000000
76018  5.871  -18.212  70.451 0.0000000000
76019  5.125  -18.102  70.112 0.0000000000
76033  4.453  -17.963  69.798 0.0000000000
77571  5.175  -17.797  69.492 0.0000000000
77587  4.899  -17.729  68.523 0.0000000000
77601  4.656  -17.782  67.498 0.0000000000
77622  4.418  -17.726  66.554 0.0000000000
82357  3.072  -16.022  68.687 0.0000000000
80843  3.173  -16.345  68.242 0.0000000000
79236  2.930  -17.209  67.989 0.0000000000
77603  3.055  -17.651  67.275 0.0000000000
77643  4.155  -17.597  65.715 0.0000000000
77665  4.181  -17.524  65.036 0.0000000000
79292  3.761  -17.481  64.735 0.0000000000
79320  3.858  -17.570  63.936 0.0000000000
79321  3.213  -17.372  63.488 0.0000000000
86845  8.959  -12.616  69.674 0.0000000000
82364  18.736  -15.156  67.242 0.0000000000
83907  17.579  -14.519  65.245 0.0000000000
83908  16.837  -13.977  64.968 0.0000000000
85416  14.301  -12.912  64.669 0.0000000000
85417  13.164  -13.166  64.420 0.0000000000
85418  12.321  -13.613  64.566 0.0000000000
85419  11.757  -13.869  64.918 0.0000000000
83910  10.974  -14.073  65.728 0.0000000000
88365  14.247  -11.557  66.505 0.0000000000
88381  13.337  -11.591  65.766 0.0000000000
88367  12.782  -11.196  66.113 0.0000000000
88382  12.406  -11.884  65.640 0.0000000000
85407  10.786  -13.441  65.854 0.0000000000
85378  10.101  -13.676  66.847 0.0000000000
86884  9.716  -12.245  67.030 0.0000000000
85379  9.716  -13.344  67.414 0.0000000000
83881  9.702  -13.900  67.933 0.0000000000
68605  4.206  -25.571  73.492 0.0000000000
69970  4.532  -25.354  73.004 0.0000000000
69982  4.802  -25.274  72.422 0.0000000000
69996  6.683  -25.299  72.128 0.0000000000
68641  7.664  -25.315  71.968 0.0000000000
69955  6.818  -25.560  74.957 0.0000000000
69967  7.070  -25.516  73.930 0.0000000000
67200  7.586  -25.195  73.627 0.0000000000
68612  7.982  -24.981  73.209 0.0000000000
68625  8.380  -24.836  72.523 0.0000000000
70010  8.684  -24.372  71.662 0.0000000000
70009  9.037  -23.757  71.967 0.0000000000
73036  9.367  -21.228  72.671 0.0000000000
74523  8.317  -19.427  71.779 0.0000000000
74539  7.673  -19.086  71.499 0.0000000000
71442  10.091  -21.585  76.158 0.0000000000
74465  9.025  -20.103  76.330 0.0000000000
74482  8.505  -20.141  75.280 0.0000000000
73004  8.207  -20.026  74.849 0.0000000000
80762  6.685  -16.885  74.859 0.0000000000
79149  7.208  -18.042  75.446 0.0000000000
77492  6.191  -17.185  74.700 0.0000000000
77484  6.749  -17.970  74.813 0.0000000000
75954  7.123  -18.954  75.140 0.0000000000
74475  7.373  -19.124  75.160 0.0000000000
72996  7.930  -19.640  74.995 0.0000000000
73027  7.944  -20.002  73.959 0.0000000000
73039  7.690  -19.675  73.436 0.0000000000
74492  6.001  -18.616  72.940 0.0000000000
73029  6.545  -19.080  72.959 0.0000000000
157216  6.514  -18.804  72.201 0.0000000000
74525  6.620  -18.756  71.680 0.0000000000
74526  5.826  -18.477  71.355 0.0000000000
74527  4.946  -18.397  70.811 0.0000000000
77540  3.720  -18.221  70.938 0.0000000000
85336  3.296  -13.610  70.722 0.0000000000
85304  3.796  -14.061  73.035 0.0000000000
85311  3.607  -13.774  72.303 0.0000000000
85322  3.337  -13.717  71.439 0.0000000000
86829  8.717  -13.011  70.215 0.0000000000
80927  14.000  -16.665  62.973 0.0000000000
77684  14.610  -17.823  63.016 0.0000000000
79315  14.464  -18.031  64.265 0.0000000000
64124  11.208  -26.472  75.889 0.0000000000
62398  10.519  -26.860  75.794 0.0000000000
62411  9.364  -27.308  74.396 0.0000000000
71490  3.931  -24.372  71.079 0.0000000000
71499  7.137  -24.238  69.511 0.0000000000
71514  6.069  -24.355  68.814 0.0000000000
71532  7.401  -23.604  68.286 0.0000000000
71533  6.501  -23.779  68.284 0.0000000000
71535  4.889  -24.053  68.257 0.0000000000
71554  3.923  -23.901  67.380 0.0000000000
71591  5.300  -23.523  65.674 0.0000000000
73207  3.694  -23.474  62.271 0.0000000000
77554  6.496  -18.093  70.095 0.0000000000
77568  8.090  -18.660  69.724 0.0000000000
77583  8.570  -18.952  68.975 0.0000000000
77597  8.943  -18.714  68.038 0.0000000000
76063  9.106  -19.311  68.630 0.0000000000
74615  9.138  -21.151  65.797 0.0000000000
76138  8.785  -19.343  63.426 0.0000000000
76117  9.459  -20.112  65.167 0.0000000000
74631  9.120  -20.829  65.288 0.0000000000
73203  7.541  -22.288  62.834 0.0000000000
73204  6.634  -22.279  62.645 0.0000000000
73172  5.847  -23.000  63.176 0.0000000000
73173  4.801  -23.185  62.931 0.0000000000
73236  3.409  -23.390  61.523 0.0000000000
73263  3.088  -23.250  60.928 0.0000000000
71744  3.286  -23.257  59.538 0.0000000000
71761  3.512  -23.364  58.804 0.0000000000
71803  7.296  -22.750  57.257 0.0000000000
70284  7.030  -23.115  56.673 0.0000000000
71824  6.812  -22.605  55.065 0.0000000000
70311  6.853  -23.331  55.697 0.0000000000
70286  5.204  -24.158  55.960 0.0000000000
68884  4.847  -24.433  55.292 0.0000000000
88356  6.267  -10.937  67.102 0.0000000000
88372  6.131  -11.760  66.769 0.0000000000
86886  6.142  -12.385  66.422 0.0000000000
86899  6.596  -11.898  65.536 0.0000000000
85408  5.685  -13.673  65.682 0.0000000000
83911  5.092  -14.489  65.455 0.0000000000
83933  4.604  -14.613  64.759 0.0000000000
83935  3.210  -15.392  64.264 0.0000000000
82424  2.796  -15.792  64.079 0.0000000000
80907  2.394  -16.518  63.620 0.0000000000
79296  1.638  -17.100  63.328 0.0000000000
79352  2.295  -17.066  62.393 0.0000000000
83982  2.166  -14.442  62.441 0.0000000000
83999  1.962  -14.328  61.812 0.0000000000
82470  1.953  -15.085  62.271 0.0000000000
80947  2.169  -16.139  62.506 0.0000000000
79381  2.485  -16.471  61.623 0.0000000000
79380  2.919  -16.936  61.642 0.0000000000
77798  3.566  -18.016  58.369 0.0000000000
77826  3.131  -18.266  57.940 0.0000000000
77825  3.732  -18.434  57.805 0.0000000000
76263  3.853  -18.926  57.210 0.0000000000
74783  3.906  -19.748  55.883 0.0000000000
74808  3.296  -20.104  55.258 0.0000000000
82540  0.673  -15.890  56.794 0.0000000000
79462  1.230  -17.165  56.851 0.0000000000
76292  1.987  -18.711  56.594 0.0000000000
76307  2.164  -19.257  55.946 0.0000000000
60754  8.533  -27.748  75.488 0.0000000000
62385  10.367  -26.864  76.493 0.0000000000
64105  9.031  -27.002  77.117 0.0000000000
64109  10.728  -26.421  76.699 0.0000000000
64111  9.877  -27.079  77.251 0.0000000000
64122  12.245  -25.996  74.882 0.0000000000
65723  11.837  -25.804  76.365 0.0000000000
65729  12.714  -25.030  75.277 0.0000000000
65730  12.400  -25.435  75.676 0.0000000000
65731  12.076  -25.937  75.927 0.0000000000
65735  12.951  -25.009  74.917 0.0000000000
65738  4.546  -26.098  75.073 0.0000000000
65740  14.510  -25.068  74.092 0.0000000000
65741  13.725  -25.163  74.328 0.0000000000
67172  12.262  -25.011  76.153 0.0000000000
67173  11.773  -25.345  76.420 0.0000000000
67174  11.120  -25.469  76.751 0.0000000000
67180  12.559  -25.215  75.931 0.0000000000
67187  12.580  -24.859  75.528 0.0000000000
67188  6.902  -26.063  75.459 0.0000000000
67191  4.050  -26.250  75.020 0.0000000000
67192  14.090  -24.513  74.262 0.0000000000
67194  5.410  -25.976  75.150 0.0000000000
67197  14.381  -24.610  73.894 0.0000000000
67199  7.775  -25.026  73.723 0.0000000000
67205  7.904  -24.937  73.535 0.0000000000
67206  7.721  -25.099  73.494 0.0000000000
68572  11.622  -24.847  76.475 0.0000000000
68578  12.794  -23.926  75.666 0.0000000000
68585  13.285  -23.841  74.980 0.0000000000
68593  13.656  -23.907  74.533 0.0000000000
68603  7.661  -25.188  73.866 0.0000000000
68613  7.390  -25.239  73.344 0.0000000000
68626  7.571  -25.259  72.520 0.0000000000
68640  8.113  -25.180  71.977 0.0000000000
68643  5.927  -24.587  70.511 0.0000000000
68650  6.007  -24.578  70.243 0.0000000000
68651  5.609  -24.542  70.283 0.0000000000
68652  5.631  -24.531  70.042 0.0000000000
68666  5.839  -24.559  70.432 0.0000000000
68667  5.810  -24.550  70.226 0.0000000000
68804  1.643  -24.159  60.545 0.0000000000
68883  5.408  -24.310  55.174 0.0000000000
69938  11.570  -24.230  76.542 0.0000000000
69950  13.198  -23.372  75.606 0.0000000000
69995  7.359  -25.357  71.994 0.0000000000
69998  4.799  -25.072  71.845 0.0000000000
70025  6.373  -24.524  70.064 0.0000000000
70131  4.962  -23.659  64.614 0.0000000000
70146  5.831  -23.488  64.282 0.0000000000
70195  1.661  -23.868  62.269 0.0000000000
70212  2.286  -23.597  59.660 0.0000000000
70226  5.511  -23.146  58.943 0.0000000000
70239  5.565  -23.079  58.452 0.0000000000
70283  7.468  -22.824  56.282 0.0000000000
70312  5.933  -24.012  55.313 0.0000000000
70313  5.376  -24.284  55.440 0.0000000000
70338  6.438  -23.269  54.927 0.0000000000
71436  13.261  -23.051  75.905 0.0000000000
71438  12.339  -22.904  76.187 0.0000000000
71443  13.518  -22.840  74.814 0.0000000000
71464  4.473  -25.119  71.943 0.0000000000
71475  4.989  -24.598  70.987 0.0000000000
71488  5.000  -24.536  70.389 0.0000000000
71500  6.421  -24.424  69.363 0.0000000000
71616  6.178  -23.424  64.421 0.0000000000
71642  8.438  -21.776  62.921 0.0000000000
71643  6.546  -23.291  64.105 0.0000000000
71674  8.534  -21.607  62.612 0.0000000000
71676  3.587  -23.543  62.937 0.0000000000
71677  3.071  -23.504  63.046 0.0000000000
71678  1.830  -23.614  62.641 0.0000000000
71704  8.422  -21.858  62.158 0.0000000000
71705  1.747  -23.715  62.439 0.0000000000
71725  3.678  -23.223  60.133 0.0000000000
71741  6.076  -22.580  59.300 0.0000000000
71745  2.621  -23.412  59.653 0.0000000000
71762  2.899  -23.418  59.098 0.0000000000
71783  7.703  -22.362  57.711 0.0000000000
71784  6.925  -22.797  57.938 0.0000000000
71785  6.150  -22.753  58.250 0.0000000000
71802  7.662  -22.385  56.667 0.0000000000
71823  7.401  -22.559  55.746 0.0000000000
71840  5.854  -22.687  53.796 0.0000000000
71851  4.735  -23.020  52.743 0.0000000000
71863  4.968  -22.457  52.758 0.0000000000
72990  13.284  -22.455  74.885 0.0000000000
72997  7.534  -19.314  74.941 0.0000000000
73000  13.687  -22.215  74.291 0.0000000000
73001  13.240  -21.984  74.684 0.0000000000
73002  8.906  -20.386  75.215 0.0000000000
73006  7.053  -19.230  74.578 0.0000000000
73012  7.918  -19.967  74.191 0.0000000000
73014  6.693  -19.209  73.972 0.0000000000
73024  9.437  -21.300  73.136 0.0000000000
73028  7.435  -19.621  73.745 0.0000000000
73035  15.048  -21.756  71.331 0.0000000000
73096  5.891  -23.566  67.334 0.0000000000
73169  8.737  -21.298  63.106 0.0000000000
73176  2.188  -23.430  63.059 0.0000000000
73202  8.854  -21.069  62.367 0.0000000000
73264  2.078  -23.626  61.251 0.0000000000
73279  6.248  -22.313  59.820 0.0000000000
73313  7.646  -21.566  56.553 0.0000000000
73334  5.911  -21.056  54.833 0.0000000000
73335  5.333  -20.761  54.894 0.0000000000
73347  6.492  -22.152  54.731 0.0000000000
73373  5.255  -22.263  52.965 0.0000000000
74458  10.537  -20.396  76.631 0.0000000000
74466  7.030  -19.013  75.116 0.0000000000
74467  7.188  -19.028  75.359 0.0000000000
74472  8.782  -20.248  75.427 0.0000000000
74474  7.989  -19.556  75.379 0.0000000000
74476  6.941  -18.933  74.862 0.0000000000
74481  8.679  -20.291  75.200 0.0000000000
74484  6.835  -19.079  74.594 0.0000000000
74485  6.619  -19.184  74.198 0.0000000000
74486  6.096  -18.552  73.849 0.0000000000
74487  13.894  -21.528  73.267 0.0000000000
74488  13.655  -21.531  73.957 0.0000000000
74489  13.426  -21.413  74.324 0.0000000000
74491  6.070  -18.622  73.532 0.0000000000
74503  9.436  -21.072  72.976 0.0000000000
74504  9.390  -20.981  73.203 0.0000000000
74513  9.284  -20.756  73.216 0.0000000000
74543  4.572  -18.265  70.307 0.0000000000
74555  4.698  -18.150  69.985 0.0000000000
74556  4.536  -18.340  69.959 0.0000000000
74630  9.363  -20.479  65.581 0.0000000000
74646  9.277  -20.482  65.193 0.0000000000
74724  8.142  -21.269  59.756 0.0000000000
74733  8.416  -20.294  59.466 0.0000000000
74781  6.528  -20.397  55.881 0.0000000000
74785  2.530  -19.357  55.980 0.0000000000
74809  2.563  -19.638  55.475 0.0000000000
74824  4.521  -20.676  54.239 0.0000000000
75952  7.895  -19.239  76.161 0.0000000000
75953  7.421  -19.029  75.781 0.0000000000
75955  12.729  -19.925  75.696 0.0000000000
75960  7.541  -19.185  75.516 0.0000000000
75962  6.670  -18.468  74.646 0.0000000000
75963  6.268  -18.284  74.313 0.0000000000
75964  13.520  -20.525  73.763 0.0000000000
75967  6.460  -18.595  74.378 0.0000000000
75970  13.604  -20.856  73.413 0.0000000000
75991  13.879  -20.076  72.218 0.0000000000
75996  15.084  -20.773  70.484 0.0000000000
75999  8.387  -19.348  71.245 0.0000000000
76001  3.960  -18.411  71.087 0.0000000000
76015  8.669  -19.422  70.699 0.0000000000
76032  8.239  -18.934  70.353 0.0000000000
76061  14.493  -19.632  67.760 0.0000000000
76081  9.278  -18.898  66.778 0.0000000000
76097  9.517  -19.783  65.787 0.0000000000
76100  5.706  -17.662  65.159 0.0000000000
76119  5.911  -17.733  64.372 0.0000000000
76120  5.490  -17.743  64.729 0.0000000000
76139  5.763  -17.810  64.099 0.0000000000
76171  8.221  -18.818  60.935 0.0000000000
76188  8.291  -18.866  60.428 0.0000000000
76208  8.194  -19.493  59.097 0.0000000000
76209  6.429  -18.452  58.896 0.0000000000
76228  8.345  -19.992  59.108 0.0000000000
76236  1.650  -18.601  57.244 0.0000000000
76261  5.481  -19.128  57.318 0.0000000000
76265  2.001  -18.527  57.191 0.0000000000
76266  1.928  -18.782  57.312 0.0000000000
77469  7.967  -18.959  76.378 0.0000000000
77470  10.669  -18.780  76.063 0.0000000000
77471  10.014  -18.461  76.307 0.0000000000
77474  7.982  -18.760  76.193 0.0000000000
77475  7.772  -18.807  76.068 0.0000000000
77476  7.464  -18.462  75.597 0.0000000000
77482  9.155  -18.407  76.319 0.0000000000
77487  13.529  -20.281  73.710 0.0000000000
77491  6.302  -16.955  74.851 0.0000000000
77493  5.866  -17.478  74.489 0.0000000000
77502  11.793  -18.493  73.691 0.0000000000
77515  13.140  -19.675  73.053 0.0000000000
77518  11.469  -18.266  73.125 0.0000000000
77519  5.043  -18.083  72.167 0.0000000000
77539  3.965  -18.410  70.659 0.0000000000
77549  13.980  -19.382  71.368 0.0000000000
77551  13.261  -18.532  70.631 0.0000000000
77553  7.356  -18.420  70.255 0.0000000000
77565  13.695  -18.844  70.057 0.0000000000
77617  9.273  -18.879  67.233 0.0000000000
77645  2.915  -17.432  65.746 0.0000000000
77687  6.189  -17.760  63.842 0.0000000000
77703  14.889  -17.886  62.718 0.0000000000
77706  6.839  -18.026  62.340 0.0000000000
77707  4.821  -17.847  63.307 0.0000000000
77747  8.315  -18.925  60.061 0.0000000000
77773  8.416  -19.240  59.860 0.0000000000
77794  8.012  -19.215  58.931 0.0000000000
77799  2.669  -17.939  58.182 0.0000000000
77802  1.821  -18.424  57.240 0.0000000000
77827  1.392  -17.610  57.159 0.0000000000
79134  8.477  -18.794  76.542 0.0000000000
79139  8.143  -18.592  76.130 0.0000000000
79141  7.889  -18.426  75.862 0.0000000000
79153  6.506  -17.056  74.839 0.0000000000
79165  6.214  -17.102  75.117 0.0000000000
79166  6.190  -16.875  75.065 0.0000000000
79173  12.215  -18.755  73.562 0.0000000000
79174  12.004  -18.614  73.726 0.0000000000
79178  3.929  -16.818  72.792 0.0000000000
79195  12.500  -18.070  71.043 0.0000000000
79235  11.565  -16.946  68.837 0.0000000000
79245  11.590  -17.088  66.851 0.0000000000
79275  3.722  -17.500  65.338 0.0000000000
79295  2.127  -17.071  63.482 0.0000000000
79297  1.278  -16.935  63.229 0.0000000000
79319  5.985  -17.709  63.245 0.0000000000
79323  1.867  -17.220  63.036 0.0000000000
79324  1.411  -17.045  63.041 0.0000000000
79325  1.081  -16.897  63.112 0.0000000000
79346  14.601  -17.284  62.500 0.0000000000
79353  1.800  -16.853  62.691 0.0000000000
79355  1.038  -16.689  63.218 0.0000000000
79420  4.794  -17.604  59.650 0.0000000000
79432  4.680  -17.939  59.070 0.0000000000
79451  1.140  -16.982  57.362 0.0000000000
79452  1.016  -16.431  56.948 0.0000000000
79463  0.907  -16.597  57.066 0.0000000000
80763  6.089  -16.462  74.859 0.0000000000
80769  10.681  -17.901  74.494 0.0000000000
80774  6.279  -16.838  74.973 0.0000000000
80776  4.807  -16.331  75.233 0.0000000000
80887  12.235  -16.401  65.039 0.0000000000
80888  11.636  -16.248  65.357 0.0000000000
80905  12.613  -16.155  64.524 0.0000000000
80908  1.993  -16.994  63.630 0.0000000000
80909  1.620  -16.962  63.594 0.0000000000
80930  1.860  -16.608  63.183 0.0000000000
80931  1.453  -16.838  63.228 0.0000000000
80946  2.225  -16.570  62.253 0.0000000000
80948  1.153  -16.886  63.123 0.0000000000
80949  0.785  -16.931  63.238 0.0000000000
80963  2.322  -16.180  61.841 0.0000000000
81004  1.429  -16.241  57.749 0.0000000000
81005  1.251  -16.341  57.147 0.0000000000
81006  0.827  -16.103  56.574 0.0000000000
81017  0.690  -16.281  56.362 0.0000000000
81018  0.225  -16.332  56.396 0.0000000000
81037  -0.235  -16.124  56.028 0.0000000000
82273  7.549  -17.013  74.867 0.0000000000
82298  5.935  -15.193  73.919 0.0000000000
82315  8.955  -15.372  71.881 0.0000000000
82353  10.756  -16.147  68.485 0.0000000000
82468  15.366  -15.451  62.087 0.0000000000
82539  1.468  -16.032  57.153 0.0000000000
82559  0.179  -16.211  55.684 0.0000000000
82560  -0.017  -15.914  56.719 0.0000000000
82585  0.136  -15.571  55.750 0.0000000000
82586  -0.129  -15.855  55.776 0.0000000000
82587  -0.243  -15.880  56.184 0.0000000000
83807  5.686  -15.082  73.922 0.0000000000
83818  3.144  -14.660  71.738 0.0000000000
83934  3.776  -15.219  64.713 0.0000000000
83960  5.353  -13.797  64.306 0.0000000000
84073  0.857  -15.754  56.697 0.0000000000
84074  0.132  -15.525  56.727 0.0000000000
84102  0.956  -16.013  56.356 0.0000000000
84104  -0.179  -15.483  56.328 0.0000000000
84131  0.380  -15.471  55.948 0.0000000000
84132  -0.088  -15.356  55.904 0.0000000000
84133  -0.257  -15.604  56.004 0.0000000000
85443  2.358  -13.963  62.558 0.0000000000
86882  11.091  -12.226  66.061 0.0000000000
86909  12.240  -13.107  64.844 0.0000000000
86911  5.704  -12.717  64.256 0.0000000000
86952  1.949  -12.944  61.661 0.0000000000
157191  5.764  -24.541  69.831 0.0000000000
157192  5.873  -24.552  70.026 0.0000000000
157194  1.771  -23.789  61.763 0.0000000000
157196  2.289  -23.514  61.872 0.0000000000
157197  2.260  -23.508  62.118 0.0000000000
157198  1.742  -23.783  61.479 0.0000000000
157199  2.171  -23.489  62.386 0.0000000000
157200  1.997  -23.555  62.127 0.0000000000
157217  6.870  -19.122  72.128 0.0000000000
157218  6.385  -18.768  72.450 0.0000000000
157222  5.967  -18.663  72.219 0.0000000000
157225  4.951  -18.671  72.247 0.0000000000
157226  5.216  -18.552  72.004 0.0000000000
157227  4.984  -18.463  71.978 0.0000000000
