#!ascii label  , from subject sub-01 vox2ras=TkReg
666
85214  23.254  -13.742  -17.377 0.0000000000
93874  32.213  -8.712  -19.743 0.0000000000
109915  28.021  4.179  -20.312 0.0000000000
103717  22.484  -0.385  -22.806 0.0000000000
77453  24.813  -19.214  -16.480 0.0000000000
82245  28.508  -16.282  -18.583 0.0000000000
91242  27.937  -10.990  -17.755 0.0000000000
97438  25.072  -5.833  -21.090 0.0000000000
102370  29.623  -1.722  -19.052 0.0000000000
105030  31.631  0.328  -22.714 0.0000000000
114650  29.173  8.312  -24.176 0.0000000000
83703  24.766  -15.651  -15.482 0.0000000000
80713  27.247  -17.512  -17.189 0.0000000000
85166  26.625  -14.934  -16.270 0.0000000000
93891  23.946  -8.373  -21.539 0.0000000000
97466  22.676  -5.451  -22.184 0.0000000000
105007  25.735  1.521  -20.667 0.0000000000
102392  25.523  -1.262  -20.182 0.0000000000
104998  27.986  1.089  -18.373 0.0000000000
103694  32.051  -0.705  -20.249 0.0000000000
107510  32.016  2.851  -20.359 0.0000000000
117850  26.448  10.482  -21.951 0.0000000000
157497  25.470  8.641  -22.783 0.0000000000
116739  28.867  10.341  -24.684 0.0000000000
92649  30.091  -9.737  -18.157 0.0000000000
88162  30.053  -12.625  -19.173 0.0000000000
89794  31.252  -11.945  -22.122 0.0000000000
108717  25.097  3.999  -22.545 0.0000000000
94998  32.262  -7.553  -22.325 0.0000000000
89735  22.428  -11.684  -18.119 0.0000000000
88146  24.991  -12.921  -18.219 0.0000000000
91271  24.654  -10.399  -19.798 0.0000000000
93843  26.798  -8.567  -19.273 0.0000000000
96165  28.753  -6.477  -18.780 0.0000000000
99844  24.449  -3.258  -22.083 0.0000000000
99829  26.804  -3.603  -19.827 0.0000000000
97420  31.521  -5.260  -18.842 0.0000000000
99841  32.056  -3.744  -20.672 0.0000000000
112381  25.486  6.760  -22.459 0.0000000000
112363  28.885  6.522  -21.993 0.0000000000
115723  30.137  9.442  -27.610 0.0000000000
113531  31.933  7.287  -24.947 0.0000000000
109936  32.095  4.898  -22.212 0.0000000000
106326  32.904  2.420  -24.776 0.0000000000
86670  28.384  -13.954  -17.504 0.0000000000
88123  21.687  -12.656  -16.584 0.0000000000
86622  22.063  -13.583  -15.694 0.0000000000
85189  23.838  -14.547  -16.476 0.0000000000
85168  25.200  -14.856  -15.596 0.0000000000
85188  24.791  -14.310  -16.294 0.0000000000
107524  26.274  2.668  -20.509 0.0000000000
105006  26.322  1.224  -19.622 0.0000000000
107513  28.131  2.608  -19.084 0.0000000000
107503  29.856  2.398  -18.588 0.0000000000
108685  29.733  3.700  -19.860 0.0000000000
117870  26.285  12.537  -24.081 0.0000000000
116741  27.095  11.157  -23.870 0.0000000000
117868  27.801  11.706  -24.983 0.0000000000
93839  30.839  -8.797  -18.455 0.0000000000
89748  31.284  -11.171  -19.462 0.0000000000
91281  31.924  -10.743  -20.748 0.0000000000
109940  22.917  3.107  -22.663 0.0000000000
109929  23.375  4.431  -22.078 0.0000000000
82166  23.745  -16.995  -14.867 0.0000000000
79084  23.901  -18.641  -14.942 0.0000000000
79083  25.573  -19.224  -15.055 0.0000000000
80684  26.535  -18.045  -15.874 0.0000000000
82224  28.141  -16.808  -17.575 0.0000000000
82207  28.362  -16.912  -16.496 0.0000000000
91259  23.291  -11.146  -19.158 0.0000000000
92667  23.202  -9.848  -19.689 0.0000000000
96202  24.960  -7.195  -21.631 0.0000000000
93875  25.375  -8.452  -20.781 0.0000000000
94988  25.748  -7.545  -20.610 0.0000000000
94966  28.017  -7.473  -18.943 0.0000000000
96189  27.044  -6.031  -20.461 0.0000000000
99874  22.113  -3.113  -22.288 0.0000000000
102434  23.457  -2.064  -22.741 0.0000000000
102372  27.737  -1.308  -19.007 0.0000000000
101058  25.917  -2.659  -20.043 0.0000000000
101056  28.056  -2.600  -19.681 0.0000000000
98596  29.005  -4.590  -18.951 0.0000000000
101040  30.219  -3.335  -18.610 0.0000000000
99825  31.886  -4.213  -19.680 0.0000000000
101053  31.064  -3.000  -19.074 0.0000000000
105020  32.013  0.450  -21.597 0.0000000000
102417  31.828  -1.350  -21.697 0.0000000000
115688  28.061  8.952  -23.397 0.0000000000
157494  25.999  7.450  -22.684 0.0000000000
114651  27.529  7.014  -23.237 0.0000000000
112378  27.660  6.474  -22.594 0.0000000000
113509  29.672  7.413  -23.244 0.0000000000
112391  32.553  6.365  -24.068 0.0000000000
111166  33.176  5.119  -24.618 0.0000000000
108723  33.337  3.758  -23.829 0.0000000000
88164  26.081  -11.952  -18.539 0.0000000000
88144  27.298  -12.488  -17.220 0.0000000000
89733  27.885  -11.779  -17.498 0.0000000000
86735  31.157  -13.965  -21.202 0.0000000000
86710  29.922  -13.911  -20.290 0.0000000000
82190  23.417  -16.202  -15.100 0.0000000000
80686  24.756  -17.681  -16.057 0.0000000000
79094  25.901  -18.487  -17.093 0.0000000000
82209  25.584  -16.877  -16.478 0.0000000000
83745  27.017  -16.304  -17.650 0.0000000000
83744  27.804  -15.735  -17.941 0.0000000000
94992  22.164  -7.540  -20.097 0.0000000000
96205  22.939  -6.580  -21.480 0.0000000000
97464  24.224  -5.698  -22.317 0.0000000000
107538  23.544  0.103  -22.429 0.0000000000
103695  24.204  -0.660  -21.759 0.0000000000
103679  25.698  0.519  -19.779 0.0000000000
103677  27.297  0.343  -18.683 0.0000000000
103659  28.099  -0.394  -18.651 0.0000000000
103675  30.377  -1.297  -18.952 0.0000000000
104995  31.270  0.407  -18.629 0.0000000000
106274  32.072  1.501  -19.892 0.0000000000
106291  32.433  1.356  -21.554 0.0000000000
116720  25.619  9.457  -21.878 0.0000000000
116719  26.502  10.135  -22.432 0.0000000000
115703  28.412  9.669  -23.711 0.0000000000
115702  29.225  9.273  -23.940 0.0000000000
91256  28.429  -10.384  -17.810 0.0000000000
91240  29.069  -11.553  -17.742 0.0000000000
91254  30.403  -10.812  -18.486 0.0000000000
89766  30.603  -12.199  -20.526 0.0000000000
108724  22.393  1.040  -22.701 0.0000000000
108719  23.683  2.196  -22.888 0.0000000000
107531  24.990  2.899  -21.829 0.0000000000
108707  27.062  4.060  -21.456 0.0000000000
80698  27.152  -17.613  -16.351 0.0000000000
94987  32.518  -7.512  -21.217 0.0000000000
92690  32.408  -9.647  -21.541 0.0000000000
86699  22.978  -12.999  -18.063 0.0000000000
86674  24.353  -13.624  -17.801 0.0000000000
88167  23.456  -12.599  -19.019 0.0000000000
88185  24.780  -11.980  -19.499 0.0000000000
91269  26.105  -10.474  -19.435 0.0000000000
92681  24.249  -9.346  -20.743 0.0000000000
92664  25.879  -9.599  -19.794 0.0000000000
92652  27.211  -9.545  -18.821 0.0000000000
93842  27.711  -8.613  -18.842 0.0000000000
94965  29.205  -7.548  -18.605 0.0000000000
94963  31.267  -7.573  -18.644 0.0000000000
98656  23.054  -4.575  -22.660 0.0000000000
98642  24.897  -4.674  -21.658 0.0000000000
101059  25.235  -1.973  -20.452 0.0000000000
99842  25.516  -3.731  -20.853 0.0000000000
98627  26.039  -4.584  -20.640 0.0000000000
97422  27.704  -5.440  -19.719 0.0000000000
97406  30.257  -5.657  -18.537 0.0000000000
96162  31.610  -6.495  -18.808 0.0000000000
96188  32.624  -6.414  -20.711 0.0000000000
97448  32.727  -5.191  -21.505 0.0000000000
102403  31.837  -1.793  -20.573 0.0000000000
111152  25.512  5.443  -22.341 0.0000000000
111137  26.971  5.329  -22.037 0.0000000000
111124  29.363  5.066  -21.215 0.0000000000
115717  29.858  10.005  -25.970 0.0000000000
115716  30.408  9.301  -25.503 0.0000000000
114666  31.196  8.513  -25.896 0.0000000000
114658  31.126  8.216  -24.540 0.0000000000
113519  31.196  7.303  -23.437 0.0000000000
111149  30.666  5.875  -22.191 0.0000000000
109912  30.801  4.772  -20.893 0.0000000000
108706  31.880  3.937  -21.272 0.0000000000
107537  32.976  2.546  -22.633 0.0000000000
106312  32.410  1.414  -23.934 0.0000000000
86672  25.994  -13.408  -17.031 0.0000000000
86641  27.613  -13.972  -16.851 0.0000000000
83743  28.190  -15.521  -18.567 0.0000000000
88163  29.379  -12.934  -18.679 0.0000000000
85235  28.843  -14.718  -19.413 0.0000000000
86645  22.147  -13.326  -16.427 0.0000000000
85190  22.946  -14.273  -16.828 0.0000000000
85213  23.678  -13.958  -17.234 0.0000000000
108687  27.885  3.457  -19.735 0.0000000000
107514  27.059  2.763  -19.767 0.0000000000
108686  28.889  3.307  -19.299 0.0000000000
117869  26.908  11.955  -24.528 0.0000000000
93858  31.827  -8.552  -19.089 0.0000000000
92678  32.015  -9.523  -19.900 0.0000000000
92677  32.366  -9.797  -20.754 0.0000000000
80673  24.143  -17.734  -15.192 0.0000000000
80674  23.465  -17.726  -14.547 0.0000000000
79090  24.376  -18.589  -15.712 0.0000000000
77439  24.483  -19.214  -15.259 0.0000000000
79089  25.676  -19.301  -15.933 0.0000000000
79082  26.161  -18.750  -15.445 0.0000000000
77444  25.567  -19.071  -16.633 0.0000000000
82246  28.066  -16.291  -17.974 0.0000000000
82223  28.963  -16.333  -18.224 0.0000000000
83761  29.500  -15.858  -18.846 0.0000000000
92654  22.092  -10.084  -18.980 0.0000000000
92668  22.515  -9.571  -19.461 0.0000000000
96191  25.336  -6.665  -21.214 0.0000000000
94989  25.221  -7.719  -21.371 0.0000000000
96190  26.474  -6.534  -20.569 0.0000000000
102435  22.835  -1.709  -23.260 0.0000000000
103716  23.444  -1.195  -22.617 0.0000000000
102371  28.755  -1.814  -19.127 0.0000000000
102389  28.183  -1.978  -19.288 0.0000000000
101042  28.677  -2.454  -19.331 0.0000000000
101041  29.289  -2.768  -19.111 0.0000000000
101055  29.884  -2.380  -18.970 0.0000000000
101054  31.093  -2.992  -18.799 0.0000000000
102388  30.164  -2.046  -19.034 0.0000000000
103714  31.421  -0.723  -22.281 0.0000000000
115687  28.772  8.529  -24.013 0.0000000000
114641  27.575  7.605  -23.285 0.0000000000
114640  28.675  7.763  -23.999 0.0000000000
113510  28.671  6.921  -23.055 0.0000000000
114639  29.375  7.896  -23.946 0.0000000000
111167  32.733  5.509  -25.217 0.0000000000
109955  32.657  4.741  -26.258 0.0000000000
109954  32.957  4.516  -25.755 0.0000000000
89752  26.628  -11.400  -18.405 0.0000000000
89734  27.031  -11.850  -17.701 0.0000000000
89751  27.355  -11.253  -17.882 0.0000000000
86734  31.669  -14.252  -21.631 0.0000000000
83704  23.684  -15.379  -15.722 0.0000000000
83705  22.764  -15.448  -15.465 0.0000000000
82189  24.318  -16.608  -15.304 0.0000000000
82188  25.231  -16.609  -15.784 0.0000000000
80685  25.216  -17.215  -16.294 0.0000000000
85167  26.013  -14.826  -15.793 0.0000000000
83701  26.220  -15.659  -16.224 0.0000000000
83723  26.742  -15.723  -17.157 0.0000000000
83722  27.379  -15.354  -17.270 0.0000000000
97452  22.242  -5.675  -21.216 0.0000000000
96216  23.385  -6.131  -22.163 0.0000000000
96215  23.956  -6.247  -22.365 0.0000000000
97465  23.532  -5.518  -22.550 0.0000000000
103680  24.792  0.340  -21.139 0.0000000000
105005  26.908  1.069  -18.647 0.0000000000
103678  26.548  0.363  -19.049 0.0000000000
104997  29.000  0.505  -18.070 0.0000000000
104996  29.990  0.588  -18.288 0.0000000000
107501  31.223  2.538  -19.247 0.0000000000
106263  31.388  1.719  -19.103 0.0000000000
106282  32.315  1.335  -20.802 0.0000000000
106273  32.243  2.309  -20.407 0.0000000000
117849  26.799  11.309  -22.505 0.0000000000
117834  26.455  10.273  -21.606 0.0000000000
116740  27.952  11.020  -24.356 0.0000000000
116728  27.815  10.286  -23.508 0.0000000000
116727  28.449  10.106  -24.069 0.0000000000
92650  29.089  -9.511  -17.836 0.0000000000
91255  29.414  -10.883  -17.951 0.0000000000
89782  31.088  -11.603  -21.101 0.0000000000
89765  31.340  -11.459  -20.114 0.0000000000
89783  30.747  -12.547  -21.434 0.0000000000
88214  30.946  -13.476  -21.735 0.0000000000
106284  21.453  1.329  -22.049 0.0000000000
157433  21.912  1.753  -22.546 0.0000000000
108725  22.479  2.106  -22.734 0.0000000000
108718  24.525  3.513  -22.494 0.0000000000
108710  24.856  3.224  -22.213 0.0000000000
108709  25.488  3.549  -21.837 0.0000000000
109928  25.959  4.349  -21.762 0.0000000000
80714  26.441  -17.625  -17.239 0.0000000000
80699  26.521  -17.998  -16.715 0.0000000000
82186  28.362  -16.834  -15.429 0.0000000000
89736  21.678  -11.393  -17.397 0.0000000000
88168  22.806  -12.620  -18.256 0.0000000000
89755  23.070  -11.756  -18.801 0.0000000000
89770  24.303  -11.359  -19.648 0.0000000000
89769  25.021  -11.251  -19.591 0.0000000000
89768  25.674  -11.308  -19.374 0.0000000000
91270  25.426  -10.489  -19.679 0.0000000000
92692  23.523  -8.673  -21.006 0.0000000000
92682  23.397  -9.340  -20.342 0.0000000000
93877  24.212  -8.851  -21.271 0.0000000000
93860  26.154  -8.528  -20.115 0.0000000000
92679  25.523  -9.125  -20.325 0.0000000000
93844  26.291  -9.082  -19.594 0.0000000000
92653  26.472  -9.632  -19.282 0.0000000000
94978  27.645  -6.938  -19.506 0.0000000000
94964  30.265  -7.617  -18.580 0.0000000000
96164  29.760  -6.572  -18.612 0.0000000000
101100  23.265  -2.774  -22.632 0.0000000000
99873  22.743  -3.501  -22.572 0.0000000000
99872  23.500  -3.802  -22.550 0.0000000000
98655  23.882  -4.725  -22.566 0.0000000000
99843  24.925  -3.685  -21.677 0.0000000000
102405  24.707  -1.302  -20.957 0.0000000000
101070  25.668  -3.177  -20.545 0.0000000000
99830  26.115  -3.708  -20.318 0.0000000000
98614  26.660  -4.499  -20.090 0.0000000000
97423  27.076  -5.149  -19.925 0.0000000000
98613  27.357  -4.448  -19.720 0.0000000000
98595  29.908  -4.827  -18.971 0.0000000000
98594  30.595  -5.041  -18.793 0.0000000000
97404  31.679  -5.928  -18.720 0.0000000000
96174  32.271  -6.189  -19.860 0.0000000000
97418  32.233  -5.625  -19.697 0.0000000000
98626  32.459  -4.667  -20.435 0.0000000000
98640  32.363  -4.495  -21.448 0.0000000000
98652  32.315  -4.646  -22.268 0.0000000000
98641  32.024  -4.123  -22.003 0.0000000000
103674  31.833  -0.815  -19.636 0.0000000000
103673  31.703  -1.572  -19.855 0.0000000000
103693  31.890  -1.400  -20.042 0.0000000000
157498  25.030  8.967  -22.785 0.0000000000
157495  24.884  7.736  -22.364 0.0000000000
112382  24.689  6.491  -22.170 0.0000000000
111153  24.556  5.260  -22.190 0.0000000000
112380  26.256  6.257  -22.439 0.0000000000
112364  28.052  6.398  -22.014 0.0000000000
112365  27.325  6.188  -22.052 0.0000000000
111136  27.793  5.557  -21.691 0.0000000000
109925  28.253  5.021  -21.526 0.0000000000
111135  28.696  5.536  -21.578 0.0000000000
116754  29.239  10.418  -26.578 0.0000000000
115721  29.899  10.076  -26.513 0.0000000000
115720  30.427  9.599  -26.598 0.0000000000
113537  31.470  7.199  -26.634 0.0000000000
113535  31.276  7.881  -26.602 0.0000000000
114665  31.583  7.849  -25.445 0.0000000000
114661  31.438  8.087  -24.986 0.0000000000
113526  31.437  7.687  -24.171 0.0000000000
113527  30.923  7.772  -23.803 0.0000000000
113518  31.814  7.175  -23.568 0.0000000000
111159  32.748  5.463  -23.459 0.0000000000
112374  31.901  6.070  -22.600 0.0000000000
111148  31.533  5.471  -22.098 0.0000000000
111133  30.840  5.331  -21.443 0.0000000000
111132  31.355  5.050  -21.339 0.0000000000
109911  31.387  4.739  -21.019 0.0000000000
109921  32.127  4.398  -22.111 0.0000000000
107541  33.460  2.905  -24.070 0.0000000000
107536  33.344  3.131  -23.228 0.0000000000
107542  33.030  2.283  -23.509 0.0000000000
106311  33.052  2.209  -24.357 0.0000000000
88147  24.378  -13.121  -18.401 0.0000000000
86673  25.327  -13.434  -17.452 0.0000000000
88120  27.633  -13.115  -16.855 0.0000000000
88121  26.920  -13.088  -16.777 0.0000000000
85211  28.120  -14.831  -17.693 0.0000000000
85210  28.409  -14.917  -18.603 0.0000000000
89750  29.927  -11.845  -18.534 0.0000000000
89731  29.364  -12.043  -17.907 0.0000000000
86722  29.713  -14.778  -20.342 0.0000000000
85260  29.936  -15.457  -20.387 0.0000000000
85249  29.141  -15.369  -19.967 0.0000000000
83725  22.882  -15.042  -16.205 0.0000000000
85169  24.424  -14.889  -15.791 0.0000000000
86621  26.044  -14.150  -15.986 0.0000000000
106283  25.941  2.186  -20.593 0.0000000000
107515  26.554  2.341  -19.922 0.0000000000
106275  27.587  1.932  -19.102 0.0000000000
106266  28.517  1.662  -18.509 0.0000000000
106265  29.525  1.551  -18.236 0.0000000000
107504  29.067  2.364  -18.786 0.0000000000
108676  29.810  3.072  -19.080 0.0000000000
108684  30.721  3.402  -19.670 0.0000000000
119065  26.280  12.715  -23.576 0.0000000000
117860  26.607  12.024  -23.549 0.0000000000
116729  26.949  10.800  -23.108 0.0000000000
116750  28.420  11.138  -25.232 0.0000000000
92648  30.755  -9.916  -18.632 0.0000000000
92663  31.402  -9.664  -19.056 0.0000000000
91268  31.618  -10.565  -19.650 0.0000000000
91291  31.557  -11.260  -21.485 0.0000000000
109939  23.738  3.986  -22.607 0.0000000000
109938  24.779  4.454  -22.494 0.0000000000
82167  23.167  -16.758  -14.578 0.0000000000
82168  22.444  -16.511  -14.146 0.0000000000
80675  22.996  -17.166  -14.255 0.0000000000
79072  26.108  -18.663  -14.472 0.0000000000
80672  26.723  -18.129  -14.925 0.0000000000
82225  27.280  -16.813  -17.698 0.0000000000
80712  27.807  -17.382  -16.775 0.0000000000
91243  22.096  -11.095  -18.109 0.0000000000
91260  22.586  -10.696  -18.862 0.0000000000
91272  23.658  -10.421  -19.637 0.0000000000
93890  24.417  -8.100  -21.832 0.0000000000
93876  24.690  -8.532  -21.384 0.0000000000
93859  26.666  -8.019  -19.784 0.0000000000
94967  27.442  -8.038  -19.182 0.0000000000
94979  27.213  -7.512  -19.668 0.0000000000
96176  28.014  -6.372  -19.385 0.0000000000
101101  22.399  -2.468  -22.714 0.0000000000
101083  23.544  -2.503  -22.499 0.0000000000
102373  26.789  -1.231  -19.024 0.0000000000
102391  26.371  -1.890  -19.392 0.0000000000
102390  27.402  -1.981  -19.251 0.0000000000
101057  27.064  -2.734  -19.559 0.0000000000
99828  27.742  -3.534  -19.680 0.0000000000
99813  28.679  -3.438  -19.268 0.0000000000
99812  29.582  -3.852  -18.790 0.0000000000
99811  30.410  -4.291  -18.704 0.0000000000
98610  31.670  -5.066  -19.029 0.0000000000
99826  31.477  -3.928  -18.710 0.0000000000
101052  31.892  -2.739  -20.068 0.0000000000
103705  31.842  -0.509  -21.189 0.0000000000
102404  31.911  -1.196  -21.061 0.0000000000
115689  26.283  8.783  -22.524 0.0000000000
157496  25.506  8.056  -22.993 0.0000000000
114642  26.485  7.680  -22.926 0.0000000000
114652  27.130  7.128  -23.097 0.0000000000
113522  27.089  6.792  -22.967 0.0000000000
112387  27.532  6.602  -22.898 0.0000000000
113499  28.303  6.621  -22.579 0.0000000000
112377  29.579  6.481  -22.504 0.0000000000
112396  32.119  6.795  -25.549 0.0000000000
113530  32.300  6.793  -24.495 0.0000000000
112395  32.432  6.385  -24.907 0.0000000000
111163  32.844  5.676  -24.371 0.0000000000
111158  33.075  5.016  -23.504 0.0000000000
109934  33.038  4.343  -23.086 0.0000000000
109947  33.353  4.467  -24.301 0.0000000000
108728  33.390  3.613  -24.786 0.0000000000
88145  26.179  -12.558  -17.705 0.0000000000
88143  28.247  -12.786  -17.078 0.0000000000
88200  30.526  -13.408  -20.871 0.0000000000
86721  30.474  -14.507  -20.550 0.0000000000
82191  22.797  -16.105  -14.842 0.0000000000
80701  24.952  -18.156  -16.654 0.0000000000
77451  25.426  -18.853  -16.965 0.0000000000
80700  25.372  -17.671  -16.789 0.0000000000
80715  25.936  -17.589  -17.228 0.0000000000
82227  25.876  -17.103  -16.974 0.0000000000
82187  25.827  -16.276  -16.100 0.0000000000
82208  26.069  -16.402  -16.777 0.0000000000
82226  26.436  -16.828  -17.358 0.0000000000
83763  28.120  -16.116  -18.480 0.0000000000
94990  23.095  -7.750  -21.058 0.0000000000
95002  22.991  -7.332  -21.228 0.0000000000
95001  23.496  -7.509  -21.465 0.0000000000
96204  23.769  -6.745  -21.814 0.0000000000
96203  24.422  -6.591  -21.749 0.0000000000
96192  24.784  -6.198  -21.303 0.0000000000
157425  23.822  -0.839  -22.215 0.0000000000
103662  25.555  -0.355  -19.871 0.0000000000
103661  26.204  -0.386  -19.183 0.0000000000
103660  27.075  -0.545  -18.753 0.0000000000
103658  29.712  -0.953  -18.814 0.0000000000
103676  29.823  -1.400  -18.997 0.0000000000
103657  30.962  -0.136  -18.330 0.0000000000
106264  30.574  1.595  -18.371 0.0000000000
105004  31.775  0.412  -19.567 0.0000000000
105012  31.999  0.413  -20.491 0.0000000000
105019  32.254  1.100  -22.320 0.0000000000
157501  25.507  9.226  -22.470 0.0000000000
116718  27.169  9.809  -22.881 0.0000000000
91241  28.599  -11.266  -17.706 0.0000000000
89749  30.633  -11.719  -19.392 0.0000000000
88182  30.174  -12.864  -20.003 0.0000000000
105031  22.019  0.311  -22.625 0.0000000000
157428  24.825  2.092  -21.658 0.0000000000
157429  24.445  2.871  -22.205 0.0000000000
107525  25.566  2.579  -21.161 0.0000000000
108700  25.918  3.025  -21.159 0.0000000000
108699  26.355  3.289  -21.074 0.0000000000
108698  27.202  3.598  -20.771 0.0000000000
79088  26.133  -18.726  -16.341 0.0000000000
93873  32.386  -8.642  -20.574 0.0000000000
93889  32.256  -8.596  -21.906 0.0000000000
88148  22.123  -12.471  -17.337 0.0000000000
86676  22.864  -13.268  -17.574 0.0000000000
86675  23.516  -13.499  -17.824 0.0000000000
86698  23.186  -13.112  -18.288 0.0000000000
86697  23.856  -13.186  -18.467 0.0000000000
88166  24.426  -12.677  -18.952 0.0000000000
89754  23.609  -11.633  -19.389 0.0000000000
88186  24.083  -12.157  -19.493 0.0000000000
88165  25.481  -12.198  -18.952 0.0000000000
89753  26.054  -11.625  -18.954 0.0000000000
89767  26.283  -11.104  -19.118 0.0000000000
91258  26.730  -10.466  -18.956 0.0000000000
91283  23.905  -9.708  -20.174 0.0000000000
91282  24.248  -9.807  -19.993 0.0000000000
92680  24.955  -9.163  -20.630 0.0000000000
92666  24.651  -9.615  -20.160 0.0000000000
92665  25.152  -9.680  -19.964 0.0000000000
91257  27.505  -10.509  -18.325 0.0000000000
92651  28.131  -9.525  -18.408 0.0000000000
93841  28.688  -8.571  -18.578 0.0000000000
93840  29.726  -8.602  -18.272 0.0000000000
98644  21.867  -4.983  -21.854 0.0000000000
98643  24.447  -4.794  -22.117 0.0000000000
97450  25.176  -5.229  -21.307 0.0000000000
102406  24.097  -1.689  -21.800 0.0000000000
101072  24.409  -2.732  -21.814 0.0000000000
101071  24.972  -2.649  -20.921 0.0000000000
98628  25.418  -4.566  -21.203 0.0000000000
97437  25.845  -5.545  -21.098 0.0000000000
97436  26.665  -5.433  -20.449 0.0000000000
97421  28.478  -5.480  -19.129 0.0000000000
98612  28.123  -4.472  -19.294 0.0000000000
97407  29.351  -5.582  -18.782 0.0000000000
96163  30.744  -6.589  -18.561 0.0000000000
94977  31.931  -7.428  -19.232 0.0000000000
94976  32.413  -7.274  -20.041 0.0000000000
98609  32.229  -5.067  -19.641 0.0000000000
97434  32.480  -5.551  -20.242 0.0000000000
96201  32.723  -6.536  -21.808 0.0000000000
102387  31.139  -2.080  -18.975 0.0000000000
102416  32.086  -1.947  -21.382 0.0000000000
99855  31.987  -3.604  -21.531 0.0000000000
109937  25.414  4.503  -22.197 0.0000000000
112366  26.744  6.069  -22.153 0.0000000000
111138  26.035  5.083  -21.840 0.0000000000
109927  26.702  4.525  -21.728 0.0000000000
109926  27.627  4.581  -21.367 0.0000000000
109914  28.719  4.738  -20.833 0.0000000000
117879  27.767  11.573  -25.754 0.0000000000
116749  29.112  10.483  -25.615 0.0000000000
115714  29.541  9.659  -25.117 0.0000000000
115701  29.972  8.813  -24.009 0.0000000000
114669  30.763  8.584  -27.062 0.0000000000
114662  30.879  8.636  -24.922 0.0000000000
114649  29.752  8.370  -23.636 0.0000000000
113520  30.478  7.776  -23.480 0.0000000000
113508  30.595  7.085  -23.176 0.0000000000
112376  30.315  6.504  -22.780 0.0000000000
112386  31.698  6.954  -23.174 0.0000000000
112375  31.300  6.513  -22.786 0.0000000000
111150  30.082  5.987  -22.370 0.0000000000
111134  29.850  5.474  -21.641 0.0000000000
111123  29.694  5.048  -21.198 0.0000000000
109903  29.286  4.321  -20.325 0.0000000000
108697  30.272  3.900  -20.176 0.0000000000
108695  31.631  3.889  -20.654 0.0000000000
107522  31.880  3.161  -20.422 0.0000000000
108716  32.927  3.468  -22.511 0.0000000000
107530  32.848  2.850  -21.738 0.0000000000
106290  32.853  1.869  -22.009 0.0000000000
106300  32.534  1.726  -22.926 0.0000000000
105029  32.055  0.914  -23.250 0.0000000000
106327  32.542  1.913  -25.042 0.0000000000
106328  31.689  1.082  -24.588 0.0000000000
105044  31.182  0.452  -23.857 0.0000000000
86644  24.857  -13.919  -17.063 0.0000000000
86643  25.566  -13.870  -16.560 0.0000000000
86642  26.562  -13.931  -16.442 0.0000000000
88122  26.383  -13.218  -16.945 0.0000000000
85186  27.257  -14.889  -16.683 0.0000000000
85185  27.715  -14.898  -17.263 0.0000000000
82258  28.764  -16.211  -19.293 0.0000000000
89732  28.745  -12.049  -17.512 0.0000000000
88142  29.013  -12.984  -17.715 0.0000000000
86669  29.080  -13.970  -18.358 0.0000000000
88183  29.635  -13.434  -19.573 0.0000000000
86696  29.211  -13.991  -19.156 0.0000000000
85209  28.838  -14.389  -18.930 0.0000000000
85236  28.637  -15.320  -19.409 0.0000000000
83771  28.890  -16.006  -19.685 0.0000000000
82244  29.068  -16.296  -19.152 0.0000000000
91280  32.293  -10.294  -21.259 0.0000000000
91290  31.934  -10.772  -21.992 0.0000000000
77438  25.056  -19.551  -15.583 0.0000000000
77445  25.128  -19.392  -16.303 0.0000000000
77446  24.676  -19.228  -16.023 0.0000000000
77452  25.065  -19.099  -16.816 0.0000000000
79095  25.251  -18.476  -16.938 0.0000000000
79096  24.700  -18.689  -16.492 0.0000000000
79101  25.956  -18.004  -17.358 0.0000000000
79102  25.640  -18.088  -17.188 0.0000000000
82257  29.077  -16.185  -19.536 0.0000000000
83702  25.612  -15.647  -15.680 0.0000000000
83724  23.301  -14.853  -16.360 0.0000000000
83762  28.394  -15.800  -19.000 0.0000000000
83778  30.190  -15.889  -20.320 0.0000000000
85187  25.518  -14.308  -15.911 0.0000000000
85212  24.269  -14.043  -16.971 0.0000000000
85250  28.726  -15.671  -19.603 0.0000000000
86620  26.325  -14.445  -16.092 0.0000000000
86640  28.006  -13.456  -17.001 0.0000000000
86646  21.522  -12.939  -16.225 0.0000000000
86671  27.958  -14.416  -17.316 0.0000000000
86711  29.294  -14.351  -19.917 0.0000000000
88184  25.247  -11.713  -19.413 0.0000000000
89793  31.185  -11.102  -22.476 0.0000000000
91253  31.085  -10.661  -19.021 0.0000000000
91273  23.002  -10.155  -19.446 0.0000000000
92691  23.844  -9.003  -21.096 0.0000000000
93857  32.184  -8.110  -19.698 0.0000000000
93878  23.041  -8.308  -20.641 0.0000000000
93892  23.426  -8.143  -21.166 0.0000000000
94980  26.536  -7.514  -20.144 0.0000000000
94991  22.545  -7.381  -20.762 0.0000000000
94999  24.710  -7.656  -21.804 0.0000000000
95000  24.138  -7.535  -21.865 0.0000000000
96175  32.116  -6.611  -19.346 0.0000000000
96177  27.355  -6.454  -20.034 0.0000000000
96178  26.925  -6.999  -20.132 0.0000000000
96214  24.230  -6.186  -22.183 0.0000000000
97405  31.217  -5.654  -18.657 0.0000000000
97419  32.013  -5.715  -19.039 0.0000000000
97435  27.227  -5.695  -20.168 0.0000000000
97439  22.174  -5.859  -20.742 0.0000000000
97449  32.689  -5.387  -21.285 0.0000000000
97451  24.648  -5.570  -21.598 0.0000000000
97460  32.807  -5.181  -21.738 0.0000000000
97461  32.623  -5.512  -22.310 0.0000000000
98611  31.101  -4.938  -18.823 0.0000000000
98639  32.723  -4.964  -21.575 0.0000000000
98651  32.753  -4.866  -21.924 0.0000000000
99827  30.899  -3.873  -18.526 0.0000000000
99857  24.712  -4.239  -22.024 0.0000000000
99858  24.270  -3.827  -22.329 0.0000000000
101082  23.909  -2.884  -22.267 0.0000000000
101099  23.731  -3.329  -22.411 0.0000000000
102374  26.004  -1.044  -19.422 0.0000000000
102385  31.666  -1.886  -20.145 0.0000000000
102386  31.436  -1.990  -19.847 0.0000000000
102418  23.896  -2.311  -22.052 0.0000000000
102419  23.656  -2.327  -22.361 0.0000000000
102433  23.670  -1.909  -22.316 0.0000000000
103656  31.534  -0.251  -18.892 0.0000000000
105043  31.895  0.884  -23.762 0.0000000000
106276  26.774  1.873  -19.499 0.0000000000
106277  26.242  1.979  -20.104 0.0000000000
106281  32.528  2.140  -21.194 0.0000000000
106313  31.823  0.914  -24.034 0.0000000000
107502  30.676  2.682  -18.946 0.0000000000
107511  31.583  2.800  -19.859 0.0000000000
107512  31.106  2.906  -19.343 0.0000000000
107521  32.348  3.149  -20.839 0.0000000000
107523  26.686  3.121  -20.487 0.0000000000
107547  33.188  2.811  -24.689 0.0000000000
107548  32.910  2.734  -25.092 0.0000000000
108675  30.241  3.220  -19.365 0.0000000000
108677  29.400  2.817  -18.865 0.0000000000
108683  31.194  3.557  -20.073 0.0000000000
108694  32.021  3.676  -21.119 0.0000000000
108696  30.769  4.072  -20.292 0.0000000000
108705  32.238  3.759  -21.774 0.0000000000
108708  26.475  3.868  -21.492 0.0000000000
108715  33.147  3.962  -23.120 0.0000000000
108732  33.282  4.029  -25.641 0.0000000000
108735  32.970  4.266  -26.002 0.0000000000
109904  28.826  4.044  -20.033 0.0000000000
109905  28.392  3.763  -19.821 0.0000000000
109913  29.872  4.576  -20.784 0.0000000000
109922  31.795  4.528  -21.535 0.0000000000
109923  30.446  5.145  -21.268 0.0000000000
109924  30.249  4.986  -21.143 0.0000000000
109935  32.707  4.534  -22.736 0.0000000000
109943  33.144  4.514  -23.460 0.0000000000
109944  32.949  4.891  -23.270 0.0000000000
109950  33.225  4.639  -25.185 0.0000000000
109951  32.743  4.981  -25.688 0.0000000000
111121  31.275  4.918  -21.144 0.0000000000
111122  31.052  5.009  -21.146 0.0000000000
111147  32.262  5.523  -22.667 0.0000000000
111151  26.269  5.677  -22.135 0.0000000000
111162  33.228  5.111  -23.925 0.0000000000
111170  32.414  5.631  -26.098 0.0000000000
112379  27.069  6.483  -22.647 0.0000000000
112385  32.243  6.524  -23.171 0.0000000000
112388  27.323  6.660  -22.914 0.0000000000
113500  28.026  6.520  -22.603 0.0000000000
113511  27.884  6.680  -23.084 0.0000000000
113512  26.505  6.942  -22.800 0.0000000000
113521  27.456  6.795  -23.072 0.0000000000
113525  32.184  7.078  -24.047 0.0000000000
113534  31.712  7.471  -25.925 0.0000000000
114659  30.610  8.324  -24.115 0.0000000000
115713  30.130  9.028  -24.589 0.0000000000
116753  29.872  10.121  -26.905 0.0000000000
116758  30.031  9.901  -27.200 0.0000000000
157432  21.801  1.236  -22.489 0.0000000000
157491  24.677  8.709  -22.181 0.0000000000
