#!ascii label  , from subject sub-01 vox2ras=TkReg
355
25239  35.556  -54.969  10.402 0.0000000000
18023  37.406  -62.129  3.367 0.0000000000
17953  37.961  -61.519  7.175 0.0000000000
22837  40.304  -57.234  7.467 0.0000000000
15569  42.732  -63.419  5.557 0.0000000000
16745  42.568  -62.870  8.519 0.0000000000
12238  40.408  -66.204  7.549 0.0000000000
20374  39.008  -59.536  5.188 0.0000000000
25316  35.126  -56.261  6.733 0.0000000000
21553  36.599  -58.184  8.095 0.0000000000
20326  40.983  -58.992  8.434 0.0000000000
19146  42.931  -59.940  6.730 0.0000000000
16826  41.786  -62.466  3.250 0.0000000000
13365  40.799  -65.478  2.310 0.0000000000
27793  32.335  -53.237  10.331 0.0000000000
22807  33.337  -57.007  8.814 0.0000000000
19135  35.224  -60.575  7.047 0.0000000000
27832  36.779  -53.487  8.541 0.0000000000
13215  40.538  -66.020  8.808 0.0000000000
19177  38.518  -60.485  4.669 0.0000000000
21606  36.911  -58.526  5.083 0.0000000000
20340  37.775  -59.730  7.433 0.0000000000
19131  39.589  -60.419  7.547 0.0000000000
15529  43.591  -63.188  7.762 0.0000000000
17948  43.656  -61.292  7.393 0.0000000000
17967  43.789  -61.384  6.304 0.0000000000
19174  42.221  -60.470  5.061 0.0000000000
15587  43.258  -62.815  4.171 0.0000000000
13383  40.784  -65.393  1.265 0.0000000000
21557  32.700  -58.457  8.293 0.0000000000
21577  34.094  -59.013  7.725 0.0000000000
20345  32.706  -59.783  7.589 0.0000000000
25295  40.433  -55.946  8.685 0.0000000000
24067  38.149  -55.570  8.212 0.0000000000
26582  33.639  -54.653  6.624 0.0000000000
27857  34.376  -53.789  7.837 0.0000000000
15533  39.122  -63.230  7.551 0.0000000000
17951  40.332  -61.381  7.685 0.0000000000
15515  40.578  -64.053  8.664 0.0000000000
14356  42.043  -64.832  8.749 0.0000000000
15550  41.377  -64.100  6.918 0.0000000000
21598  39.565  -58.786  6.306 0.0000000000
24097  37.225  -56.776  7.062 0.0000000000
22859  36.821  -57.503  6.030 0.0000000000
24119  34.693  -56.699  5.523 0.0000000000
18052  38.413  -62.482  1.082 0.0000000000
22804  36.453  -56.933  9.234 0.0000000000
22819  40.456  -57.474  9.149 0.0000000000
22835  41.446  -57.184  8.271 0.0000000000
17950  41.691  -61.374  7.956 0.0000000000
19118  42.968  -59.148  8.117 0.0000000000
21589  41.224  -58.424  7.200 0.0000000000
20364  40.982  -59.414  5.974 0.0000000000
18005  40.513  -61.228  4.385 0.0000000000
18021  39.994  -62.076  3.952 0.0000000000
14462  42.001  -64.364  4.086 0.0000000000
15613  42.481  -63.622  2.558 0.0000000000
15615  40.954  -63.493  1.727 0.0000000000
16842  39.782  -63.408  1.076 0.0000000000
27818  33.927  -52.499  9.802 0.0000000000
26497  33.934  -54.118  10.202 0.0000000000
25264  33.119  -55.740  9.617 0.0000000000
24051  34.754  -56.483  9.281 0.0000000000
22824  34.898  -57.427  8.658 0.0000000000
21575  36.119  -58.982  7.744 0.0000000000
19134  36.242  -60.626  7.106 0.0000000000
17970  35.225  -62.004  6.478 0.0000000000
16763  37.565  -62.484  6.988 0.0000000000
25280  36.145  -55.154  8.059 0.0000000000
26495  36.003  -54.213  10.597 0.0000000000
27789  36.389  -53.441  10.309 0.0000000000
18007  38.043  -61.555  4.140 0.0000000000
19178  37.297  -60.536  4.448 0.0000000000
19132  38.419  -60.552  7.378 0.0000000000
20339  38.840  -59.629  7.639 0.0000000000
17952  39.082  -61.438  7.487 0.0000000000
15548  43.497  -63.009  6.590 0.0000000000
16776  43.956  -62.042  6.732 0.0000000000
15568  43.251  -62.791  5.159 0.0000000000
12347  39.529  -66.253  0.665 0.0000000000
20329  32.328  -59.117  8.055 0.0000000000
24082  40.198  -56.408  7.760 0.0000000000
24065  39.612  -55.732  8.181 0.0000000000
24083  39.128  -56.357  7.893 0.0000000000
29238  33.290  -52.793  5.847 0.0000000000
15532  39.958  -63.272  7.989 0.0000000000
14357  40.191  -64.831  8.687 0.0000000000
12216  40.483  -66.504  8.131 0.0000000000
13214  41.351  -65.604  8.848 0.0000000000
13257  40.988  -65.995  7.966 0.0000000000
14392  41.804  -64.707  7.928 0.0000000000
13286  40.866  -65.412  7.595 0.0000000000
20366  39.073  -59.125  5.613 0.0000000000
21600  37.682  -58.170  5.935 0.0000000000
21605  38.202  -58.823  5.276 0.0000000000
22869  35.939  -57.859  5.072 0.0000000000
24133  34.233  -56.947  4.849 0.0000000000
24120  33.988  -56.419  5.181 0.0000000000
22822  37.103  -57.490  8.667 0.0000000000
22803  37.558  -56.966  9.520 0.0000000000
22821  38.236  -57.644  8.929 0.0000000000
22818  41.233  -57.294  9.037 0.0000000000
21548  41.861  -57.854  8.377 0.0000000000
16759  41.867  -62.398  8.333 0.0000000000
19127  43.460  -60.346  7.121 0.0000000000
19128  42.928  -59.734  7.643 0.0000000000
20349  42.750  -59.332  7.273 0.0000000000
20336  42.230  -58.546  7.484 0.0000000000
20350  41.941  -59.212  7.016 0.0000000000
20351  40.581  -58.956  6.622 0.0000000000
20363  41.778  -59.859  6.115 0.0000000000
18019  42.274  -61.780  3.817 0.0000000000
19175  41.024  -60.338  4.646 0.0000000000
18020  41.175  -61.928  3.863 0.0000000000
16827  40.626  -62.691  3.244 0.0000000000
13368  37.473  -65.853  2.456 0.0000000000
14505  39.861  -65.385  2.744 0.0000000000
13352  39.148  -65.141  3.137 0.0000000000
14490  39.787  -64.869  3.277 0.0000000000
14488  41.770  -64.916  3.125 0.0000000000
14487  42.490  -64.043  3.433 0.0000000000
14503  41.711  -64.799  2.319 0.0000000000
14524  40.584  -64.745  0.636 0.0000000000
15627  41.421  -63.949  1.361 0.0000000000
15628  40.622  -63.746  1.095 0.0000000000
15616  40.354  -63.482  1.475 0.0000000000
29105  33.501  -52.099  9.888 0.0000000000
27792  33.452  -53.074  9.986 0.0000000000
27791  34.505  -53.322  10.125 0.0000000000
22808  32.486  -57.187  8.989 0.0000000000
25265  32.273  -55.944  9.726 0.0000000000
24052  33.714  -56.386  9.255 0.0000000000
25263  34.115  -55.675  9.667 0.0000000000
24069  34.217  -56.923  8.818 0.0000000000
22806  34.944  -56.958  8.990 0.0000000000
22825  33.916  -57.612  8.507 0.0000000000
20343  34.652  -59.804  7.379 0.0000000000
21576  35.090  -59.053  7.853 0.0000000000
20342  35.670  -59.803  7.434 0.0000000000
15554  35.240  -63.837  6.649 0.0000000000
16778  35.694  -62.803  6.577 0.0000000000
16777  36.606  -62.646  6.717 0.0000000000
24086  36.147  -56.293  6.917 0.0000000000
24085  36.702  -56.169  7.221 0.0000000000
25299  35.562  -55.823  7.434 0.0000000000
27856  34.993  -53.340  8.160 0.0000000000
20375  37.719  -59.564  4.823 0.0000000000
21574  37.179  -58.952  7.701 0.0000000000
21552  37.709  -58.280  8.231 0.0000000000
21573  38.207  -59.006  7.825 0.0000000000
20337  40.446  -59.403  8.117 0.0000000000
16744  43.418  -62.786  8.277 0.0000000000
17938  43.236  -62.010  8.147 0.0000000000
17937  43.824  -62.222  8.005 0.0000000000
19145  43.584  -60.707  6.557 0.0000000000
19165  42.351  -60.238  6.008 0.0000000000
17986  43.442  -61.343  5.305 0.0000000000
18003  42.976  -61.233  4.437 0.0000000000
16825  42.870  -62.394  3.555 0.0000000000
13364  41.327  -65.056  1.900 0.0000000000
12346  40.144  -65.872  1.032 0.0000000000
13392  40.102  -65.468  0.639 0.0000000000
22826  33.030  -57.768  8.600 0.0000000000
21556  33.558  -58.353  8.168 0.0000000000
21578  33.141  -59.019  7.752 0.0000000000
20344  33.646  -59.786  7.380 0.0000000000
25277  39.173  -55.049  8.436 0.0000000000
26532  37.503  -54.461  8.477 0.0000000000
25317  34.359  -55.783  6.439 0.0000000000
25300  34.658  -55.401  7.373 0.0000000000
27858  33.728  -53.719  7.083 0.0000000000
29219  33.641  -52.817  6.666 0.0000000000
16762  38.595  -62.397  7.346 0.0000000000
16761  39.671  -62.391  7.667 0.0000000000
16760  40.834  -62.588  8.162 0.0000000000
16746  41.573  -63.197  8.624 0.0000000000
15488  41.722  -64.773  9.066 0.0000000000
15514  41.855  -64.089  8.689 0.0000000000
14355  42.484  -64.263  8.166 0.0000000000
15531  42.216  -64.053  7.439 0.0000000000
21590  39.839  -58.285  6.875 0.0000000000
22839  38.695  -56.931  7.504 0.0000000000
21591  38.523  -58.027  6.582 0.0000000000
22852  37.183  -57.227  6.619 0.0000000000
24117  36.154  -56.979  6.107 0.0000000000
22860  36.097  -57.332  5.589 0.0000000000
24100  35.080  -56.444  6.225 0.0000000000
25318  33.590  -55.188  6.040 0.0000000000
26610  33.126  -54.531  5.661 0.0000000000
18032  37.660  -62.355  2.573 0.0000000000
25261  36.182  -55.629  10.105 0.0000000000
25260  37.105  -55.608  10.306 0.0000000000
24049  36.862  -56.248  9.834 0.0000000000
24080  41.289  -56.764  8.548 0.0000000000
22836  41.034  -57.084  7.767 0.0000000000
19120  41.841  -59.409  8.326 0.0000000000
17949  42.781  -61.073  7.880 0.0000000000
19129  42.227  -60.120  8.034 0.0000000000
20325  41.972  -58.663  8.421 0.0000000000
21547  42.503  -58.071  8.051 0.0000000000
21569  41.980  -57.958  7.727 0.0000000000
21570  40.825  -57.734  7.357 0.0000000000
20365  39.762  -59.172  5.912 0.0000000000
20373  40.329  -59.727  5.207 0.0000000000
20372  41.407  -59.909  5.348 0.0000000000
19176  39.785  -60.428  4.752 0.0000000000
18006  39.285  -61.367  4.447 0.0000000000
16813  38.880  -62.206  4.019 0.0000000000
16814  38.282  -62.165  3.913 0.0000000000
15551  40.685  -64.241  6.609 0.0000000000
14506  37.761  -64.983  2.922 0.0000000000
15590  41.301  -63.933  4.787 0.0000000000
15589  42.208  -63.794  4.779 0.0000000000
15588  42.788  -63.423  4.367 0.0000000000
15605  42.932  -63.177  3.497 0.0000000000
16835  42.270  -62.936  2.690 0.0000000000
14516  41.733  -64.472  1.746 0.0000000000
15614  41.851  -63.442  2.004 0.0000000000
16836  41.287  -63.116  2.526 0.0000000000
16828  39.453  -62.529  3.180 0.0000000000
16838  38.891  -62.644  2.429 0.0000000000
16843  38.864  -62.762  1.509 0.0000000000
32027  35.707  -50.135  9.499 0.0000000000
30533  34.001  -51.291  9.859 0.0000000000
30532  35.108  -51.145  9.536 0.0000000000
29104  35.047  -53.005  10.150 0.0000000000
26496  34.945  -54.194  10.530 0.0000000000
25243  31.614  -55.611  10.196 0.0000000000
26498  32.840  -54.134  10.033 0.0000000000
25241  33.473  -54.976  10.014 0.0000000000
25240  34.503  -54.969  10.221 0.0000000000
25262  35.150  -55.661  9.869 0.0000000000
24050  35.810  -56.305  9.548 0.0000000000
22823  35.999  -57.477  8.576 0.0000000000
21555  34.506  -58.276  8.174 0.0000000000
21554  35.523  -58.201  8.125 0.0000000000
20341  36.709  -59.775  7.404 0.0000000000
19133  37.315  -60.628  7.172 0.0000000000
17955  35.747  -61.349  6.756 0.0000000000
17954  36.783  -61.658  6.810 0.0000000000
24084  37.866  -56.211  7.762 0.0000000000
25298  36.811  -55.272  7.815 0.0000000000
26533  36.484  -54.583  8.284 0.0000000000
26535  34.744  -54.335  8.138 0.0000000000
27833  35.722  -53.546  8.401 0.0000000000
12181  40.151  -66.444  8.706 0.0000000000
12200  40.301  -66.500  8.562 0.0000000000
12318  40.292  -65.871  1.353 0.0000000000
13233  41.438  -65.451  8.443 0.0000000000
13234  40.932  -66.088  8.559 0.0000000000
13256  41.351  -65.383  7.982 0.0000000000
13285  41.328  -65.097  7.788 0.0000000000
13349  41.383  -65.124  2.490 0.0000000000
13350  41.233  -65.258  2.798 0.0000000000
13351  39.489  -65.422  2.818 0.0000000000
13366  39.876  -65.953  2.333 0.0000000000
13382  41.321  -64.897  1.437 0.0000000000
14323  41.335  -65.248  9.096 0.0000000000
14391  42.447  -64.263  7.805 0.0000000000
14419  41.196  -64.793  7.503 0.0000000000
14461  42.436  -63.940  4.145 0.0000000000
14489  40.793  -65.135  3.199 0.0000000000
14502  42.212  -64.353  2.426 0.0000000000
14504  40.238  -65.360  2.742 0.0000000000
14515  42.181  -64.202  1.978 0.0000000000
14517  41.214  -64.612  1.088 0.0000000000
15489  41.257  -64.674  9.096 0.0000000000
15512  43.561  -63.132  8.196 0.0000000000
15513  42.941  -63.678  8.377 0.0000000000
15530  42.890  -63.758  7.583 0.0000000000
15604  43.185  -62.730  3.728 0.0000000000
15625  42.393  -64.043  2.118 0.0000000000
15626  42.146  -63.932  1.823 0.0000000000
15642  40.865  -64.185  0.827 0.0000000000
16743  43.860  -62.782  8.049 0.0000000000
16758  43.925  -62.432  7.474 0.0000000000
16795  43.691  -62.108  5.759 0.0000000000
16811  43.351  -62.051  4.528 0.0000000000
16812  43.156  -61.813  4.015 0.0000000000
16824  43.259  -62.494  3.952 0.0000000000
16829  38.350  -62.408  3.292 0.0000000000
16830  37.867  -62.442  2.948 0.0000000000
16834  42.765  -63.019  2.989 0.0000000000
16837  39.992  -63.194  2.185 0.0000000000
16839  38.194  -62.486  2.487 0.0000000000
16844  38.476  -62.578  2.011 0.0000000000
16855  39.550  -63.591  0.595 0.0000000000
17939  42.495  -61.957  8.166 0.0000000000
17968  36.520  -62.120  6.674 0.0000000000
17969  36.114  -62.082  6.607 0.0000000000
17987  43.187  -60.952  5.084 0.0000000000
18002  43.322  -61.522  4.724 0.0000000000
18004  41.727  -61.074  4.237 0.0000000000
18018  42.873  -61.771  3.893 0.0000000000
18022  37.964  -62.159  3.778 0.0000000000
18041  38.443  -62.501  1.385 0.0000000000
18042  37.989  -62.323  1.685 0.0000000000
19119  42.595  -59.245  8.219 0.0000000000
19147  42.292  -59.806  6.484 0.0000000000
19163  43.544  -61.002  5.982 0.0000000000
19164  43.066  -60.671  5.723 0.0000000000
19173  42.903  -60.800  5.044 0.0000000000
20324  42.734  -58.618  8.109 0.0000000000
20335  42.649  -58.704  7.590 0.0000000000
20352  39.917  -58.811  6.413 0.0000000000
20371  41.893  -60.197  5.637 0.0000000000
21534  32.222  -57.956  8.785 0.0000000000
21558  32.034  -58.602  8.530 0.0000000000
21568  42.699  -58.235  7.872 0.0000000000
21571  40.210  -57.720  7.290 0.0000000000
21572  38.805  -59.085  7.943 0.0000000000
21588  41.922  -58.515  7.421 0.0000000000
21592  37.892  -57.806  6.457 0.0000000000
21599  38.896  -58.710  5.984 0.0000000000
21601  37.006  -57.974  5.576 0.0000000000
21604  38.776  -59.036  5.468 0.0000000000
22805  35.466  -56.948  9.070 0.0000000000
22817  41.375  -57.036  8.702 0.0000000000
22838  39.536  -57.024  7.526 0.0000000000
22849  39.787  -57.602  7.316 0.0000000000
22850  39.018  -57.632  7.244 0.0000000000
22851  37.972  -57.293  6.942 0.0000000000
22858  37.490  -57.618  6.386 0.0000000000
22861  35.416  -57.302  5.353 0.0000000000
22868  36.568  -57.806  5.429 0.0000000000
24053  32.797  -56.471  9.298 0.0000000000
24063  41.154  -56.547  8.787 0.0000000000
24066  38.743  -55.676  8.219 0.0000000000
24068  34.693  -56.942  8.922 0.0000000000
24081  40.872  -56.481  8.380 0.0000000000
24098  36.558  -56.780  6.627 0.0000000000
24099  35.746  -56.474  6.533 0.0000000000
24118  35.551  -56.827  5.845 0.0000000000
25238  36.620  -54.963  10.509 0.0000000000
25278  38.358  -55.010  8.355 0.0000000000
25279  36.482  -54.997  8.036 0.0000000000
25296  40.252  -55.923  8.323 0.0000000000
25297  37.660  -55.242  8.132 0.0000000000
25336  34.127  -56.134  5.619 0.0000000000
25337  33.573  -55.610  5.294 0.0000000000
26534  35.352  -54.752  8.213 0.0000000000
26556  37.264  -54.914  8.093 0.0000000000
26557  37.027  -54.778  8.120 0.0000000000
26558  34.951  -55.286  7.826 0.0000000000
26559  34.515  -54.764  7.799 0.0000000000
26560  33.994  -54.408  7.365 0.0000000000
26581  34.168  -55.040  7.157 0.0000000000
27817  34.123  -52.857  9.816 0.0000000000
27834  34.972  -53.946  8.323 0.0000000000
27880  33.272  -53.672  6.247 0.0000000000
29136  34.671  -52.365  9.736 0.0000000000
29137  34.000  -52.062  9.764 0.0000000000
29182  34.648  -52.875  7.747 0.0000000000
29183  34.016  -53.059  7.406 0.0000000000
30618  33.542  -52.330  6.173 0.0000000000
