#!ascii label  , from subject sub-01 vox2ras=TkReg
751
75863  23.496  -20.846  -11.039 0.1428571492
74336  22.907  -21.639  -11.166 0.1428571492
75892  23.199  -20.993  -12.721 0.1428571492
75862  24.085  -20.616  -10.369 0.1428571492
77410  23.565  -20.452  -12.120 0.2857142985
74355  22.875  -21.393  -12.245 0.1428571492
77394  24.018  -19.872  -11.136 0.1428571492
77419  24.195  -19.683  -13.326 0.5714285970
79051  24.906  -18.947  -11.957 0.1428571492
80649  26.724  -17.861  -12.863 0.2857142985
79050  25.821  -18.220  -12.119 0.2857142985
80648  27.424  -17.280  -12.568 0.1428571492
82186  28.362  -16.834  -15.429 0.2857142985
82164  28.127  -16.864  -14.532 0.1428571492
80670  27.830  -17.218  -14.594 0.2857142985
83721  29.470  -15.770  -16.541 0.2857142985
83700  29.541  -15.678  -15.459 0.2857142985
83741  30.093  -15.076  -17.541 0.2857142985
83742  29.568  -15.763  -17.681 0.2857142985
85248  30.626  -15.225  -19.628 0.2857142985
86735  31.157  -13.965  -21.202 0.8571428657
85259  30.599  -15.247  -20.244 0.4285714328
85233  30.980  -14.352  -18.384 0.2857142985
86747  31.679  -14.164  -22.504 0.7142857313
86733  32.388  -14.013  -22.075 0.7142857313
86734  31.669  -14.252  -21.631 0.7142857313
86721  30.474  -14.507  -20.550 0.7142857313
86762  32.463  -13.499  -23.482 0.8571428657
86763  31.866  -13.739  -23.138 0.5714285970
88213  31.138  -13.062  -22.185 0.8571428657
86748  31.268  -14.132  -21.938 0.7142857313
89816  32.377  -11.595  -24.011 0.4285714328
88243  31.838  -12.856  -23.330 0.7142857313
88227  31.427  -13.131  -22.697 0.8571428657
92728  32.795  -9.923  -24.854 0.2857142985
92716  31.744  -9.615  -23.614 0.5714285970
91314  31.277  -11.244  -23.318 0.8571428657
91313  31.835  -10.741  -23.716 0.7142857313
91300  30.920  -11.257  -23.121 0.8571428657
92740  32.397  -9.139  -25.081 0.1428571492
92739  33.148  -9.647  -25.194 0.1428571492
92729  32.187  -9.676  -24.556 0.4285714328
95032  31.046  -7.522  -24.823 0.1428571492
93936  32.659  -8.677  -25.130 0.1428571492
93931  31.452  -8.267  -24.604 0.1428571492
92730  31.612  -8.780  -24.516 0.4285714328
92702  32.312  -9.751  -22.693 0.8571428657
96239  30.624  -6.447  -24.838 0.1428571492
95033  30.906  -6.898  -25.042 0.1428571492
96238  30.893  -6.528  -24.325 0.1428571492
95022  31.176  -7.295  -24.116 0.1428571492
96213  31.648  -6.914  -23.248 0.4285714328
93904  31.679  -7.938  -23.494 0.5714285970
93903  32.058  -8.516  -23.204 0.7142857313
93889  32.256  -8.596  -21.906 0.8571428657
97478  30.460  -5.172  -23.322 0.1428571492
98667  30.145  -4.267  -23.419 0.1428571492
97477  31.373  -5.659  -23.323 0.1428571492
97476  32.029  -5.835  -22.980 0.5714285970
94998  32.262  -7.553  -22.325 0.8571428657
94987  32.518  -7.512  -21.217 0.8571428657
98668  29.450  -4.170  -23.812 0.1428571492
99871  30.660  -3.517  -23.105 0.2857142985
97463  31.152  -4.968  -22.889 0.1428571492
98653  31.560  -4.371  -22.463 0.8571428657
97461  32.623  -5.512  -22.310 0.8571428657
96212  32.142  -6.612  -22.729 0.7142857313
97448  32.727  -5.191  -21.505 0.8571428657
102432  30.995  -1.749  -22.864 0.1428571492
102446  30.429  -1.699  -23.656 0.1428571492
101097  31.478  -2.701  -22.761 0.4285714328
101069  32.057  -2.778  -21.017 0.8571428657
99855  31.987  -3.604  -21.531 0.8571428657
98640  32.363  -4.495  -21.448 0.8571428657
98626  32.459  -4.667  -20.435 0.8571428657
102431  31.696  -1.783  -22.337 0.4285714328
99841  32.056  -3.744  -20.672 0.8571428657
101052  31.892  -2.739  -20.068 0.8571428657
103715  30.731  -0.976  -23.057 0.1428571492
103727  31.066  -0.288  -23.126 0.2857142985
103714  31.421  -0.723  -22.281 0.5714285970
103705  31.842  -0.509  -21.189 0.8571428657
102417  31.828  -1.350  -21.697 0.8571428657
102416  32.086  -1.947  -21.382 0.8571428657
102403  31.837  -1.793  -20.573 0.8571428657
103693  31.890  -1.400  -20.042 0.8571428657
105030  31.631  0.328  -22.714 0.2857142985
105020  32.013  0.450  -21.597 0.8571428657
103694  32.051  -0.705  -20.249 0.8571428657
104995  31.270  0.407  -18.629 0.8571428657
103673  31.703  -1.572  -19.855 0.8571428657
106282  32.315  1.335  -20.802 0.8571428657
105004  31.775  0.412  -19.567 0.8571428657
106263  31.388  1.719  -19.103 0.7142857313
106291  32.433  1.356  -21.554 0.8571428657
106273  32.243  2.309  -20.407 0.8571428657
106274  32.072  1.501  -19.892 0.8571428657
107510  32.016  2.851  -20.359 0.8571428657
107522  31.880  3.161  -20.422 0.8571428657
107501  31.223  2.538  -19.247 0.7142857313
107536  33.344  3.131  -23.228 0.7142857313
108716  32.927  3.468  -22.511 0.8571428657
109921  32.127  4.398  -22.111 0.8571428657
111159  32.748  5.463  -23.459 0.7142857313
108706  31.880  3.937  -21.272 0.8571428657
109965  32.268  4.326  -27.966 0.1428571492
109934  33.038  4.343  -23.086 0.8571428657
111158  33.075  5.016  -23.504 0.7142857313
111163  32.844  5.676  -24.371 0.7142857313
109936  32.095  4.898  -22.212 0.8571428657
111193  31.300  5.350  -28.904 0.1428571492
111167  32.733  5.509  -25.217 0.5714285970
112402  32.380  6.195  -25.629 0.5714285970
113537  31.470  7.199  -26.634 0.5714285970
111177  31.610  5.680  -27.443 0.1428571492
111194  30.588  5.655  -29.534 0.1428571492
113535  31.276  7.881  -26.602 0.5714285970
112430  29.394  6.577  -29.620 0.1428571492
112441  28.974  6.306  -30.485 0.1428571492
112420  30.491  6.611  -28.543 0.1428571492
112442  27.840  6.573  -30.926 0.1428571492
112410  31.401  6.554  -26.993 0.5714285970
112431  28.396  6.841  -30.222 0.1428571492
113555  28.258  7.603  -29.742 0.1428571492
113566  26.790  7.240  -30.568 0.1428571492
114684  27.389  8.690  -29.633 0.1428571492
74335  23.803  -21.483  -10.443 0.1428571492
72857  23.435  -22.286  -10.345 0.1428571492
77409  23.997  -19.847  -12.331 0.2857142985
79037  24.691  -19.274  -11.347 0.1428571492
82163  29.043  -16.300  -14.585 0.2857142985
82148  27.764  -17.002  -13.952 0.1428571492
83769  30.118  -15.609  -19.339 0.2857142985
83760  30.103  -15.367  -18.384 0.2857142985
86720  31.381  -14.178  -20.553 0.4285714328
86761  33.191  -13.224  -23.869 0.2857142985
86710  29.922  -13.911  -20.290 0.7142857313
89833  32.958  -11.466  -24.479 0.1428571492
91290  31.934  -10.772  -21.992 0.8571428657
97486  30.195  -5.484  -24.252 0.1428571492
97462  31.896  -5.110  -22.820 0.8571428657
98652  32.315  -4.646  -22.268 0.8571428657
97434  32.480  -5.551  -20.242 0.8571428657
99825  31.886  -4.213  -19.680 0.8571428657
105019  32.254  1.100  -22.320 0.8571428657
107537  32.976  2.546  -22.633 0.8571428657
108723  33.337  3.758  -23.829 0.8571428657
111166  33.176  5.119  -24.618 0.7142857313
111176  32.263  5.374  -26.773 0.2857142985
112411  30.957  6.615  -27.785 0.1428571492
112429  30.231  6.318  -29.078 0.1428571492
112447  27.740  6.789  -31.758 0.1428571492
72858  22.474  -22.534  -10.475 0.1428571492
79062  24.527  -19.416  -12.500 0.4285714328
79060  25.998  -18.524  -13.406 0.2857142985
79061  25.084  -19.062  -13.053 0.4285714328
80658  27.366  -17.468  -13.466 0.1428571492
83681  29.711  -15.526  -14.566 0.2857142985
83699  30.095  -15.203  -16.064 0.2857142985
82185  28.961  -16.345  -15.948 0.2857142985
86722  29.713  -14.778  -20.342 0.7142857313
95031  31.708  -7.629  -24.953 0.1428571492
97493  30.275  -5.441  -25.142 0.1428571492
99885  29.913  -3.456  -23.704 0.1428571492
101098  30.528  -2.626  -23.400 0.2857142985
101081  31.763  -3.221  -22.480 0.8571428657
96188  32.624  -6.414  -20.711 0.8571428657
103728  30.606  -0.653  -23.885 0.1428571492
105044  31.182  0.452  -23.857 0.1428571492
105029  32.055  0.914  -23.250 0.2857142985
106300  32.534  1.726  -22.926 0.5714285970
107542  33.030  2.283  -23.509 0.5714285970
107541  33.460  2.905  -24.070 0.5714285970
109947  33.353  4.467  -24.301 0.7142857313
109955  32.657  4.741  -26.258 0.4285714328
108736  32.925  3.759  -26.317 0.2857142985
108735  32.970  4.266  -26.002 0.2857142985
109957  32.447  4.698  -27.186 0.1428571492
109958  31.908  5.011  -27.880 0.1428571492
111184  31.408  5.475  -28.273 0.1428571492
114681  30.237  7.915  -28.638 0.2857142985
111185  30.870  5.937  -28.762 0.1428571492
113554  29.455  7.503  -29.174 0.1428571492
114683  28.722  8.651  -29.219 0.1428571492
111195  29.812  5.983  -30.171 0.1428571492
113556  26.991  7.846  -30.003 0.1428571492
113568  25.511  7.955  -31.019 0.1428571492
106312  32.410  1.414  -23.934 0.4285714328
106311  33.052  2.209  -24.357 0.4285714328
106326  32.904  2.420  -24.776 0.4285714328
108733  33.165  3.300  -25.448 0.4285714328
108728  33.390  3.613  -24.786 0.5714285970
109954  32.957  4.516  -25.755 0.5714285970
77395  23.544  -20.552  -11.537 0.1428571492
75878  23.314  -21.054  -11.852 0.1428571492
74337  22.047  -22.078  -11.157 0.1428571492
77420  23.562  -20.326  -13.010 0.4285714328
74377  22.860  -21.285  -12.754 0.2857142985
80659  26.726  -18.017  -13.918 0.1428571492
88200  30.526  -13.408  -20.871 0.7142857313
88242  32.478  -12.596  -23.845 0.8571428657
89794  31.252  -11.945  -22.122 0.8571428657
91329  32.505  -10.765  -24.243 0.5714285970
93918  31.678  -8.888  -23.795 0.5714285970
96230  31.303  -6.586  -23.695 0.2857142985
95010  31.480  -7.435  -23.612 0.1428571492
99870  31.284  -3.632  -22.580 0.5714285970
96201  32.723  -6.536  -21.808 0.8571428657
98641  32.024  -4.123  -22.003 0.8571428657
101096  32.018  -2.286  -22.389 0.8571428657
102404  31.911  -1.196  -21.061 0.8571428657
103674  31.833  -0.815  -19.636 0.8571428657
105012  31.999  0.413  -20.491 0.8571428657
106290  32.853  1.869  -22.009 0.8571428657
107530  32.848  2.850  -21.738 0.8571428657
109966  31.755  4.821  -28.495 0.1428571492
112396  32.119  6.795  -25.549 0.5714285970
111210  29.606  5.792  -30.795 0.1428571492
113538  30.981  7.530  -27.388 0.4285714328
112421  29.815  6.769  -28.923 0.1428571492
111211  28.777  5.948  -31.050 0.1428571492
113545  29.981  7.153  -28.675 0.1428571492
113565  27.605  7.177  -30.282 0.1428571492
83665  29.694  -15.696  -13.701 0.1428571492
77418  24.767  -19.467  -13.938 0.4285714328
82206  28.963  -16.436  -17.116 0.5714285970
114674  29.531  8.926  -28.758 0.1428571492
80712  27.807  -17.382  -16.775 0.5714285970
80714  26.441  -17.625  -17.239 0.5714285970
80700  25.372  -17.671  -16.789 0.2857142985
82224  28.141  -16.808  -17.575 0.5714285970
82226  26.436  -16.828  -17.358 0.5714285970
77453  24.813  -19.214  -16.480 0.4285714328
82225  27.280  -16.813  -17.698 0.5714285970
80686  24.756  -17.681  -16.057 0.2857142985
82209  25.584  -16.877  -16.478 0.4285714328
82244  29.068  -16.296  -19.152 0.4285714328
83763  28.120  -16.116  -18.480 0.5714285970
83745  27.017  -16.304  -17.650 0.5714285970
83723  26.742  -15.723  -17.157 0.4285714328
83771  28.890  -16.006  -19.685 0.5714285970
83743  28.190  -15.521  -18.567 0.5714285970
83744  27.804  -15.735  -17.941 0.4285714328
85236  28.637  -15.320  -19.409 0.7142857313
85210  28.409  -14.917  -18.603 0.4285714328
85235  28.843  -14.718  -19.413 0.4285714328
82208  26.069  -16.402  -16.777 0.4285714328
82188  25.231  -16.609  -15.784 0.2857142985
83722  27.379  -15.354  -17.270 0.4285714328
85249  29.141  -15.369  -19.967 0.7142857313
88183  29.635  -13.434  -19.573 0.7142857313
88142  29.013  -12.984  -17.715 0.4285714328
89750  29.927  -11.845  -18.534 0.7142857313
91240  29.069  -11.553  -17.742 0.5714285970
91255  29.414  -10.883  -17.951 0.2857142985
88163  29.379  -12.934  -18.679 0.7142857313
89749  30.633  -11.719  -19.392 0.7142857313
91254  30.403  -10.812  -18.486 0.7142857313
92648  30.755  -9.916  -18.632 0.7142857313
92649  30.091  -9.737  -18.157 0.7142857313
92650  29.089  -9.511  -17.836 0.4285714328
93840  29.726  -8.602  -18.272 0.4285714328
88214  30.946  -13.476  -21.735 0.5714285970
88182  30.174  -12.864  -20.003 0.5714285970
89783  30.747  -12.547  -21.434 0.5714285970
89748  31.284  -11.171  -19.462 0.5714285970
92663  31.402  -9.664  -19.056 0.7142857313
93839  30.839  -8.797  -18.455 0.7142857313
94963  31.267  -7.573  -18.644 0.7142857313
94964  30.265  -7.617  -18.580 0.5714285970
96163  30.744  -6.589  -18.561 0.5714285970
91299  31.190  -10.586  -23.013 0.7142857313
91281  31.924  -10.743  -20.748 0.5714285970
91268  31.618  -10.565  -19.650 0.5714285970
92677  32.366  -9.797  -20.754 0.7142857313
92678  32.015  -9.523  -19.900 0.7142857313
94977  31.931  -7.428  -19.232 0.8571428657
94965  29.205  -7.548  -18.605 0.4285714328
96162  31.610  -6.495  -18.808 0.7142857313
97404  31.679  -5.928  -18.720 0.7142857313
97406  30.257  -5.657  -18.537 0.5714285970
98594  30.595  -5.041  -18.793 0.7142857313
91280  32.293  -10.294  -21.259 0.5714285970
93858  31.827  -8.552  -19.089 0.7142857313
94976  32.413  -7.274  -20.041 0.8571428657
96174  32.271  -6.189  -19.860 0.8571428657
97420  31.521  -5.260  -18.842 0.7142857313
98595  29.908  -4.827  -18.971 0.5714285970
101041  29.289  -2.768  -19.111 0.2857142985
97418  32.233  -5.625  -19.697 0.7142857313
102370  29.623  -1.722  -19.052 0.7142857313
98610  31.670  -5.066  -19.029 0.8571428657
99811  30.410  -4.291  -18.704 0.8571428657
102387  31.139  -2.080  -18.975 0.8571428657
99826  31.477  -3.928  -18.710 0.8571428657
101055  29.884  -2.380  -18.970 0.5714285970
102388  30.164  -2.046  -19.034 0.8571428657
103676  29.823  -1.400  -18.997 0.8571428657
103658  29.712  -0.953  -18.814 0.7142857313
101053  31.064  -3.000  -19.074 0.8571428657
103675  30.377  -1.297  -18.952 0.8571428657
103657  30.962  -0.136  -18.330 0.8571428657
104996  29.990  0.588  -18.288 0.7142857313
108684  30.721  3.402  -19.670 0.7142857313
108685  29.733  3.700  -19.860 0.7142857313
108695  31.631  3.889  -20.654 0.5714285970
108697  30.272  3.900  -20.176 0.7142857313
109911  31.387  4.739  -21.019 0.7142857313
111132  31.355  5.050  -21.339 0.8571428657
111149  30.666  5.875  -22.191 0.7142857313
111123  29.694  5.048  -21.198 0.7142857313
112376  30.315  6.504  -22.780 0.7142857313
113508  30.595  7.085  -23.176 0.7142857313
112377  29.579  6.481  -22.504 0.5714285970
112374  31.901  6.070  -22.600 0.7142857313
113519  31.196  7.303  -23.437 0.7142857313
113509  29.672  7.413  -23.244 0.5714285970
113527  30.923  7.772  -23.803 0.4285714328
113520  30.478  7.776  -23.480 0.5714285970
114639  29.375  7.896  -23.946 0.5714285970
112386  31.698  6.954  -23.174 0.5714285970
113510  28.671  6.921  -23.055 0.5714285970
114658  31.126  8.216  -24.540 0.5714285970
114649  29.752  8.370  -23.636 0.5714285970
114650  29.173  8.312  -24.176 0.5714285970
114640  28.675  7.763  -23.999 0.4285714328
114641  27.575  7.605  -23.285 0.5714285970
114651  27.529  7.014  -23.237 0.4285714328
115687  28.772  8.529  -24.013 0.5714285970
114662  30.879  8.636  -24.922 0.5714285970
115689  26.283  8.783  -22.524 0.4285714328
112381  25.486  6.760  -22.459 0.4285714328
115688  28.061  8.952  -23.397 0.5714285970
116729  26.949  10.800  -23.108 0.4285714328
91291  31.557  -11.260  -21.485 0.5714285970
116728  27.815  10.286  -23.508 0.2857142985
116718  27.169  9.809  -22.881 0.4285714328
116719  26.502  10.135  -22.432 0.2857142985
80699  26.521  -17.998  -16.715 0.5714285970
77444  25.567  -19.071  -16.633 0.5714285970
82223  28.963  -16.333  -18.224 0.2857142985
79094  25.901  -18.487  -17.093 0.5714285970
83761  29.500  -15.858  -18.846 0.2857142985
82245  28.508  -16.282  -18.583 0.5714285970
80701  24.952  -18.156  -16.654 0.2857142985
83701  26.220  -15.659  -16.224 0.4285714328
85185  27.715  -14.898  -17.263 0.4285714328
85211  28.120  -14.831  -17.693 0.5714285970
83703  24.766  -15.651  -15.482 0.2857142985
85167  26.013  -14.826  -15.793 0.2857142985
86669  29.080  -13.970  -18.358 0.5714285970
89751  27.355  -11.253  -17.882 0.2857142985
98609  32.229  -5.067  -19.641 0.8571428657
101040  30.219  -3.335  -18.610 0.7142857313
107503  29.856  2.398  -18.588 0.7142857313
108676  29.810  3.072  -19.080 0.7142857313
107504  29.067  2.364  -18.786 0.7142857313
111150  30.082  5.987  -22.370 0.7142857313
113499  28.303  6.621  -22.579 0.5714285970
114642  26.485  7.680  -22.926 0.2857142985
112391  32.553  6.365  -24.068 0.5714285970
113518  31.814  7.175  -23.568 0.5714285970
113530  32.300  6.793  -24.495 0.5714285970
113526  31.437  7.687  -24.171 0.5714285970
115702  29.225  9.273  -23.940 0.5714285970
86641  27.613  -13.972  -16.851 0.4285714328
92690  32.408  -9.647  -21.541 0.7142857313
93873  32.386  -8.642  -20.574 0.7142857313
111148  31.533  5.471  -22.098 0.8571428657
85260  29.936  -15.457  -20.387 0.5714285970
104997  29.000  0.505  -18.070 0.7142857313
89766  30.603  -12.199  -20.526 0.5714285970
80713  27.247  -17.512  -17.189 0.5714285970
80715  25.936  -17.589  -17.228 0.5714285970
82227  25.876  -17.103  -16.974 0.4285714328
77451  25.426  -18.853  -16.965 0.5714285970
80685  25.216  -17.215  -16.294 0.4285714328
82246  28.066  -16.291  -17.974 0.5714285970
79089  25.676  -19.301  -15.933 0.5714285970
82187  25.827  -16.276  -16.100 0.4285714328
82258  28.764  -16.211  -19.293 0.5714285970
85166  26.625  -14.934  -16.270 0.4285714328
85209  28.838  -14.389  -18.930 0.5714285970
86670  28.384  -13.954  -17.504 0.4285714328
86696  29.211  -13.991  -19.156 0.5714285970
89731  29.364  -12.043  -17.907 0.5714285970
89732  28.745  -12.049  -17.512 0.4285714328
89733  27.885  -11.779  -17.498 0.4285714328
88143  28.247  -12.786  -17.078 0.4285714328
88162  30.053  -12.625  -19.173 0.7142857313
91241  28.599  -11.266  -17.706 0.2857142985
89765  31.340  -11.459  -20.114 0.7142857313
89782  31.088  -11.603  -21.101 0.5714285970
93874  32.213  -8.712  -19.743 0.5714285970
96164  29.760  -6.572  -18.612 0.2857142985
99812  29.582  -3.852  -18.790 0.5714285970
99813  28.679  -3.438  -19.268 0.2857142985
101054  31.093  -2.992  -18.799 0.8571428657
109912  30.801  4.772  -20.893 0.7142857313
111133  30.840  5.331  -21.443 0.7142857313
112375  31.300  6.513  -22.786 0.8571428657
115701  29.972  8.813  -24.009 0.7142857313
115703  28.412  9.669  -23.711 0.5714285970
86621  26.044  -14.150  -15.986 0.1428571492
86642  26.562  -13.931  -16.442 0.4285714328
75903  23.151  -20.729  -13.400 0.4285714328
85184  30.462  -14.487  -16.756 0.1428571492
83720  29.863  -15.215  -16.921 0.1428571492
85258  31.090  -14.709  -19.833 0.1428571492
86709  31.545  -13.809  -19.391 0.1428571492
86668  30.904  -14.148  -17.744 0.1428571492
86639  30.821  -14.058  -17.387 0.1428571492
88181  31.934  -13.283  -19.445 0.1428571492
86695  31.369  -13.946  -18.628 0.1428571492
86667  31.283  -13.838  -17.793 0.1428571492
88199  31.794  -13.343  -19.883 0.1428571492
88211  33.082  -13.310  -22.048 0.2857142985
86745  33.205  -13.739  -23.234 0.1428571492
106264  30.574  1.595  -18.371 0.5714285970
116779  26.738  10.616  -30.255 0.1428571492
115732  27.837  9.601  -29.572 0.1428571492
107513  28.131  2.608  -19.084 0.4285714328
108686  28.889  3.307  -19.299 0.5714285970
109915  28.021  4.179  -20.312 0.4285714328
116761  27.281  11.443  -27.564 0.2857142985
115717  29.858  10.005  -25.970 0.2857142985
115716  30.408  9.301  -25.503 0.2857142985
115721  29.899  10.076  -26.513 0.2857142985
108709  25.488  3.549  -21.837 0.1428571492
109914  28.719  4.738  -20.833 0.5714285970
111134  29.850  5.474  -21.641 0.5714285970
116750  28.420  11.138  -25.232 0.2857142985
114661  31.438  8.087  -24.986 0.4285714328
109927  26.702  4.525  -21.728 0.4285714328
111136  27.793  5.557  -21.691 0.5714285970
116749  29.112  10.483  -25.615 0.2857142985
111138  26.035  5.083  -21.840 0.4285714328
112366  26.744  6.069  -22.153 0.2857142985
116740  27.952  11.020  -24.356 0.1428571492
116739  28.867  10.341  -24.684 0.1428571492
112380  26.256  6.257  -22.439 0.1428571492
113522  27.089  6.792  -22.967 0.4285714328
116741  27.095  11.157  -23.870 0.1428571492
117868  27.801  11.706  -24.983 0.1428571492
117834  26.455  10.273  -21.606 0.1428571492
117869  26.908  11.955  -24.528 0.1428571492
117860  26.607  12.024  -23.549 0.1428571492
119065  26.280  12.715  -23.576 0.1428571492
117870  26.285  12.537  -24.081 0.1428571492
119054  26.715  12.522  -22.955 0.1428571492
77432  23.248  -19.900  -13.798 0.4285714328
79075  23.325  -18.806  -14.156 0.2857142985
86694  32.035  -13.250  -18.400 0.1428571492
88198  32.144  -12.984  -20.618 0.1428571492
106266  28.517  1.662  -18.509 0.2857142985
112395  32.432  6.385  -24.907 0.4285714328
114669  30.763  8.584  -27.062 0.2857142985
117879  27.767  11.573  -25.754 0.2857142985
116754  29.239  10.418  -26.578 0.2857142985
117880  27.444  12.148  -25.331 0.2857142985
79076  22.587  -18.813  -13.446 0.2857142985
82147  28.348  -16.568  -13.735 0.1428571492
82134  27.904  -16.965  -13.159 0.1428571492
83680  30.174  -15.095  -15.064 0.1428571492
85165  30.623  -14.573  -15.610 0.1428571492
86746  32.408  -14.001  -22.902 0.1428571492
86719  32.141  -13.993  -21.239 0.1428571492
111152  25.512  5.443  -22.341 0.1428571492
104998  27.986  1.089  -18.373 0.4285714328
109928  25.959  4.349  -21.762 0.2857142985
112364  28.052  6.398  -22.014 0.5714285970
114665  31.583  7.849  -25.445 0.4285714328
117886  27.602  11.539  -26.689 0.2857142985
116760  28.045  10.948  -27.307 0.2857142985
115723  30.137  9.442  -27.610 0.2857142985
116759  29.331  10.147  -27.552 0.2857142985
116766  28.311  10.333  -28.469 0.2857142985
116767  26.987  11.379  -28.293 0.1428571492
116774  25.844  11.186  -28.981 0.1428571492
119075  27.092  12.572  -24.926 0.2857142985
117887  27.166  11.976  -26.237 0.2857142985
116772  27.940  10.103  -29.195 0.1428571492
116773  27.123  10.633  -29.486 0.1428571492
114675  28.947  9.138  -28.814 0.1428571492
115729  28.465  9.536  -28.930 0.1428571492
86744  33.766  -13.473  -23.693 0.2857142985
117893  26.736  11.863  -27.421 0.2857142985
115727  29.792  9.248  -28.265 0.2857142985
115728  29.106  9.538  -28.483 0.1428571492
86732  32.882  -13.751  -22.611 0.4285714328
113531  31.933  7.287  -24.947 0.4285714328
114666  31.196  8.513  -25.896 0.2857142985
114673  30.343  8.450  -28.203 0.2857142985
108687  27.885  3.457  -19.735 0.4285714328
109903  29.286  4.321  -20.325 0.5714285970
111124  29.363  5.066  -21.215 0.5714285970
112363  28.885  6.522  -21.993 0.5714285970
116727  28.449  10.106  -24.069 0.2857142985
106265  29.525  1.551  -18.236 0.5714285970
111135  28.696  5.536  -21.578 0.5714285970
112378  27.660  6.474  -22.594 0.5714285970
115714  29.541  9.659  -25.117 0.2857142985
89781  32.506  -12.448  -20.040 0.1428571492
107514  27.059  2.763  -19.767 0.2857142985
116755  28.357  11.009  -26.181 0.2857142985
115720  30.427  9.599  -26.598 0.2857142985
108707  27.062  4.060  -21.456 0.2857142985
109926  27.627  4.581  -21.367 0.4285714328
111137  26.971  5.329  -22.037 0.4285714328
109925  28.253  5.021  -21.526 0.5714285970
112365  27.325  6.188  -22.052 0.5714285970
89780  32.928  -12.231  -20.397 0.1428571492
105005  26.908  1.069  -18.647 0.2857142985
116765  29.130  9.983  -28.177 0.2857142985
98596  29.005  -4.590  -18.951 0.2857142985
120270  27.469  12.862  -26.166 0.1428571492
119094  27.117  13.538  -26.903 0.1428571492
120236  27.830  13.365  -23.740 0.1428571492
120269  28.111  13.382  -26.169 0.1428571492
119093  26.920  12.556  -26.811 0.1428571492
120237  26.965  13.265  -24.162 0.1428571492
120254  28.035  13.257  -24.835 0.1428571492
120268  28.961  14.017  -25.676 0.1428571492
157538  27.779  14.325  -27.035 0.1428571492
119087  27.329  12.522  -25.737 0.1428571492
121363  29.690  14.749  -25.430 0.1428571492
157537  28.822  14.574  -26.825 0.1428571492
120253  28.954  13.851  -24.644 0.1428571492
122439  29.306  15.496  -26.654 0.1428571492
120276  27.186  14.656  -28.213 0.1428571492
83777  30.422  -15.949  -19.943 0.2857142985
117894  26.092  12.244  -27.624 0.1428571492
119099  26.290  12.960  -27.812 0.1428571492
83770  29.599  -16.091  -19.848 0.4285714328
79082  26.161  -18.750  -15.445 0.4285714328
80672  26.723  -18.129  -14.925 0.2857142985
80671  27.458  -17.529  -14.444 0.1428571492
80684  26.535  -18.045  -15.874 0.2857142985
80683  27.270  -17.661  -15.430 0.1428571492
80698  27.152  -17.613  -16.351 0.2857142985
79072  26.108  -18.663  -14.472 0.2857142985
112387  27.532  6.602  -22.898 0.4285714328
82207  28.362  -16.912  -16.496 0.2857142985
79083  25.573  -19.224  -15.055 0.4285714328
79088  26.133  -18.726  -16.341 0.4285714328
108698  27.202  3.598  -20.771 0.2857142985
77431  24.070  -19.313  -14.370 0.2857142985
77430  24.906  -19.456  -14.737 0.2857142985
79074  23.661  -18.904  -14.564 0.2857142985
77439  24.483  -19.214  -15.259 0.2857142985
88120  27.633  -13.115  -16.855 0.2857142985
88144  27.298  -12.488  -17.220 0.2857142985
91256  28.429  -10.384  -17.810 0.1428571492
92651  28.131  -9.525  -18.408 0.1428571492
93841  28.688  -8.571  -18.578 0.2857142985
99828  27.742  -3.534  -19.680 0.1428571492
101056  28.056  -2.600  -19.681 0.1428571492
102371  28.755  -1.814  -19.127 0.1428571492
102389  28.183  -1.978  -19.288 0.1428571492
102372  27.737  -1.308  -19.007 0.1428571492
103660  27.075  -0.545  -18.753 0.1428571492
107515  26.554  2.341  -19.922 0.1428571492
108700  25.918  3.025  -21.159 0.1428571492
107524  26.274  2.668  -20.509 0.1428571492
114652  27.130  7.128  -23.097 0.1428571492
157496  25.506  8.056  -22.993 0.1428571492
112382  24.689  6.491  -22.170 0.1428571492
157497  25.470  8.641  -22.783 0.1428571492
157498  25.030  8.967  -22.785 0.1428571492
157501  25.507  9.226  -22.470 0.1428571492
77433  22.499  -19.850  -13.418 0.2857142985
79073  25.461  -19.198  -14.099 0.1428571492
103659  28.099  -0.394  -18.651 0.2857142985
103677  27.297  0.343  -18.683 0.1428571492
108699  26.355  3.289  -21.074 0.1428571492
75905  22.307  -20.306  -13.235 0.2857142985
85186  27.257  -14.889  -16.683 0.2857142985
88121  26.920  -13.088  -16.777 0.2857142985
93842  27.711  -8.613  -18.842 0.1428571492
96165  28.753  -6.477  -18.780 0.1428571492
97421  28.478  -5.480  -19.129 0.1428571492
97407  29.351  -5.582  -18.782 0.1428571492
99829  26.804  -3.603  -19.827 0.1428571492
101057  27.064  -2.734  -19.559 0.1428571492
102390  27.402  -1.981  -19.251 0.1428571492
106283  25.941  2.186  -20.593 0.1428571492
157495  24.884  7.736  -22.364 0.1428571492
157494  25.999  7.450  -22.684 0.1428571492
88122  26.383  -13.218  -16.945 0.2857142985
101042  28.677  -2.454  -19.331 0.1428571492
106275  27.587  1.932  -19.102 0.1428571492
89734  27.031  -11.850  -17.701 0.1428571492
77422  21.821  -19.570  -12.491 0.1428571492
77421  22.222  -19.278  -13.009 0.1428571492
79065  21.508  -18.697  -11.899 0.1428571492
79063  22.232  -18.760  -13.018 0.1428571492
79084  23.901  -18.641  -14.942 0.1428571492
86777  33.502  -12.869  -24.227 0.1428571492
86776  33.856  -12.727  -24.390 0.1428571492
106328  31.689  1.082  -24.588 0.1428571492
75894  22.005  -20.663  -12.770 0.1428571492
80662  22.038  -17.664  -13.234 0.1428571492
79085  23.522  -18.496  -14.520 0.1428571492
79090  24.376  -18.589  -15.712 0.1428571492
82166  23.745  -16.995  -14.867 0.1428571492
106327  32.542  1.913  -25.042 0.1428571492
82189  24.318  -16.608  -15.304 0.1428571492
75893  22.733  -21.067  -13.100 0.1428571492
88259  33.508  -12.259  -24.382 0.1428571492
80673  24.143  -17.734  -15.192 0.1428571492
85168  25.200  -14.856  -15.596 0.1428571492
79064  22.023  -18.586  -12.566 0.1428571492
80674  23.465  -17.726  -14.547 0.1428571492
75904  22.651  -20.503  -13.399 0.2857142985
77434  22.092  -19.970  -13.086 0.2857142985
77438  25.056  -19.551  -15.583 0.2857142985
77445  25.128  -19.392  -16.303 0.5714285970
77446  24.676  -19.228  -16.023 0.1428571492
77452  25.065  -19.099  -16.816 0.4285714328
79052  24.428  -19.475  -11.839 0.2857142985
79095  25.251  -18.476  -16.938 0.5714285970
79096  24.700  -18.689  -16.492 0.4285714328
79101  25.956  -18.004  -17.358 0.5714285970
79102  25.640  -18.088  -17.188 0.5714285970
80660  23.284  -18.212  -14.293 0.1428571492
80682  27.909  -17.340  -15.046 0.1428571492
80697  27.782  -17.256  -15.939 0.1428571492
82165  27.795  -17.136  -14.364 0.2857142985
82257  29.077  -16.185  -19.536 0.5714285970
83702  25.612  -15.647  -15.680 0.4285714328
83762  28.394  -15.800  -19.000 0.5714285970
83778  30.190  -15.889  -20.320 0.5714285970
85187  25.518  -14.308  -15.911 0.1428571492
85207  30.949  -14.226  -17.973 0.1428571492
85208  30.568  -14.547  -17.895 0.1428571492
85234  30.544  -14.939  -18.847 0.2857142985
85247  31.055  -14.545  -19.142 0.1428571492
85250  28.726  -15.671  -19.603 0.5714285970
86620  26.325  -14.445  -16.092 0.4285714328
86640  28.006  -13.456  -17.001 0.2857142985
86671  27.958  -14.416  -17.316 0.4285714328
86708  32.009  -13.284  -19.152 0.1428571492
86711  29.294  -14.351  -19.917 0.5714285970
86760  33.873  -13.177  -24.266 0.2857142985
88228  31.250  -13.718  -22.264 0.7142857313
88241  33.115  -12.648  -24.094 0.1428571492
88260  32.840  -12.157  -24.249 0.4285714328
89793  31.185  -11.102  -22.476 0.8571428657
89795  31.008  -12.777  -21.890 0.8571428657
89805  31.018  -11.327  -22.785 0.8571428657
89806  31.247  -11.953  -23.029 0.7142857313
89817  31.764  -11.841  -23.581 0.8571428657
91242  27.937  -10.990  -17.755 0.2857142985
91253  31.085  -10.661  -19.021 0.5714285970
92717  31.567  -9.089  -24.158 0.5714285970
93857  32.184  -8.110  -19.698 0.5714285970
93919  31.491  -8.218  -24.063 0.1428571492
93930  31.910  -8.417  -24.868 0.1428571492
95009  31.834  -7.510  -23.084 0.7142857313
95039  31.086  -7.042  -25.132 0.1428571492
96175  32.116  -6.611  -19.346 0.7142857313
96229  31.726  -6.334  -23.239 0.4285714328
97405  31.217  -5.654  -18.657 0.7142857313
97419  32.013  -5.715  -19.039 0.7142857313
97449  32.689  -5.387  -21.285 0.8571428657
97460  32.807  -5.181  -21.738 0.8571428657
97479  29.779  -4.849  -23.680 0.1428571492
97485  30.926  -5.808  -23.895 0.1428571492
97487  29.549  -4.684  -24.156 0.1428571492
98611  31.101  -4.938  -18.823 0.7142857313
98639  32.723  -4.964  -21.575 0.8571428657
98651  32.753  -4.866  -21.924 0.8571428657
98654  30.749  -4.352  -22.815 0.5714285970
99827  30.899  -3.873  -18.526 0.8571428657
99856  31.792  -3.628  -22.183 0.8571428657
101080  32.127  -2.789  -22.019 0.8571428657
102385  31.666  -1.886  -20.145 0.8571428657
102386  31.436  -1.990  -19.847 0.8571428657
102430  32.227  -1.946  -22.038 0.8571428657
103656  31.534  -0.251  -18.892 0.8571428657
105043  31.895  0.884  -23.762 0.2857142985
106277  26.242  1.979  -20.104 0.1428571492
106281  32.528  2.140  -21.194 0.8571428657
106313  31.823  0.914  -24.034 0.1428571492
107502  30.676  2.682  -18.946 0.7142857313
107511  31.583  2.800  -19.859 0.8571428657
107512  31.106  2.906  -19.343 0.7142857313
107521  32.348  3.149  -20.839 0.8571428657
107523  26.686  3.121  -20.487 0.1428571492
107547  33.188  2.811  -24.689 0.4285714328
107548  32.910  2.734  -25.092 0.4285714328
108675  30.241  3.220  -19.365 0.7142857313
108677  29.400  2.817  -18.865 0.7142857313
108683  31.194  3.557  -20.073 0.5714285970
108694  32.021  3.676  -21.119 0.8571428657
108696  30.769  4.072  -20.292 0.7142857313
108705  32.238  3.759  -21.774 0.8571428657
108708  26.475  3.868  -21.492 0.2857142985
108715  33.147  3.962  -23.120 0.8571428657
108729  33.167  3.111  -25.001 0.4285714328
108732  33.282  4.029  -25.641 0.5714285970
109904  28.826  4.044  -20.033 0.4285714328
109905  28.392  3.763  -19.821 0.4285714328
109913  29.872  4.576  -20.784 0.7142857313
109922  31.795  4.528  -21.535 0.8571428657
109923  30.446  5.145  -21.268 0.7142857313
109924  30.249  4.986  -21.143 0.7142857313
109935  32.707  4.534  -22.736 0.8571428657
109943  33.144  4.514  -23.460 0.8571428657
109944  32.949  4.891  -23.270 0.7142857313
109950  33.225  4.639  -25.185 0.5714285970
109951  32.743  4.981  -25.688 0.4285714328
111121  31.275  4.918  -21.144 0.8571428657
111122  31.052  5.009  -21.146 0.8571428657
111147  32.262  5.523  -22.667 0.7142857313
111151  26.269  5.677  -22.135 0.2857142985
111162  33.228  5.111  -23.925 0.7142857313
111170  32.414  5.631  -26.098 0.5714285970
111171  31.897  5.942  -26.700 0.1428571492
111178  30.961  5.993  -28.112 0.1428571492
112379  27.069  6.483  -22.647 0.4285714328
112385  32.243  6.524  -23.171 0.5714285970
112388  27.323  6.660  -22.914 0.4285714328
112403  31.950  6.555  -26.244 0.5714285970
113500  28.026  6.520  -22.603 0.5714285970
113511  27.884  6.680  -23.084 0.4285714328
113512  26.505  6.942  -22.800 0.4285714328
113521  27.456  6.795  -23.072 0.4285714328
113525  32.184  7.078  -24.047 0.5714285970
113534  31.712  7.471  -25.925 0.5714285970
113544  30.447  7.405  -28.303 0.1428571492
113553  30.011  7.609  -28.788 0.1428571492
113557  26.310  7.941  -30.390 0.1428571492
113567  25.973  7.663  -30.881 0.1428571492
113573  25.834  7.796  -31.416 0.1428571492
113574  25.485  8.060  -31.250 0.1428571492
114659  30.610  8.324  -24.115 0.5714285970
114682  29.833  8.206  -28.968 0.1428571492
114693  25.948  8.235  -30.460 0.1428571492
114694  25.625  8.534  -30.570 0.1428571492
114699  25.640  8.319  -31.343 0.1428571492
114700  25.507  8.351  -31.041 0.1428571492
115713  30.130  9.028  -24.589 0.7142857313
115724  29.530  9.686  -28.028 0.2857142985
116753  29.872  10.121  -26.905 0.2857142985
116758  30.031  9.901  -27.200 0.2857142985
117892  27.416  11.491  -27.244 0.2857142985
119055  26.273  13.023  -23.511 0.1428571492
119098  26.428  12.376  -27.382 0.1428571492
121370  29.359  14.902  -26.123 0.1428571492
157491  24.677  8.709  -22.181 0.1428571492
