#!ascii label  , from subject sub-01 vox2ras=TkReg
318
93874  32.213  -8.712  -19.743 0.0000000000
82245  28.508  -16.282  -18.583 0.0000000000
102370  29.623  -1.722  -19.052 0.0000000000
114650  29.173  8.312  -24.176 0.0000000000
80713  27.247  -17.512  -17.189 0.0000000000
103694  32.051  -0.705  -20.249 0.0000000000
107510  32.016  2.851  -20.359 0.0000000000
92649  30.091  -9.737  -18.157 0.0000000000
88162  30.053  -12.625  -19.173 0.0000000000
89794  31.252  -11.945  -22.122 0.0000000000
94998  32.262  -7.553  -22.325 0.0000000000
91313  31.835  -10.741  -23.716 0.0000000000
97420  31.521  -5.260  -18.842 0.0000000000
99841  32.056  -3.744  -20.672 0.0000000000
112363  28.885  6.522  -21.993 0.0000000000
109936  32.095  4.898  -22.212 0.0000000000
85259  30.599  -15.247  -20.244 0.0000000000
107503  29.856  2.398  -18.588 0.0000000000
108685  29.733  3.700  -19.860 0.0000000000
93839  30.839  -8.797  -18.455 0.0000000000
89748  31.284  -11.171  -19.462 0.0000000000
91281  31.924  -10.743  -20.748 0.0000000000
82224  28.141  -16.808  -17.575 0.0000000000
101040  30.219  -3.335  -18.610 0.0000000000
99825  31.886  -4.213  -19.680 0.0000000000
101053  31.064  -3.000  -19.074 0.0000000000
105020  32.013  0.450  -21.597 0.0000000000
102417  31.828  -1.350  -21.697 0.0000000000
115688  28.061  8.952  -23.397 0.0000000000
112378  27.660  6.474  -22.594 0.0000000000
113509  29.672  7.413  -23.244 0.0000000000
112410  31.401  6.554  -26.993 0.0000000000
112402  32.380  6.195  -25.629 0.0000000000
112391  32.553  6.365  -24.068 0.0000000000
111166  33.176  5.119  -24.618 0.0000000000
108723  33.337  3.758  -23.829 0.0000000000
86735  31.157  -13.965  -21.202 0.0000000000
86710  29.922  -13.911  -20.290 0.0000000000
79094  25.901  -18.487  -17.093 0.0000000000
103675  30.377  -1.297  -18.952 0.0000000000
104995  31.270  0.407  -18.629 0.0000000000
106274  32.072  1.501  -19.892 0.0000000000
106291  32.433  1.356  -21.554 0.0000000000
91240  29.069  -11.553  -17.742 0.0000000000
91254  30.403  -10.812  -18.486 0.0000000000
89766  30.603  -12.199  -20.526 0.0000000000
86747  31.679  -14.164  -22.504 0.0000000000
94987  32.518  -7.512  -21.217 0.0000000000
92690  32.408  -9.647  -21.541 0.0000000000
92716  31.744  -9.615  -23.614 0.0000000000
94963  31.267  -7.573  -18.644 0.0000000000
97406  30.257  -5.657  -18.537 0.0000000000
96162  31.610  -6.495  -18.808 0.0000000000
96188  32.624  -6.414  -20.711 0.0000000000
97448  32.727  -5.191  -21.505 0.0000000000
97462  31.896  -5.110  -22.820 0.0000000000
102403  31.837  -1.793  -20.573 0.0000000000
101081  31.763  -3.221  -22.480 0.0000000000
111124  29.363  5.066  -21.215 0.0000000000
114658  31.126  8.216  -24.540 0.0000000000
113519  31.196  7.303  -23.437 0.0000000000
111149  30.666  5.875  -22.191 0.0000000000
109912  30.801  4.772  -20.893 0.0000000000
108706  31.880  3.937  -21.272 0.0000000000
107537  32.976  2.546  -22.633 0.0000000000
83743  28.190  -15.521  -18.567 0.0000000000
88163  29.379  -12.934  -18.679 0.0000000000
91300  30.920  -11.257  -23.121 0.0000000000
86762  32.463  -13.499  -23.482 0.0000000000
108686  28.889  3.307  -19.299 0.0000000000
93858  31.827  -8.552  -19.089 0.0000000000
92678  32.015  -9.523  -19.900 0.0000000000
92677  32.366  -9.797  -20.754 0.0000000000
79089  25.676  -19.301  -15.933 0.0000000000
77444  25.567  -19.071  -16.633 0.0000000000
82246  28.066  -16.291  -17.974 0.0000000000
101055  29.884  -2.380  -18.970 0.0000000000
101054  31.093  -2.992  -18.799 0.0000000000
102388  30.164  -2.046  -19.034 0.0000000000
105030  31.631  0.328  -22.714 0.0000000000
103714  31.421  -0.723  -22.281 0.0000000000
115687  28.772  8.529  -24.013 0.0000000000
114641  27.575  7.605  -23.285 0.0000000000
113510  28.671  6.921  -23.055 0.0000000000
114639  29.375  7.896  -23.946 0.0000000000
111167  32.733  5.509  -25.217 0.0000000000
109954  32.957  4.516  -25.755 0.0000000000
86734  31.669  -14.252  -21.631 0.0000000000
83745  27.017  -16.304  -17.650 0.0000000000
104996  29.990  0.588  -18.288 0.0000000000
104997  29.000  0.505  -18.070 0.0000000000
107501  31.223  2.538  -19.247 0.0000000000
106263  31.388  1.719  -19.103 0.0000000000
106282  32.315  1.335  -20.802 0.0000000000
106273  32.243  2.309  -20.407 0.0000000000
115703  28.412  9.669  -23.711 0.0000000000
91255  29.414  -10.883  -17.951 0.0000000000
89782  31.088  -11.603  -21.101 0.0000000000
89765  31.340  -11.459  -20.114 0.0000000000
89783  30.747  -12.547  -21.434 0.0000000000
88214  30.946  -13.476  -21.735 0.0000000000
88213  31.138  -13.062  -22.185 0.0000000000
80714  26.441  -17.625  -17.239 0.0000000000
80699  26.521  -17.998  -16.715 0.0000000000
93889  32.256  -8.596  -21.906 0.0000000000
93903  32.058  -8.516  -23.204 0.0000000000
94964  30.265  -7.617  -18.580 0.0000000000
98595  29.908  -4.827  -18.971 0.0000000000
98594  30.595  -5.041  -18.793 0.0000000000
97404  31.679  -5.928  -18.720 0.0000000000
96174  32.271  -6.189  -19.860 0.0000000000
97418  32.233  -5.625  -19.697 0.0000000000
98626  32.459  -4.667  -20.435 0.0000000000
98640  32.363  -4.495  -21.448 0.0000000000
98652  32.315  -4.646  -22.268 0.0000000000
98641  32.024  -4.123  -22.003 0.0000000000
103674  31.833  -0.815  -19.636 0.0000000000
103673  31.703  -1.572  -19.855 0.0000000000
103693  31.890  -1.400  -20.042 0.0000000000
101096  32.018  -2.286  -22.389 0.0000000000
99870  31.284  -3.632  -22.580 0.0000000000
112364  28.052  6.398  -22.014 0.0000000000
112365  27.325  6.188  -22.052 0.0000000000
111136  27.793  5.557  -21.691 0.0000000000
109925  28.253  5.021  -21.526 0.0000000000
111135  28.696  5.536  -21.578 0.0000000000
113537  31.470  7.199  -26.634 0.0000000000
113535  31.276  7.881  -26.602 0.0000000000
113526  31.437  7.687  -24.171 0.0000000000
113518  31.814  7.175  -23.568 0.0000000000
111159  32.748  5.463  -23.459 0.0000000000
112374  31.901  6.070  -22.600 0.0000000000
111148  31.533  5.471  -22.098 0.0000000000
111133  30.840  5.331  -21.443 0.0000000000
111132  31.355  5.050  -21.339 0.0000000000
109911  31.387  4.739  -21.019 0.0000000000
109921  32.127  4.398  -22.111 0.0000000000
107541  33.460  2.905  -24.070 0.0000000000
107536  33.344  3.131  -23.228 0.0000000000
107542  33.030  2.283  -23.509 0.0000000000
85211  28.120  -14.831  -17.693 0.0000000000
89750  29.927  -11.845  -18.534 0.0000000000
89731  29.364  -12.043  -17.907 0.0000000000
86722  29.713  -14.778  -20.342 0.0000000000
85260  29.936  -15.457  -20.387 0.0000000000
85249  29.141  -15.369  -19.967 0.0000000000
91299  31.190  -10.586  -23.013 0.0000000000
91314  31.277  -11.244  -23.318 0.0000000000
106265  29.525  1.551  -18.236 0.0000000000
107504  29.067  2.364  -18.786 0.0000000000
108676  29.810  3.072  -19.080 0.0000000000
108684  30.721  3.402  -19.670 0.0000000000
92648  30.755  -9.916  -18.632 0.0000000000
92663  31.402  -9.664  -19.056 0.0000000000
91268  31.618  -10.565  -19.650 0.0000000000
91291  31.557  -11.260  -21.485 0.0000000000
82225  27.280  -16.813  -17.698 0.0000000000
80712  27.807  -17.382  -16.775 0.0000000000
82206  28.963  -16.436  -17.116 0.0000000000
96212  32.142  -6.612  -22.729 0.0000000000
93904  31.679  -7.938  -23.494 0.0000000000
99812  29.582  -3.852  -18.790 0.0000000000
99811  30.410  -4.291  -18.704 0.0000000000
98610  31.670  -5.066  -19.029 0.0000000000
99826  31.477  -3.928  -18.710 0.0000000000
101052  31.892  -2.739  -20.068 0.0000000000
103705  31.842  -0.509  -21.189 0.0000000000
102404  31.911  -1.196  -21.061 0.0000000000
113499  28.303  6.621  -22.579 0.0000000000
112377  29.579  6.481  -22.504 0.0000000000
112396  32.119  6.795  -25.549 0.0000000000
113530  32.300  6.793  -24.495 0.0000000000
111163  32.844  5.676  -24.371 0.0000000000
111158  33.075  5.016  -23.504 0.0000000000
109934  33.038  4.343  -23.086 0.0000000000
109947  33.353  4.467  -24.301 0.0000000000
108728  33.390  3.613  -24.786 0.0000000000
88200  30.526  -13.408  -20.871 0.0000000000
86721  30.474  -14.507  -20.550 0.0000000000
77451  25.426  -18.853  -16.965 0.0000000000
80715  25.936  -17.589  -17.228 0.0000000000
82226  26.436  -16.828  -17.358 0.0000000000
83763  28.120  -16.116  -18.480 0.0000000000
103658  29.712  -0.953  -18.814 0.0000000000
103676  29.823  -1.400  -18.997 0.0000000000
103657  30.962  -0.136  -18.330 0.0000000000
106264  30.574  1.595  -18.371 0.0000000000
105004  31.775  0.412  -19.567 0.0000000000
105012  31.999  0.413  -20.491 0.0000000000
105019  32.254  1.100  -22.320 0.0000000000
115702  29.225  9.273  -23.940 0.0000000000
89749  30.633  -11.719  -19.392 0.0000000000
88182  30.174  -12.864  -20.003 0.0000000000
86748  31.268  -14.132  -21.938 0.0000000000
86733  32.388  -14.013  -22.075 0.0000000000
93873  32.386  -8.642  -20.574 0.0000000000
92702  32.312  -9.751  -22.693 0.0000000000
93918  31.678  -8.888  -23.795 0.0000000000
91329  32.505  -10.765  -24.243 0.0000000000
96163  30.744  -6.589  -18.561 0.0000000000
94977  31.931  -7.428  -19.232 0.0000000000
94976  32.413  -7.274  -20.041 0.0000000000
98609  32.229  -5.067  -19.641 0.0000000000
97434  32.480  -5.551  -20.242 0.0000000000
96201  32.723  -6.536  -21.808 0.0000000000
97461  32.623  -5.512  -22.310 0.0000000000
97476  32.029  -5.835  -22.980 0.0000000000
102387  31.139  -2.080  -18.975 0.0000000000
101069  32.057  -2.778  -21.017 0.0000000000
102416  32.086  -1.947  -21.382 0.0000000000
99855  31.987  -3.604  -21.531 0.0000000000
98653  31.560  -4.371  -22.463 0.0000000000
109914  28.719  4.738  -20.833 0.0000000000
115701  29.972  8.813  -24.009 0.0000000000
114662  30.879  8.636  -24.922 0.0000000000
114649  29.752  8.370  -23.636 0.0000000000
113520  30.478  7.776  -23.480 0.0000000000
113508  30.595  7.085  -23.176 0.0000000000
112376  30.315  6.504  -22.780 0.0000000000
112386  31.698  6.954  -23.174 0.0000000000
112375  31.300  6.513  -22.786 0.0000000000
111150  30.082  5.987  -22.370 0.0000000000
111134  29.850  5.474  -21.641 0.0000000000
111123  29.694  5.048  -21.198 0.0000000000
109903  29.286  4.321  -20.325 0.0000000000
108697  30.272  3.900  -20.176 0.0000000000
108695  31.631  3.889  -20.654 0.0000000000
107522  31.880  3.161  -20.422 0.0000000000
108716  32.927  3.468  -22.511 0.0000000000
107530  32.848  2.850  -21.738 0.0000000000
106290  32.853  1.869  -22.009 0.0000000000
106300  32.534  1.726  -22.926 0.0000000000
82258  28.764  -16.211  -19.293 0.0000000000
86669  29.080  -13.970  -18.358 0.0000000000
88183  29.635  -13.434  -19.573 0.0000000000
86696  29.211  -13.991  -19.156 0.0000000000
85209  28.838  -14.389  -18.930 0.0000000000
85236  28.637  -15.320  -19.409 0.0000000000
83771  28.890  -16.006  -19.685 0.0000000000
91280  32.293  -10.294  -21.259 0.0000000000
91290  31.934  -10.772  -21.992 0.0000000000
88242  32.478  -12.596  -23.845 0.0000000000
88243  31.838  -12.856  -23.330 0.0000000000
88227  31.427  -13.131  -22.697 0.0000000000
86763  31.866  -13.739  -23.138 0.0000000000
77445  25.128  -19.392  -16.303 0.0000000000
79095  25.251  -18.476  -16.938 0.0000000000
79101  25.956  -18.004  -17.358 0.0000000000
79102  25.640  -18.088  -17.188 0.0000000000
82257  29.077  -16.185  -19.536 0.0000000000
83762  28.394  -15.800  -19.000 0.0000000000
83778  30.190  -15.889  -20.320 0.0000000000
85250  28.726  -15.671  -19.603 0.0000000000
86711  29.294  -14.351  -19.917 0.0000000000
88228  31.250  -13.718  -22.264 0.0000000000
89793  31.185  -11.102  -22.476 0.0000000000
89795  31.008  -12.777  -21.890 0.0000000000
89805  31.018  -11.327  -22.785 0.0000000000
89806  31.247  -11.953  -23.029 0.0000000000
89817  31.764  -11.841  -23.581 0.0000000000
91253  31.085  -10.661  -19.021 0.0000000000
92717  31.567  -9.089  -24.158 0.0000000000
93857  32.184  -8.110  -19.698 0.0000000000
95009  31.834  -7.510  -23.084 0.0000000000
96164  29.760  -6.572  -18.612 0.0000000000
96175  32.116  -6.611  -19.346 0.0000000000
97405  31.217  -5.654  -18.657 0.0000000000
97407  29.351  -5.582  -18.782 0.0000000000
97419  32.013  -5.715  -19.039 0.0000000000
97449  32.689  -5.387  -21.285 0.0000000000
97460  32.807  -5.181  -21.738 0.0000000000
98611  31.101  -4.938  -18.823 0.0000000000
98639  32.723  -4.964  -21.575 0.0000000000
98651  32.753  -4.866  -21.924 0.0000000000
98654  30.749  -4.352  -22.815 0.0000000000
99827  30.899  -3.873  -18.526 0.0000000000
99856  31.792  -3.628  -22.183 0.0000000000
101041  29.289  -2.768  -19.111 0.0000000000
101080  32.127  -2.789  -22.019 0.0000000000
102385  31.666  -1.886  -20.145 0.0000000000
102386  31.436  -1.990  -19.847 0.0000000000
102430  32.227  -1.946  -22.038 0.0000000000
103656  31.534  -0.251  -18.892 0.0000000000
106281  32.528  2.140  -21.194 0.0000000000
107502  30.676  2.682  -18.946 0.0000000000
107511  31.583  2.800  -19.859 0.0000000000
107512  31.106  2.906  -19.343 0.0000000000
107521  32.348  3.149  -20.839 0.0000000000
108675  30.241  3.220  -19.365 0.0000000000
108677  29.400  2.817  -18.865 0.0000000000
108683  31.194  3.557  -20.073 0.0000000000
108694  32.021  3.676  -21.119 0.0000000000
108696  30.769  4.072  -20.292 0.0000000000
108705  32.238  3.759  -21.774 0.0000000000
108715  33.147  3.962  -23.120 0.0000000000
108732  33.282  4.029  -25.641 0.0000000000
108735  32.970  4.266  -26.002 0.0000000000
109913  29.872  4.576  -20.784 0.0000000000
109922  31.795  4.528  -21.535 0.0000000000
109923  30.446  5.145  -21.268 0.0000000000
109924  30.249  4.986  -21.143 0.0000000000
109935  32.707  4.534  -22.736 0.0000000000
109943  33.144  4.514  -23.460 0.0000000000
109944  32.949  4.891  -23.270 0.0000000000
109950  33.225  4.639  -25.185 0.0000000000
111121  31.275  4.918  -21.144 0.0000000000
111122  31.052  5.009  -21.146 0.0000000000
111147  32.262  5.523  -22.667 0.0000000000
111162  33.228  5.111  -23.925 0.0000000000
111170  32.414  5.631  -26.098 0.0000000000
112385  32.243  6.524  -23.171 0.0000000000
112403  31.950  6.555  -26.244 0.0000000000
113500  28.026  6.520  -22.603 0.0000000000
113525  32.184  7.078  -24.047 0.0000000000
113534  31.712  7.471  -25.925 0.0000000000
114659  30.610  8.324  -24.115 0.0000000000
114661  31.438  8.087  -24.986 0.0000000000
115713  30.130  9.028  -24.589 0.0000000000
